150.56719681 56.304102238 146.87939317 53.953586821 146.19954995 57.57025431 
149.7633765 56.096015857 146.07539232 53.745783719 145.39582691 57.362503418 
148.74808175 55.790807771 145.06064142 53.439722435 144.38023925 57.056284811 
147.88061908 55.482064897 144.19428073 53.129252125 143.51218415 56.745495312 
147.13532236 55.18200267 143.45034871 52.827053071 142.76615567 56.442900193 
146.4813922 54.906165395 142.79774983 52.54913393 142.11151371 56.164593862 
145.89213589 54.666770081 142.20949422 52.308175419 141.5217237 55.923343773 
145.33880733 54.47935813 141.65653798 52.120182241 140.96819686 55.735241995 
144.79266057 54.357256711 141.10983766 51.998945059 140.42234496 55.614166256 
144.22597623 54.314898657 140.54137821 51.959361372 139.85660849 55.575099326 
143.60795517 54.365614153 139.92006879 52.015228553 139.24035288 55.631919971 
142.68093256 54.314920984 138.98976635 51.969689579 138.31510354 55.587327017 
142.15531933 54.178397638 138.463828 51.833678002 137.78966675 55.451408941 
141.23344334 53.936163598 137.5412995 51.592471583 136.86814528 55.210390035 
140.57334738 53.763299971 136.88058763 51.420578517 136.2083844 55.038673783 
140.34339184 53.701633689 136.65057799 51.358997506 135.97845831 54.977108293 
139.41843645 53.459404718 135.72476495 51.118121052 135.05397031 54.736477735 
138.48834849 53.213862099 134.793778 50.873997288 134.12437318 54.492611347 
138.12698989 53.118065356 134.43200307 50.77885806 133.76324221 54.397591187 
137.33549146 52.908857611 133.63953636 50.571180491 132.97227396 54.19019022 
136.43722813 52.672126604 132.74017883 50.336180353 132.07461109 53.955502128 
135.79253189 52.501456055 132.09474612 50.166675805 131.43031978 53.786207291 
135.19300553 52.342898591 131.49455269 50.009175164 130.83116075 53.628896377 
134.39329506 52.130382207 130.69378811 49.798330159 130.0320318 53.418350755 
133.65107354 51.933282481 129.95069271 49.60261731 129.29029337 53.222885703 
133.03512153 51.779177852 129.33374811 49.450089352 128.67489116 53.070638764 
132.18510161 51.658627119 128.48097521 49.333919385 127.82640223 52.955245764 
131.49318251 51.484704731 127.78774627 49.162085364 127.13521472 52.783780147 
130.93061385 51.336058726 127.22437454 49.014721055 126.57309562 52.636641305 
130.16683469 51.133455582 126.4597885 48.813406658 125.80976891 52.435553129 
129.56525597 50.974902322 125.85757435 48.655869036 125.20854707 52.278193446 
129.02013954 50.830659885 125.31172346 48.512801256 124.66384372 52.135331086 
128.20092524 50.612637969 124.49139466 48.296563426 123.8452575 51.919404479 
127.46281121 50.416641072 123.7523757 48.10201654 123.10765454 51.725109854 
126.95362555 50.28120388 123.24250082 47.96768457 122.59885879 51.590969747 
126.50603498 50.162284225 122.79433458 47.849688604 122.15159433 51.473133857 
125.80487827 49.976198237 122.0923605 47.664915008 121.45090133 51.288587272 
125.01646224 49.76477528 121.30244551 47.455901501 120.6633378 51.079989229 
124.40051225 49.600708384 120.68583544 47.29289674 120.04776408 50.917167075 
123.84205108 49.450950717 120.12667059 47.144272106 119.4897046 50.768736876 
122.95610581 49.276205598 119.23931094 46.971806687 118.60456857 50.596661533 
122.12045753 49.199922353 118.41995279 46.869453927 117.75974593 50.489757427 
121.57431552 49.055682878 117.87354616 46.725634696 117.21375042 50.346013146 
120.95220638 48.892732849 117.25064927 46.563936309 116.59207789 50.184537678 
120.40298473 48.748498088 116.7008605 46.420603209 116.04317101 50.041364879 
119.70182903 48.563520781 115.99861572 46.237358786 115.34262086 49.858427865 
119.301462 48.457819115 115.59757322 46.132732815 114.94263012 49.753992275 
118.47301029 48.239813538 114.76858419 45.915583425 114.11447814 49.536994174 
118.12807882 48.148424014 114.42335398 45.8246701 113.76971344 49.446164899 
117.4443755 47.966743252 113.7386407 45.644600277 113.08657475 49.266378919 
116.74219379 47.780661057 113.03575391 45.459643648 112.38478796 49.081620161 
116.1272716 47.61770164 112.42039254 45.297385716 111.77011206 48.91948536 
115.77002136 47.523008968 112.06310748 45.202748662 111.41288135 48.824858062 
115.06373362 47.335826053 111.35630123 45.016394348 110.7068847 48.638648992 
114.38311069 47.153034424 110.67491006 44.834831149 110.02669364 48.457300751 
113.72096204 47.038858234 110.00171818 44.738414043 109.37083179 48.36394199 
112.8966054 47.006846611 109.25467161 44.585868169 108.50542418 48.188797368 
112.47776021 46.90228002 108.83640499 44.480431432 108.08629669 48.083181501 
111.8751572 46.74926777 108.23326644 44.328224586 107.48395496 47.931140466 
111.4121692 46.632587288 107.76992404 44.212077304 107.02114004 47.815102845 
110.73257276 46.460866385 107.09003616 44.040795002 106.34168602 47.643910682 
110.02833852 46.282538818 106.38564827 43.862698718 105.63752691 47.465861906 
110.06632198 46.292447566 106.4245925 43.871161795 105.67504102 47.474027754 
108.87343566 45.990834787 105.23018681 43.571835774 104.48289737 47.175171592 
108.24003579 45.830118367 104.59590988 43.412440816 103.84992731 47.016047418 
107.9762047 45.76407572 104.33148355 43.347295596 103.58638838 46.951085784 
107.14467505 45.553827956 103.49978563 43.137301627 102.7549414 46.741143688 
106.61803962 45.421741397 102.97307915 43.00532224 102.22834088 46.609186202 
106.5133285 45.395323198 102.86854656 42.978634769 102.12354205 46.582443701 
105.479563 45.134443312 101.83328962 42.720005728 101.09051034 46.324273959 
104.87490372 45.04343501 101.22201664 42.639015247 100.48913359 46.245308768 
103.88321715 44.961849684 100.29004412 42.46907493 99.469445209 46.056426035 
103.33502372 44.828688133 99.742464074 42.335029454 98.920982617 45.922178565 
102.912073 44.726343256 99.319577174 42.232592644 98.498003921 45.819720732 
102.20681305 44.555769105 98.614721929 42.061435573 97.792566605 45.648430297 
101.54877588 44.396197381 97.957247454 41.90105371 97.134283098 45.487862905 
101.06936349 44.280649787 97.478517213 41.784524509 96.654572477 45.371108622 
100.34665196 44.106780243 96.757034787 41.608887748 95.93132473 45.195065858 
99.643445656 43.936203739 96.055012406 41.436610731 95.227603277 45.022397209 
99.13323616 43.812951623 95.545710621 41.312056002 94.71699973 44.897541853 
98.64047862 43.692995453 95.054149356 41.190384654 94.223724072 44.775473827 
97.862332381 43.50481498 94.278165243 40.999108627 93.444644852 44.583479463 
97.151940423 43.333142496 93.570042232 40.824193761 92.73327859 44.407808854 
96.759787756 43.237396253 93.178931762 40.726960284 92.340680029 44.310227586 
95.973429424 43.044799808 92.394373566 40.531798105 91.55355394 44.114463717 
95.370827168 42.918362324 91.793460318 40.402956826 90.950234096 43.985056778 
94.74460626 42.899351434 91.173421228 40.37517714 90.321409566 43.955197623 
94.077331869 42.726509429 90.508435337 40.199100489 89.653180338 43.778347535 
93.537352394 42.595552041 89.970287681 40.065558419 89.112440062 43.64418497 
92.706851928 42.391949895 89.142994886 39.857439806 88.280614814 43.434976828 
92.004673642 42.220266687 88.444078148 39.681176667 87.577099174 43.257601976 
91.391807667 42.069488201 87.833949223 39.526564353 86.9631184 43.10205372 
90.759436819 41.914309928 87.204125629 39.367825932 86.329716171 42.942441804 
90.244095795 41.786638443 86.69096101 39.237118567 85.813498573 42.810986248 
89.503934827 41.602833125 85.953615602 39.049393914 85.072209934 42.622291139 
89.086118693 41.498268558 85.537107753 38.943011281 84.653872235 42.515456599 
88.336718831 41.311155709 84.790958431 38.751389784 83.90318313 42.322709645 
87.711534753 41.153753316 84.167787645 38.591200909 83.277205253 42.161821798 
87.057606714 40.988643334 83.515929532 38.423230864 82.622464838 41.993131615 
86.345164014 40.809226698 82.804931845 38.241820499 81.909457265 41.811217619 
85.739485337 40.654010375 82.199887974 38.085729061 81.303531018 41.6549047 
84.998293618 40.546599917 81.4584572 37.9786481 80.562432487 41.547907161 
84.564052648 40.439845888 81.024865252 37.870999654 80.127938633 41.44003218 
83.955294469 40.284634478 80.416895342 37.714702569 79.518873814 41.283459757 
83.091946113 40.065583607 79.554923415 37.493757634 78.65499133 41.062033517 
82.484214678 39.911478144 78.948021777 37.33851134 78.046938693 40.906496739 
81.781012106 39.732049095 78.245682919 37.157895653 77.343402432 40.725578438 
81.395020708 39.632974566 77.860059845 37.058315345 76.957268933 40.625869003 
80.58505471 39.42713159 77.051107916 36.851080647 76.146912319 40.418278546 
79.811018936 39.230093069 76.278152463 36.652560744 75.372461396 40.219379245 
79.258722963 39.089192376 75.726470703 36.510818397 74.819929846 40.077421011 
78.685895642 38.94278633 75.153994096 36.363931958 74.246968158 39.930411242 
78.0391552 38.777667894 74.507970649 36.19783184 73.599953352 39.764058855 
77.590543164 38.664293302 74.059819226 36.083826895 73.151165295 39.649891753 
77.015662903 38.517890622 73.485876906 35.936141367 72.575927174 39.501875796 
76.113307031 38.277863801 72.57251446 35.711230526 71.677819131 39.280823051 
75.300261329 38.087526751 71.783486962 35.488081339 70.855639431 39.049200473 
74.719221935 37.94002648 71.20467286 35.337573174 70.273778884 38.897897168 
73.962639284 37.742963885 70.446198021 35.143067879 69.5178942 38.704068096 
73.472964974 37.617471971 69.955146076 35.019440291 69.028729967 38.580932075 
72.769764119 37.435830931 69.250524777 34.839723681 68.326056733 38.401721627 
72.341684138 37.326855467 68.821526403 34.731993636 67.898318804 38.294318475 
71.327432576 37.067066669 67.805239919 34.474967656 66.884827709 38.038015775 
70.708410744 36.908551882 67.18498369 34.318131029 66.266268911 37.881617199 
70.036007266 36.737937465 66.511344238 34.149198595 65.594330371 37.71312285 
69.548386536 36.613550346 66.022791031 34.026081557 65.107061283 37.590335975 
68.894461457 36.448444624 65.367349791 33.863042973 64.453709555 37.427833577 
68.186128323 36.269026574 64.657797312 33.685289226 63.745838971 37.25051047 
67.483954692 36.091813881 63.954399135 33.509749597 63.044131158 37.075402797 
66.682203967 35.889284225 63.15139847 33.308929416 62.242857252 36.875022991 
66.257204249 35.782519415 62.726835296 33.201567371 61.817690849 36.767507205 
65.466746708 35.572223517 61.958539855 32.96122695 61.018986298 36.519275523 
64.631119909 35.356458853 61.123193954 32.745084905 60.183257645 36.303032385 
63.408476816 35.044945312 59.898444961 32.436402657 58.961379762 35.995107385 
63.299660557 35.017427667 59.789322167 32.409297534 58.852675198 35.968112363 
62.484565412 34.809383257 58.972612575 32.20342745 58.038169631 35.762821628 
63.190844447 34.987695762 59.680194143 32.379985494 58.743972825 35.938912324 
61.314277937 34.511078903 57.800144319 31.908064628 56.868682045 35.468239984 
60.650088489 34.343776011 57.134860444 31.742239889 56.204895538 35.302806671 
60.046466702 34.190776498 56.530041601 31.590858631 55.601715642 35.151853077 
59.348400753 34.014666915 55.830875283 31.416237972 54.904056967 34.97762511 
58.692424157 33.849566615 55.173901533 31.252488074 54.248450332 34.81423071 
57.985119327 33.671256764 54.465329606 31.075895764 53.541616841 34.638089647 
57.231619068 33.481944077 53.710502552 30.888383419 52.788611597 34.451049219 
56.762477964 33.364174659 53.24065595 30.771572086 52.31973432 34.334488571 
55.687663103 33.085659856 52.165615328 30.493363986 51.245003975 34.056360656 
56.037719521 33.217997959 52.516226985 30.624947878 51.594852612 34.18774731 
54.476309306 32.86602553 50.955337944 30.272267818 50.033247605 33.834882018 
53.984584056 32.742754334 50.462874977 30.149998356 49.54179815 33.712874724 
53.137666946 32.531438346 49.615305487 29.939568721 48.695125321 33.502676774 
52.522753952 32.377350038 48.999753303 29.786349299 48.080452023 33.34968421 
52.010497579 32.249681054 48.487382667 29.658835687 47.568238536 33.222211137 
51.129704244 32.029558769 47.605892237 29.439661602 46.687707079 33.003284274 
50.615394954 31.900785948 47.091214651 29.311389957 46.173536315 32.875143176 
49.707911153 31.675167979 46.182763266 29.087089392 45.266417008 32.651185359 
49.342453967 31.583817391 45.817040025 28.996101228 44.901060186 32.560291384 
48.563291071 31.390116529 45.037374943 28.803084666 44.1220869 32.367452538 
47.722534448 31.181007316 44.195773109 28.595127802 43.281649891 32.159794585 
47.004965804 31.001608321 43.477425416 28.416791651 42.564376388 31.981733726 
46.381841099 30.847533536 42.853874219 28.263299008 41.941413482 31.828391704 
45.702256233 30.666971426 42.174442393 28.082527983 41.261770539 31.647566639 
44.866625051 30.586282857 41.333108884 28.009641264 40.428317056 31.576687981 
44.138790911 30.41022122 40.605590256 27.833147001 39.700361683 31.400082907 
43.761015342 30.317782502 40.228223727 27.740147578 39.322429074 31.306939775 
42.908967413 30.107584353 39.377468118 27.528179164 38.46988595 31.094516941 
42.131858857 29.914989364 38.601629077 27.333846962 37.692292352 30.899737769 
41.344484793 29.720195563 37.815561257 27.137267558 36.904420675 30.702697878 
40.739839179 29.569416 37.211957601 26.985065023 36.299379188 30.550127599 
40.183442031 29.431850518 36.656502785 26.846213661 35.742624827 30.410943329 
39.387855925 29.233748062 35.86223722 26.646310884 34.946539429 30.210573512 
38.694926233 29.0609574 35.170351049 26.47209893 34.25321625 30.035992067 
37.970173286 28.879357124 34.446553313 26.289198695 33.528103938 29.852753279 
37.256712617 28.701061654 33.734014537 26.10964956 32.814297181 29.672877102 
36.48576461 28.508459077 32.963950967 25.915845132 32.043017834 29.478758644 
35.847243343 28.346659585 32.326507073 25.752582771 31.404093852 29.315113386 
35.188191934 28.163855239 31.66791666 25.569152867 30.744870427 29.131519521 
34.388494109 28.068723653 30.865812799 25.477288763 29.946072384 29.040510353 
33.731494789 27.906952117 30.20965342 25.314375836 29.288758389 28.877299196 
32.857891481 27.686824884 29.33726545 25.092598457 28.414700838 28.65508987 
32.4729312 27.589969841 28.952963039 24.994850856 28.0294952 28.557108241 
31.521309647 27.348923562 28.002546172 24.752171358 27.077425309 28.31399981 
30.769867545 27.158507796 27.251925411 24.56064299 26.325678245 28.122178715 
30.365402856 27.056146405 26.847819748 24.45779549 25.921080432 28.019203185 
29.482561359 26.83160544 25.966294721 24.231473264 25.037751734 27.792411125 
28.68903078 26.629074425 25.174102734 24.02713299 24.243727276 27.587592516 
28.371823864 26.548726057 24.857620706 23.945805665 23.926253545 27.506005903 
27.493089099 26.324179601 23.980184938 23.719506348 23.04704176 27.279241498 
26.611274868 26.098530875 23.099291189 23.492616631 22.164890371 27.052021868 
25.73972644 25.875081394 22.228904475 23.267602241 21.292917447 26.826590694 
25.075543039 25.704465527 21.565871957 23.09543749 20.628314629 26.654012597 
24.407253239 25.537177334 20.897723087 22.927959729 19.959973546 26.486484189 
23.68454893 25.470719493 20.174444219 22.862274875 19.237478416 26.421005775 
22.969037562 25.293537842 19.460113405 22.68350534 18.521537546 26.241811944 
22.286376554 25.118521652 18.778308216 22.507338982 17.83856591 26.065337708 
21.490794299 24.914888597 17.983645241 22.302471346 17.042650677 25.860139088 
20.832770967 24.745371675 17.326655058 22.131568004 16.384253969 25.688863426 
20.206570976 24.584664491 16.701625428 21.969291648 15.75763209 25.526164869 
19.472582574 24.39643997 15.968639167 21.779724663 15.02328335 25.336236003 
18.649283934 24.183992014 15.146097414 21.566263494 14.199713112 25.122501294 
18.158589811 24.057404159 14.656109821 21.438730387 13.708765891 24.994712672 
17.26959186 23.827340554 13.768152146 21.207275988 12.819396041 24.762881757 
16.443214013 23.613790707 12.942712465 20.992472848 11.99268357 24.54773875 
15.797510224 23.446470831 12.297647176 20.824300537 11.346752459 24.379334963 
15.570641323 23.388131641 12.071250176 20.76533161 11.119715766 24.32019487 
14.354172727 23.072201732 10.855183144 20.448866011 9.9031045333 24.00358356 
13.788539378 22.945726601 10.289875812 20.321956098 9.3373554806 23.876555308 
12.8461514 22.868528485 9.3512587925 20.239737116 8.3936355566 23.792964982 
12.197368337 22.703428303 8.7030950784 20.073813731 7.744634852 23.626815916 
11.507523201 22.527318332 8.0133120295 19.89762126 7.0547679158 23.450600815 
10.892616656 22.371024865 7.398667608 19.740979533 6.4397693682 23.29386353 
10.131939429 22.17730702 6.6380417801 19.547193407 5.6790741074 23.100058664 
9.2881114664 21.961571104 5.7942785774 19.331371465 4.8352234257 22.884213109 
8.6639662553 21.803077679 5.1702334497 19.172745098 4.2110431106 22.725550247 
7.8735193056 21.602762184 4.379958459 18.972201215 3.4205358661 22.524943651 
7.2052325346 21.43215667 3.7118628543 18.801341839 2.7521820939 22.354014546 
6.786398408 21.326498774 3.293158004 18.69551229 2.3333026748 22.248137837 
5.9179337942 21.105265078 2.4248485967 18.474072533 1.4647837018 22.026641453 
5.5863568773 21.02161939 2.0933465784 18.390327416 1.1331805596 21.942869005 
4.5207941416 20.751967374 1.02788252 18.120544412 0.067583279648 21.673049993 
3.7673038808 20.561561881 0.27443414562 17.93008332 -0.68592164204 21.482573615 
3.1462393478 20.400850794 -0.34672550135 17.769498487 -1.3069528817 21.322023492 
2.329097372 20.289147464 -1.1672350135 17.662271324 -2.1229113084 21.216023335 
1.6064039096 20.109767731 -1.8899741799 17.482952424 -2.8455886436 21.036721061 
1.1105788546 19.985404797 -2.3858054289 17.358597735 -3.3414115129 20.912368625 
0.28317744564 19.776289752 -3.2127345874 17.148854223 -4.1689794806 20.702453277 
-0.40974544967 19.601294441 -3.9056363465 16.973830789 -4.8619098262 20.527422151 
-1.100615094 19.42629622 -4.5962791879 16.79853083 -5.5528593927 20.352039638 
-1.8315201644 19.241394018 -5.3271814862 16.61362494 -6.2837654398 20.167132738 
-2.4084423711 19.096117808 -5.9040324571 16.46825397 -6.8607127401 20.021735835 
-3.2399492734 18.885902821 -6.7350824882 16.257431361 -7.6923804813 19.810746867 
-3.9523760187 18.705401974 -7.44735314 16.076722967 -8.4048621391 19.629981619 
-4.5611210382 18.552424026 -8.0559683332 15.923572416 -9.0136528151 19.476783775 
-5.2848395919 18.368619063 -8.7797181476 15.739809013 -9.7373603765 19.29303176 
-5.8812657483 18.217837175 -9.3762172646 15.589124125 -10.333760874 19.14237345 
-6.7764181369 17.992218914 -10.271736597 15.363993797 -11.228784151 18.917376764 
-7.2014094428 17.873286743 -10.694975094 15.242732155 -11.654391198 18.795476343 
-8.2135928073 17.694344259 -11.722172134 15.083848232 -12.661218057 18.642030814 
-8.8890630445 17.525967607 -12.398962583 14.917246918 -13.336208287 18.475904111 
-9.6856658678 17.323452008 -13.196943534 14.716586544 -14.132308481 18.275738542 
-10.237949727 17.18367604 -13.750088336 14.577970608 -14.684277526 18.137431395 
-10.171223965 17.200182759 -13.682895034 14.593847266 -14.617722803 18.153140394 
-11.111543625 16.963562416 -14.625139105 14.359821798 -15.557337274 17.919804537 
-12.572323566 16.594868958 -16.087465072 13.993215907 -17.017548415 17.553751752 
-13.054801763 16.473809838 -16.571031527 13.873627797 -17.499625013 17.43455249 
-13.910943792 16.259206499 -17.42799998 13.660142403 -18.355461397 17.221362117 
-14.726023733 16.055612975 -18.243801637 13.457525791 -19.170273941 17.019002957 
-15.248537084 15.924650261 -18.767111104 13.327641353 -19.692491817 16.889402303 
-16.096466343 15.713356625 -19.615796933 13.117373073 -20.540139777 16.67940351 
-16.947475121 15.502067877 -20.467820601 12.907460757 -21.390770443 16.469852387 
-17.565457285 15.349106628 -21.086400326 12.755310471 -22.008529564 16.317914603 
-18.183438319 15.178431388 -21.703722183 12.583740671 -22.626756621 16.146110382 
-18.980044461 15.063381899 -22.506704567 12.477364323 -23.420967333 16.041995318 
-19.689389177 14.889523169 -23.216512124 12.304136908 -24.130136804 15.868931499 
-20.344326663 14.727761122 -23.871879767 12.142961807 -24.784911257 15.707908374 
-20.839122566 14.604507617 -24.367270373 12.020520107 -25.279481497 15.585676681 
-21.962165468 14.327202239 -25.491088951 11.744274161 -26.402229606 15.309704463 
-22.684854652 14.147828703 -26.214404849 11.565757092 -27.124680228 15.131408402 
-23.540994869 13.93654967 -27.07127711 11.35547902 -27.980541357 14.921388309 
-24.200037925 13.773687569 -27.730868677 11.193367317 -28.639374992 14.759469784 
-24.679435263 13.655947181 -28.210830014 11.076398864 -29.118556723 14.642699855 
-25.676211958 13.410559736 -29.208530642 10.832276758 -30.114979614 14.398902725 
-26.229520429 13.274109827 -29.762525342 10.696767264 -30.668024826 14.263634407 
-27.028173404 13.07824499 -30.561994701 10.502021893 -31.466364073 14.06917574 
-27.882259727 12.869178432 -31.41672177 10.293834481 -32.320203757 13.861213187 
-27.998259342 12.83946089 -31.53273066 10.264129668 -32.4361998 13.831511627 
-29.402573952 12.496154948 -32.937053464 9.9208349716 -33.840511254 13.488219806 
-30.132452039 12.390972061 -33.66865064 9.8180130922 -34.569725819 13.386000487 
-30.724769311 12.256796188 -34.261297262 9.6842899285 -35.161915676 13.252392646 
-31.636341432 12.034531969 -35.172689237 9.461778074 -36.073557501 13.029817718 
-32.028481623 11.938803694 -35.564524962 9.3656313504 -36.465815437 12.933564367 
-32.960584261 11.709928113 -36.496526365 9.1366166581 -37.397957207 12.704514214 
-33.657608047 11.539375657 -37.193321585 8.9657501644 -38.09506931 12.533567645 
-34.463445425 11.342416634 -37.998950463 8.7685047223 -38.900987213 12.33624914 
-35.005460756 11.209272764 -38.540757299 8.6350744906 -39.443083028 12.202745833 
-35.919084986 10.985905888 -39.453934156 8.4110933224 -40.356879828 11.978607814 
-36.672568215 10.802153933 -40.206934228 8.2266781939 -41.110549232 11.794023209 
-37.326476568 10.642608512 -40.860386331 8.0665067693 -41.764633206 11.633691671 
-37.724775437 10.544676071 -41.258388572 7.9681674619 -42.163046156 11.535248227 
-38.796486738 10.282799573 -42.328783132 7.7044860575 -43.235262938 11.271104188 
-39.476058313 10.116650673 -43.007333816 7.5369391148 -43.915225382 11.10319814 
-40.218248255 9.924025509 -43.747312206 7.3412893567 -44.658258953 10.906769206 
-40.8824268 9.8552813418 -44.41082543 7.2716363367 -45.322690464 10.836881446 
-41.674917649 9.660518426 -45.200849367 7.0735078099 -46.116115932 10.637881197 
-42.452010185 9.4690538147 -45.975330562 6.8784878676 -46.894192085 10.441936202 
-43.136713751 9.2995921602 -46.65773247 6.7058987346 -47.579757762 10.26852977 
-43.889168912 9.1125191622 -47.407716104 6.5154739067 -48.333133611 10.077225297 
-44.3716435 8.9925724897 -47.888089249 6.3926825502 -48.816386926 9.953684369 
-45.202115498 8.7845824948 -48.716007329 6.1812418327 -49.647800274 9.7413306574 
-45.835491445 8.626115052 -49.347098511 6.0196933256 -50.282013683 9.578963497 
-46.562282479 8.4434324033 -50.071528814 5.8338330924 -51.009665399 9.3922555349 
-47.146384182 8.2959619029 -50.653880329 5.684010682 -51.594402166 9.2418034255 
-47.99020053 8.0824572826 -51.495231776 5.46719929 -52.439108562 9.0241034415 
-48.628708637 7.9206768447 -52.131725862 5.3027217794 -53.078340144 8.8588983685 
-49.24155309 7.7643932919 -52.742882197 5.1441809176 -53.691788398 8.6997466324 
-49.965263737 7.5794925736 -53.464699137 4.9567515869 -54.416173567 8.5116309015 
-50.721823254 7.3813562756 -54.220050865 4.7570045496 -55.173161736 8.3114454621 
-51.530740465 7.2464061952 -55.030602515 4.6242345702 -55.981498584 8.1792686342 
-52.20004409 7.0747090862 -55.698991807 4.4513175269 -56.651127146 8.0060198811 
-52.876533301 6.8997016419 -56.374597656 4.2751323118 -57.32792963 7.8295139286 
-53.465766572 6.7467045598 -56.962962682 4.1209784185 -57.917470185 7.6750445346 
-54.252095194 6.5430787229 -57.748182137 3.915875935 -58.704190452 7.4695386416 
-54.70377216 6.426408438 -58.199421419 3.7986233127 -59.156021685 7.3521267193 
-55.63278928 6.1842499971 -59.127648804 3.5554146443 -60.085316757 7.1086304585 
-56.322622875 6.0048351032 -59.816562869 3.3747777418 -60.77547334 6.9276584376 
-56.942651813 5.844135588 -60.436038693 3.2133435953 -61.395696227 6.7660225773 
-57.85934999 5.6052805535 -61.352064717 2.9735962569 -62.312629756 6.5260299774 
-58.192974635 5.5172168943 -61.685015542 2.8846385557 -62.646489965 6.4368262569 
-59.027549528 5.2992729628 -62.518892304 2.6657688292 -63.481308528 6.2177014781 
-59.593171544 5.1517769215 -63.084179081 2.5178284063 -64.047047412 6.0696385233 
-60.277871786 4.9734623139 -63.768635084 2.3391901194 -64.73183274 5.8909109427 
-60.80551047 4.8126231697 -64.292915647 2.1739069042 -65.260636372 5.7243980154 
-61.771485983 4.6402722951 -65.27023873 2.0166207146 -66.222638238 5.5712523 
-61.882352139 4.6149768569 -65.381549625 1.9919184586 -66.333346502 5.5467114535 
-62.730271154 4.3915186385 -66.229362597 1.7683187838 -67.181303179 5.3230732984 
-63.884097672 4.0865983013 -67.383021695 1.4631751403 -68.33518914 5.0178688949 
-64.405577893 3.9490002403 -67.904418219 1.3254654547 -68.856699068 4.8801288306 
-65.008154332 3.7893830482 -68.506880877 1.1656965272 -69.459315884 4.7203186011 
-65.880709561 3.5593204624 -69.379316414 0.93547433723 -70.331913576 4.4900529588 
-66.49663076 3.3964024996 -69.995215631 0.77252706365 -70.947842574 4.3270977043 
-67.076623161 3.2433941541 -70.575318971 0.61966664734 -71.527795619 4.1742775637 
-67.872187875 3.0342504648 -71.371160035 0.41089150575 -72.323262254 3.965602731 
-68.407012502 2.8922449267 -71.906655682 0.26978119639 -72.857848467 3.8247358819 
-68.973659741 2.7436451702 -72.474028586 0.12215011012 -73.424237458 3.6773679139 
-69.688127841 2.5554139679 -73.189586999 -0.064624612805 -74.138316717 3.4909881971 
-70.519620734 2.3363615605 -74.022163147 -0.2822287183 -74.96942231 3.2737761481 
-71.239221134 2.1448171674 -74.742606273 -0.47264553025 -75.688720732 3.0836640684 
-72.047107423 2.004335661 -75.557205376 -0.6041180493 -76.494180398 2.954610423 
-72.656868605 1.844731031 -76.168232042 -0.76201890229 -77.103479883 2.7971638701 
-73.353885056 1.6620097999 -76.866814038 -0.94262997697 -77.799923294 2.6171140656 
-73.624889919 1.5904594418 -77.138436639 -1.0133469732 -78.070701475 2.5466183085 
-74.550823199 1.3483024416 -78.066586122 -1.2525107918 -78.995818851 2.3082471425 
-75.30429869 1.1512750769 -78.821882144 -1.4470753698 -79.748620986 2.1143324488 
-75.980784106 0.97516595758 -79.499805603 -1.621236574 -80.424572522 1.9406837895 
-76.494050687 0.84198609972 -80.014089256 -1.7530373821 -80.937460445 1.8092450575 
-77.243419821 0.64827437699 -80.76484095 -1.9448726755 -81.686313432 1.6179013836 
-77.90348047 0.47767630778 -81.42613389 -2.1137964945 -82.345912653 1.4494151969 
-78.405454977 0.34780095145 -81.928828078 -2.2426932857 -82.847617075 1.3207737494 
-78.988525499 0.1970139835 -82.513206009 -2.3917010851 -83.430195808 1.1722293631 
-79.777928974 -0.0066001433879 -83.304277427 -2.593042678 -84.21896974 0.97147811796 
-80.402060692 -0.16618117923 -83.929549006 -2.7510689132 -84.842669852 0.8138547678 
-80.984103909 -0.32582637342 -84.512316746 -2.9097250894 -85.424438146 0.65545444103 
-81.512773618 -0.35712557193 -85.042652818 -2.9387473953 -85.952473822 0.62701988144 
-82.361715215 -0.5805764175 -85.893486761 -3.1596088224 -86.800692477 0.4068247352 
-82.997138433 -0.7423538994 -86.530806218 -3.3187875569 -87.43538814 0.24831239641 
-83.646932956 -0.90853780461 -87.181857042 -3.4832475175 -88.084698912 0.084293244705 
-84.290568287 -1.0714095817 -87.826581072 -3.6446239112 -88.727913912 -0.076701596547 
-84.892115689 -1.2243813681 -88.429480915 -3.7957361974 -89.328937709 -0.2273404783 
-85.607607988 -1.4059642404 -89.146512904 -3.9751996126 -90.043831952 -0.40626573018 
-86.20915526 -1.5578286187 -89.749049784 -4.1257003363 -90.644993732 -0.55642100107 
-86.85689632 -1.7218006738 -90.398369094 -4.2874953163 -91.292118215 -0.71766576294 
-87.532353627 -1.8923729761 -91.075461182 -4.4558095865 -91.966934535 -0.88541103829 
-88.026114925 -2.0167235499 -91.570160586 -4.5788630387 -92.460326939 -1.008138407 
-88.571202738 -2.1531739589 -92.115997403 -4.7142770784 -93.005119657 -1.1432923196 
-89.222023125 -2.3160336348 -92.768349964 -4.8750147512 -93.65533484 -1.303498496 
-89.733235237 -2.4447857388 -93.28105143 -5.0017015882 -94.165956657 -1.4296694955 
-90.679695555 -2.6924417797 -94.22861758 -5.2478225453 -95.111977403 -1.675407962 
-91.325391288 -2.699203073 -94.87318233 -5.2561538208 -95.758122693 -1.6841304326 
-91.970050373 -2.891964152 -95.518029623 -5.4486537385 -96.402707045 -1.8765652193 
-92.602392742 -3.0493156957 -96.150581854 -5.6057140279 -97.034966048 -2.0335528995 
-92.856972146 -3.1120323315 -96.405416234 -5.668076727 -97.28944411 -2.095827401 
-93.898899678 -3.370612408 -97.447793 -5.926033037 -98.33119295 -2.3536283764 
-94.387527687 -3.4916483541 -97.936518244 -6.0469339396 -98.819782257 -2.4744956666 
-94.832014824 -3.6027876665 -98.380952562 -6.1581466111 -99.264290419 -2.5857265965 
-95.703538087 -3.8184500327 -99.252718056 -6.3734725269 -100.13571724 -2.800968788 
-96.370781868 -3.9846043158 -99.919958034 -6.5396320933 -100.80296254 -2.9671296688 
-96.886099336 -4.1122417217 -100.43546696 -6.6670035222 -101.31820375 -3.0944349368 
-97.528706272 -4.2717907112 -101.07852428 -6.8259266747 -101.96063116 -3.2532025074 
-98.138464173 -4.4236400025 -101.68812555 -6.97799364 -102.57045152 -3.4053235712 
-98.738983227 -4.5732890712 -102.28875767 -7.1274855831 -103.17092549 -3.5547764622 
-99.547887459 -4.7735464564 -103.09787627 -7.3274450125 -103.97974422 -3.7546618604 
-100.22334285 -4.9419015157 -103.77333376 -7.4957971531 -104.65519877 -3.923013276 
-100.89469296 -5.0914414548 -104.44464323 -7.6453935906 -105.3265651 -4.0726237489 
-101.43259525 -5.1913650632 -104.98249759 -7.7453838178 -105.86448651 -4.1726305271 
-101.95304662 -5.2846725588 -105.50292535 -7.83872413 -106.3849473 -4.265978993 
-102.57512378 -5.4099308103 -106.12503482 -7.9639374741 -107.00701157 -4.3911811795 
-103.38916039 -5.6024293061 -106.93918319 -8.1562806108 -107.82100358 -4.5834857212 
-103.88086685 -5.7245660485 -107.4308439 -8.2784809609 -108.31272831 -4.705701872 
-104.51012792 -5.8797054426 -108.06038799 -8.4332269049 -108.94187643 -4.8603501011 
-105.23074981 -6.0568470219 -108.78123085 -8.6100612259 -109.66241008 -5.0371081491 
-105.9092839 -6.2251960193 -109.46034156 -8.7776081848 -110.34071372 -5.2044561608 
-106.50364277 -6.3715315321 -110.05503235 -8.923481859 -110.93493982 -5.3502153722 
-107.13290339 -6.5277774865 -110.68455105 -9.0793686262 -111.56409712 -5.5060131672 
-107.76011096 -6.6818121932 -111.31142948 -9.2338614042 -112.19143643 -5.660619419 
-108.40887546 -6.8413492911 -111.95942077 -9.3944741275 -112.84051007 -5.8214988723 
-109.04429497 -6.998692493 -112.59403194 -9.5529410775 -113.47625218 -5.9802448979 
-109.68382154 -7.1372079789 -113.23325374 -9.6918800557 -114.11590022 -6.119289157 
-110.34080329 -7.1970900339 -113.89092401 -9.7508052291 -114.77260742 -6.1779765331 
-110.94234737 -7.34230645 -114.49153398 -9.89731972 -115.37452388 -6.3248136862 
-111.44431827 -7.4655332477 -114.9923635 -10.022131279 -115.87694874 -6.4500199321 
-112.24500792 -7.6624783073 -115.79117789 -10.221676807 -116.6783817 -6.6502149309 
-112.75724383 -7.7901176154 -116.3024876 -10.350599008 -117.19098356 -6.7794583689 
-113.4922356 -7.9716635533 -117.03573161 -10.534563168 -117.92666385 -6.9640295556 
-114.1676888 -8.1389082153 -117.70994346 -10.703523261 -118.60260442 -7.13342145 
-114.82569092 -8.3028581846 -118.36686339 -10.868967291 -119.2610303 -7.2992423639 
-115.24451275 -8.4084981913 -118.78512504 -10.975380155 -119.68007108 -7.4058504789 
-116.05957285 -8.6120628673 -119.59851145 -11.181251833 -120.4957837 -7.6123061837 
-116.56667566 -8.7386022699 -120.10468946 -11.309064629 -121.00324601 -7.740442113 
-117.31603794 -8.9267679029 -120.85261083 -11.499212391 -121.75316692 -7.9310939434 
-117.98225164 -9.0951330378 -121.51782054 -11.668957229 -122.41976877 -8.101190431 
-118.39594053 -9.1996733621 -121.93080628 -11.774463156 -122.83372897 -8.2069428485 
-119.17712489 -9.3922180166 -122.71097144 -11.968406481 -123.61530585 -8.4012437711 
-119.9767924 -9.4762349343 -123.51628057 -12.044666735 -124.41278927 -8.475529209 
-120.63684663 -9.6412875503 -124.1755428 -12.21081043 -125.0731518 -8.6419494618 
-121.08235747 -9.753528371 -124.62019278 -12.324236396 -125.51899712 -8.755676282 
-121.87585936 -9.9538032403 -125.41240018 -12.526291813 -126.31300075 -8.9581845916 
-122.44968538 -10.097952862 -125.98539469 -12.671584174 -126.88714828 -9.103768178 
-123.05225387 -10.250915109 -126.58733973 -12.825402703 -127.48995743 -9.2578052187 
-123.54909054 -10.376361987 -127.08362434 -12.951607452 -127.98700693 -9.3842035728 
-124.28305367 -10.562335299 -127.81671654 -13.138775699 -128.72130527 -9.5716774721 
-125.06423666 -10.760414031 -128.59681223 -13.338345029 -129.50290581 -9.7716287586 
-125.6678313 -10.913374149 -129.19965983 -13.492328527 -130.10678675 -9.925874928 
-126.24370971 -11.060841253 -129.77496706 -13.640577668 -130.68288372 -10.074325033 
-126.9068424 -11.229209085 -130.43730173 -13.810037507 -131.34632131 -10.244065839 
-127.26304516 -11.320551279 -130.79309077 -13.901945551 -131.70268192 -10.336119633 
-128.05346618 -11.523043475 -131.58280391 -14.105405494 -132.49337267 -10.539829094 
-128.78024263 -11.712348142 -132.30932316 -14.295061632 -133.22024701 -10.729575933 
-129.41053208 -11.75898148 -132.94223315 -14.338110396 -133.84953632 -10.771701631 
-130.13012261 -11.947189773 -133.66140398 -14.526893295 -134.56928743 -10.960632203 
-130.69162911 -12.091356792 -134.2227694 -14.671253427 -135.13084788 -11.105041991 
-131.35886706 -12.263038663 -134.88980145 -14.8432171 -135.79816453 -11.277078147 
-132.07845743 -12.447925073 -135.60906381 -15.028552316 -136.51788019 -11.462528856 
-132.78162331 -12.629515292 -136.31185045 -15.210661314 -137.22119083 -11.644771439 
-133.40780019 -12.790188824 -136.93764236 -15.371861282 -137.84751451 -11.806107057 
-133.99291617 -12.940961506 -137.52238371 -15.523146111 -138.43277323 -11.957523944 
-134.74638122 -13.134651946 -138.27501538 -15.717975272 -139.18655538 -12.152647046 
-135.02148833 -13.205083053 -138.54975078 -15.788914028 -139.46180373 -12.223716986 
-135.93816964 -13.441698974 -139.46581924 -16.026366587 -140.37871763 -12.461385934 
-136.53560349 -13.595773489 -140.06289351 -16.18093181 -140.97628782 -12.616078185 
-137.26340502 -13.785074444 -140.79025563 -16.370832191 -141.70425578 -12.806133849 
-137.63911062 -13.884135119 -141.16433055 -16.472115573 -142.0805776 -12.907994098 
-138.34330213 -14.065722401 -141.86896081 -16.653105106 -142.78460353 -13.088828329 
-139.19634484 -14.162937004 -142.73167589 -16.737087886 -143.63395379 -13.169404448 
-139.98881726 -14.354351438 -143.52560796 -16.926496443 -144.42586191 -13.35830175 
-140.43637896 -14.469907506 -143.97306247 -17.042199908 -144.87346512 -13.474042737 
-141.13851699 -14.650390157 -144.6745185 -17.223619986 -145.57586698 -13.655701622 
-141.76674565 -14.81216584 -145.30260535 -17.385590512 -146.20415044 -13.817721822 
-142.47812212 -14.994848125 -146.01331236 -17.569192391 -146.91578542 -14.001558313 
-143.16588856 -15.172031146 -146.70057366 -17.747068944 -147.60374665 -14.179611995 
-143.81977984 -15.340409427 -147.35402194 -17.91605521 -148.25780857 -14.348753674 
-144.30018966 -15.464771069 -147.83421027 -18.040720742 -148.73830365 -14.473496934 
-145.00951266 -15.647455916 -148.54320865 -18.223850877 -149.44775151 -14.656741018 
-145.74449845 -15.836743609 -149.27777259 -18.413717065 -150.18289944 -14.846755344 
-146.31113543 -15.983113918 -149.84420707 -18.560365008 -150.7496142 -14.993474422 
-147.06459824 -16.177908298 -150.59764484 -18.755193715 -151.50308663 -15.188311927 
-147.59325397 -16.31437305 -151.12642401 -18.891489243 -152.03169495 -15.32456409 
-148.32721178 -16.52359008 -151.8578165 -19.104219606 -152.76663518 -15.538196733 
-149.08786637 -16.589945337 -152.62659537 -19.159422998 -153.52415877 -15.59055056 
-149.85570059 -16.774752501 -153.39611328 -19.341909768 -154.29133688 -15.772449692 
-150.44081437 -16.924414738 -153.98178 -19.490809267 -154.87623464 -15.921156424 
-151.07006824 -17.085079686 -154.61163188 -19.650648899 -155.50525457 -16.080787694 
-151.81737121 -17.276560995 -155.35943286 -19.841442608 -156.25236249 -16.271407984 
-152.06476135 -17.339283577 -155.60703368 -19.903874214 -156.49967004 -16.333766251 
-153.08101104 -17.598989324 -156.62454566 -20.161835556 -157.51542411 -16.591288522 
-153.55012829 -17.717831303 -157.09424236 -20.279876165 -157.98431337 -16.709127767 
-154.34978313 -17.921409134 -157.89474972 -20.482274267 -158.78363224 -16.911229824 
-155.0252296 -18.093072819 -158.57103166 -20.652781033 -159.45874884 -17.081446723 
-155.63189959 -18.246021927 -159.17846513 -20.804672199 -160.06511682 -17.233073214 
-156.25191417 -18.402271575 -159.79938671 -20.95966419 -160.68477197 -17.387751051 
-156.94173155 -18.577233884 -160.49027266 -21.133143596 -161.37416495 -17.560860719 
-157.60383305 -18.743382043 -161.15328274 -21.29802983 -162.03590477 -17.725432891 
-158.04009899 -18.90213115 -161.59011629 -21.455990097 -162.47194438 -17.883197106 
-158.9721821 -18.959360293 -162.52218499 -21.513239281 -163.40403324 -17.940451268 
-159.65789103 -19.173078008 -163.20830324 -21.726387933 -164.0895788 -18.153458614 
-160.2850906 -19.331529892 -163.83656412 -21.883363396 -164.71635405 -18.310067967 
-160.97901344 -19.506484861 -164.53163833 -22.056715207 -165.40981541 -18.483023063 
-161.60929245 -19.663824537 -165.16288986 -22.212699542 -166.03970369 -18.638672677 
-162.39252175 -19.859675778 -165.94712847 -22.407143047 -166.82252661 -18.832769166 
-162.80210033 -19.9620019 -166.3570457 -22.508996559 -167.23196861 -18.934506326 
-163.68284822 -20.17984372 -167.23896917 -22.725196777 -168.11224163 -19.15030297 
-164.42809621 -20.365789325 -167.98527755 -22.909660254 -168.85706021 -19.334402847 
-165.00089009 -20.507717879 -168.55870251 -23.050706108 -169.42959804 -19.475232501 
-165.43715778 -20.615537751 -168.99573705 -23.15745277 -169.86555412 -19.581716648 
-166.34254145 -20.838876078 -169.9022523 -23.379206183 -170.77047697 -19.80308308 
-167.01285368 -21.005009312 -170.57365311 -23.543813329 -171.44034481 -19.967318394 
-167.77041938 -21.190934879 -171.33220957 -23.728348737 -172.19750511 -20.15151576 
-168.33602736 -21.328445439 -171.89860171 -23.864758185 -172.76279158 -20.287657906 
-169.01969115 -21.349522965 -172.58558755 -23.881163001 -173.4450871 -20.302932844 
-169.44363826 -21.496111094 -173.00924135 -24.028164219 -173.86915543 -20.450033659 
-170.18888477 -21.692019428 -173.75524867 -24.223000837 -174.61408734 -20.644612 
-170.95260899 -21.879041704 -174.52015688 -24.408353946 -175.37732094 -20.829563606 
-171.71530661 -22.064958245 -175.28380851 -24.59292434 -176.1396223 -21.013810862 
-172.37124694 -22.225576989 -175.94060121 -24.752339454 -176.79520788 -21.172937555 
-172.86089254 -22.344383852 -176.43072956 -24.870464218 -177.28465225 -21.290899081 
-173.73958552 -22.557797309 -177.31064137 -25.082154367 -178.16283625 -21.502177493 
-174.31648435 -22.697503366 -177.88818798 -25.220943788 -178.73946399 -21.640748306 
-175.0350415 -22.871309432 -178.6074909 -25.393693949 -179.45770857 -21.813246986 
-175.72177672 -23.037415043 -179.29484887 -25.558917337 -180.14418239 -21.978260539 
-176.21039546 -23.155115814 -179.78384642 -25.676081233 -180.63264195 -22.095296865 
-176.93100539 -23.327811078 -180.50533565 -25.847529644 -181.35288186 -22.266449367 
-177.73168293 -23.520309569 -181.30675618 -26.038973826 -182.15324617 -22.457643734 
-178.14947146 -23.638120587 -181.72488031 -26.15630842 -182.57089306 -22.57486556 
-178.92962345 -23.724366007 -182.50905703 -26.236829661 -183.34933808 -22.654037693 
-179.66871008 -23.901460276 -183.24939359 -26.412142265 -184.08789151 -22.828932563 
-180.3749483 -24.070855735 -183.95699551 -26.579591709 -184.79354629 -22.99592692 
-181.12943239 -24.250139852 -184.71251163 -26.757401616 -185.54758768 -23.173392893 
-181.71454238 -24.389831622 -185.29806391 -26.896461192 -186.13250763 -23.312305195 
-182.27398965 -24.521813443 -186.69170375 -23.443257786 
-182.99562507 -24.694505609 -187.4126471 -23.613119199 
-183.52325037 -24.819894126 -187.93973026 -23.736295681 
-184.14428786 -24.967279186 -188.56044414 -23.882362641 
-184.79920004 -25.122361083 
-185.65736076 -25.323624594 
-186.29687513 -25.474301701 
-186.9168858 -25.61947351 
-187.56974462 -25.772343734 
-188.28932612 -25.945037807 
-188.95553399 -26.002673374 
-189.61557828 -26.152210496 
-190.10111614 -26.264378103 
-190.41830678 -26.338059507 
-191.41196545 -26.566787547 
-192.23727675 -26.758136367 
-192.95685782 -26.923079363 
-193.63332552 -27.078125521 
-194.30260754 -27.23207565 
-194.93390878 -27.37612094 
-195.57342202 -27.521260358 
-196.03227013 -27.625718879 
-197.02490113 -27.851125227 
-197.5740816 -27.975370291 
-198.28442375 -28.127040865 
-198.92907305 -28.186922238 
-199.67842186 -28.354031165 
-200.26455618 -28.485967692 
-200.98618909 -28.647584099 
-201.57027026 -28.778416453 
-202.27753184 -28.937840829 
-202.91704408 -29.080764382 
-203.46417075 -29.205011567 
-204.0882852 -29.345744771 
-204.77501627 -29.500772247 
-205.37244141 -29.636011424 
-206.04377471 -29.787741386 
-206.69868385 -29.936175599 
-207.15239829 -30.038426179 
-208.0608536 -30.241818383 
-208.63980445 -30.302907997 -212.23916372 -32.786741978 -213.05084151 -29.197361849 
-209.16640038 -30.421650721 -212.76452257 -32.907276422 -213.57798731 -29.318300851 
-209.94038325 -30.59868251 -213.53611898 -33.087759244 -214.35302675 -29.499565795 
-210.32018912 -30.685548926 -213.9146326 -33.176491406 -214.73340243 -29.588722392 
-211.19271595 -30.88567525 -214.78449407 -33.380459479 -215.60709947 -29.793567943 
-211.73265598 -31.009932196 -215.32260585 -33.507346521 -216.14783821 -29.921058456 
-212.34239804 -31.150686252 -215.92978925 -33.651774562 -216.75869272 -30.066333227 
-212.81664178 -31.260653601 -216.40192002 -33.764769879 -217.23385041 -30.180029671 
-213.5875444 -31.43879641 -217.16870745 -33.948794344 -218.00652087 -30.365424532 
-214.28351221 -31.601557067 -217.86116567 -34.116554908 -218.70398371 -30.534358893 
-213.72509559 -31.470686859 -217.30569716 -33.981485691 -218.14431201 -30.398303353 
-213.66145258 -31.454179993 -217.24274967 -33.963986678 -218.08037172 -30.380572129 
-209.90856302 -30.562197137 -213.51031664 -33.042557849 -214.31853156 -29.452396408 
-217.12281298 -32.273546305 -220.68553074 -34.809657609 -221.54951834 -31.232508472 
-217.12589155 -32.294576991 -220.68734793 -34.832459349 -221.55311397 -31.255740224 
-218.18421881 -32.422445024 -221.75891789 -34.941640309 -222.60593985 -31.360435997 
-218.50859029 -32.554790152 -222.07691956 -35.082999915 -222.93297775 -31.503944885 
-219.04750258 -32.685690175 -222.61346896 -35.217231644 -223.4728696 -31.63897773 
-219.59360019 -32.821007316 -223.15712417 -35.355985666 -224.01997432 -31.778561991 
-220.21976465 -32.976126602 -223.78099552 -35.514325398 -224.64707936 -31.937683214 
-220.8428495 -33.131250608 -224.40257062 -35.671566333 -225.27078084 -32.095439722 
-221.32735696 -33.251164614 -224.88631515 -35.792549072 -225.75559912 -32.216683314 
-221.02351334 -33.175251245 -224.58115732 -35.718475126 -225.45228966 -32.143059211 
-222.5232277 -33.551527116 -226.08274278 -36.092131538 -226.95124304 -32.516075355 
-223.07548383 -33.68904817 -226.63475864 -36.229989176 -227.50359706 -32.654015136 
-223.49326865 -33.79246001 -227.05215142 -36.333950088 -227.92154151 -32.758110129 
-224.05989569 -33.932172487 -227.61833382 -36.474285095 -228.48834943 -32.898597277 
-224.73533138 -34.10049872 -228.29409767 -36.642151899 -229.16365163 -33.066351787 
-225.2732162 -34.235827761 -228.83198116 -36.777482793 -229.70153699 -33.201683135 
-225.61914501 -34.342674038 -229.17341328 -36.89061349 -230.04928624 -33.316355931 
-226.08107118 -34.408373349 -229.64732183 -36.939514332 -230.50632062 -33.361163927 
-227.03982088 -34.623858824 -230.61228532 -37.146222057 -231.46248165 -33.565770029 
-227.65982518 -34.780093385 -231.23238984 -37.302314655 -232.08244389 -33.721828846 
-228.21618654 -34.920928398 -231.7887841 -37.443103072 -232.63879146 -33.862606175 
-228.74585896 -35.0540555 -232.31845907 -37.576226558 -233.1684628 -33.995728802 
-229.34635955 -35.20589196 -232.91895965 -37.72806303 -233.7689634 -34.147565276 
-229.822654 -35.325817536 -233.39525414 -37.847988551 -234.24525783 -34.267490784 
-230.34719373 -35.457845322 -233.9197924 -37.980018424 -234.76979818 -34.399521154 
-230.87378637 -35.590976906 -234.44639087 -38.113141744 -235.29638837 -34.532642507 
-231.29978231 -35.698803208 -234.87253035 -38.220764721 -235.72232408 -34.640217116 
-231.98548171 -35.872647239 -235.55877734 -38.393832813 -236.40779348 -34.813100746 
-232.52233912 -36.007976582 -236.09546902 -38.529397043 -236.94472053 -34.948720794 
-232.96475888 -36.119098099 -236.53791939 -38.640475179 -237.38712743 -35.05978862 
-233.51701354 -36.259938601 -237.09045947 -38.78091115 -237.93926214 -35.200128475 
-234.0230755 -36.396423466 -237.59519139 -38.919280284 -238.44588243 -35.338945763 
-234.72828095 -36.506022302 -238.31184014 -39.012598049 -239.14623002 -35.428429519 
-235.21997217 -36.631458339 -238.80444233 -39.136731191 -239.63752921 -35.552259572 
-235.30209179 -36.652364067 -238.88662874 -39.15754135 -239.71962005 -35.573047521 
-235.55255661 -36.716181881 -239.13797838 -39.220092648 -239.96970329 -35.63530476 
-236.76279415 -37.025372975 -240.35186844 -39.524045445 -241.17835776 -35.938046849 
-237.20623988 -37.138706501 -240.79640495 -39.635811459 -241.62132826 -36.049452294 
-237.74104365 -37.274038144 -241.33272149 -39.768966733 -242.15547105 -36.182108261 
-238.2850858 -37.411569345 -241.87867235 -39.903747931 -242.69867609 -36.316260731 
-238.76445875 -37.532595745 -242.36009483 -40.021816425 -243.17714624 -36.433655682 
-239.12783775 -37.625020104 -242.72506201 -40.111945116 -243.53982287 -36.523263565 
-239.84433084 -37.804349264 -243.4445878 -40.286881895 -244.25496795 -36.697208575 
-240.19847135 -37.893466709 -243.80085247 -40.372915967 -244.60815892 -36.782550133 
-240.71787741 -38.023286512 -244.32425546 -40.496918604 -245.12576632 -36.905254521 
-241.30811145 -38.171815391 -244.91972562 -40.637796227 -245.71362017 -37.044440974 
-241.79672276 -38.289505277 -245.41271353 -40.749064002 -246.20022106 -37.154303589 
-242.30997324 -38.336299543 -245.93375252 -40.784368607 -246.7098462 -37.187126728 
-242.69285559 -38.427585456 -246.32087767 -40.8693623 -247.0907277 -37.270779041 
-243.24305631 -38.561784596 -246.87730034 -40.99429126 -247.63796079 -37.393754326 
-243.63004449 -38.655278152 -247.26904935 -41.080656889 -248.02265116 -37.478635949 
-244.27468259 -38.810363089 -247.92304934 -41.221636304 
-244.78382346 -38.932448504 -248.4410088 -41.330325441 
-245.2221363 -39.035824759 -248.88852096 -41.419612067 
-245.64402521 -39.134798435 -249.32085251 -41.502446934 
-246.19114643 -39.260144838 -249.88403426 -41.602664392 
-246.32972308 -39.292032144 -250.02714936 -41.627381646 
-247.03697747 -39.4481244 -250.7592266 -41.743702721 
-247.53995962 -39.555826366 -251.28118053 -41.820353811 
-248.03678298 -39.656895209 -251.79750827 -41.8888817 
-248.50794403 -39.750254713 -252.28788059 -41.949549607 
-248.87440351 -39.801709058 -252.66949844 -41.974742169 
-249.4194767 -39.803059176 
-249.91835346 -39.889731711 
-250.26941503 -39.946745967 
-250.70567588 -40.013589264 
-251.07829413 -40.066140704 
-251.5545887 -40.128491848 
-251.96210811 -40.177666415 
-252.37886609 -40.224612002 
-252.75867033 -40.262759096 
-253.11383877 -40.294302431 
-253.59526661 -40.3333953 
-253.57884262 -40.33231423 
-254.29431226 -40.385428314 
-254.65974591 -40.409205238 
-255.00875583 -40.425258254 
-255.36187749 -40.307341561 
-255.70472891 -40.31011867 
-256.10198483 -40.313916495 
-256.36168971 -40.313504141 
-256.78768784 -40.311720568 
-257.1644142 -40.30226525 
-257.51753118 -40.288418846 
-257.82034972 -40.271330891 
-258.1560166 -40.246440793 
-258.46294171 -40.214953515 
-258.70622355 -40.187995843 
-259.13222359 -40.135283796 
-259.56540928 -40.078131736 
