879.3908214 241.10080107 884.84983128 241.92610181 882.68981697 244.70702604 
880.43402644 241.54797616 885.8922016 242.37877952 883.72938502 245.1575249 
881.12402061 241.8427781 886.58149787 242.67815363 884.41635422 245.45508618 
881.74522062 242.1099819 887.20212938 242.94906298 885.03510063 245.72452472 
882.37155488 242.37717989 887.82781432 243.22047296 885.65864382 245.99426112 
883.12726337 242.6984772 888.58280762 243.54638473 886.4112919 246.31833727 
883.97230164 243.05842061 889.42709052 243.91117418 887.25311322 246.68119658 
884.86867901 243.44044734 890.32269854 244.29810768 888.14623021 247.06617326 
885.77635133 243.82578269 891.22961439 244.68823981 889.05071224 247.45438999 
886.6542471 244.2000816 892.106794 245.06705488 889.92560164 247.83139952 
887.46437578 244.54456687 892.91627478 245.41560513 890.73302203 248.17832279 
888.1646392 244.84268028 893.61598695 245.71716185 891.43098968 248.47849999 
888.71807322 245.07896475 894.16899501 245.95609751 891.98265499 248.71637263 
889.08360659 245.23575367 894.53425638 246.11457509 892.34706134 248.87417275 
889.6596292 245.487512 895.10977222 246.36947084 892.92098902 249.12780903 
890.48618589 245.8485862 895.93566181 246.7346576 893.74479773 249.49134329 
891.22649307 246.17433237 896.67534525 247.06423137 894.48254536 249.81937747 
891.85282806 246.4492827 897.30120174 247.34210656 895.10692318 250.09607516 
892.60545685 246.78055067 898.05322014 247.67709146 895.8570632 250.42956238 
893.37759457 247.12065335 898.82474655 248.02090084 896.62671722 250.77187675 
893.98544772 247.38898282 899.43209969 248.29225051 897.23254533 251.04200724 
894.74937093 247.73020256 900.19628995 248.63185853 897.99754935 251.38226599 
895.4978901 248.08583305 900.94737091 248.97187438 898.75652204 251.72857216 
896.17864458 248.38950696 901.62767562 249.27831007 899.43542989 252.03389714 
896.96002338 248.73956425 902.40835942 249.63261781 900.21396476 252.38649389 
897.47443983 248.969253 902.92225021 249.86550762 900.72623787 252.61809389 
898.23014937 249.30826906 903.67720454 250.20910214 901.47887947 252.95984173 
898.9930465 249.65059844 904.43921843 250.55675606 902.23820533 253.30534529 
899.24974144 249.7654436 904.69558311 250.67358391 902.4935695 253.42137165 
900.19951246 250.19391378 905.64438979 251.10781811 903.43946882 253.85327343 
901.07432871 250.58925689 906.51839892 251.50795697 904.31106048 254.25146903 
901.68731626 250.86643939 907.1308274 251.78844634 904.9218228 254.53061703 
902.21097397 251.10386839 907.65401717 252.02863379 905.44362322 254.76968469 
903.1381563 251.52461584 908.58014852 252.45554601 906.36665119 255.19409142 
903.76859935 251.81063578 909.20999784 252.74503007 906.99475764 255.48216585 
904.63314822 252.20488488 910.0736846 253.14428586 907.85592666 255.87938205 
905.23381473 252.47876108 910.67427829 253.41858368 908.4563084 256.15350799 
906.0480479 252.88192568 911.4917329 253.80290554 909.28324573 256.54549298 
906.74420478 253.20329888 912.18747441 254.12673054 909.97775217 256.86832297 
907.48553998 253.54676286 912.92819909 254.47378615 910.71666825 257.21391986 
908.08415289 253.82396352 913.52635164 254.75368551 911.31346234 257.49272227 
908.79981874 254.15638615 914.24146796 255.08931921 912.02696284 257.82704975 
909.45079754 254.45899088 914.89208983 255.39400345 912.67653863 258.1308875 
910.22396341 254.81791891 915.6649287 255.75483245 913.44842144 258.49094228 
910.89547789 255.13157171 916.33607645 256.0706125 914.1184996 258.80585551 
911.58855505 255.45405696 917.02882832 256.39498044 914.81030506 259.12945588 
911.98283901 255.63738738 917.42290672 256.57949868 915.20378645 259.31348966 
912.99113811 256.1078662 918.43070973 257.05283758 916.21015233 259.78566144 
913.49220738 256.34200218 918.9315957 257.28802803 916.71050857 260.02042137 
914.15858853 256.65344752 919.59769546 257.6010899 917.37579636 260.33282301 
915.04880818 257.06981341 920.48765192 258.01896521 918.2649948 260.75008161 
915.62175212 257.34040261 921.06079234 258.28842784 918.83870096 261.02000455 
916.55304109 257.79547147 921.99361045 258.73468141 919.77594855 261.46985547 
917.04486954 258.02740452 922.48531809 258.96731399 920.26730453 261.70220289 
917.81392925 258.38966105 923.25418801 259.33066844 921.03562257 262.06510966 
918.38071298 258.65693656 923.82085848 259.59859847 921.60196407 262.33277276 
919.20727259 259.04791298 924.64733813 259.99003673 922.42821161 262.72402263 
919.90959181 259.37924703 925.34950819 260.32223171 923.12994902 263.05586638 
920.64682178 259.72714824 926.08660596 260.6708952 923.86666375 263.40421881 
920.80083917 259.80004237 926.2405798 260.74404035 924.02051146 263.47726152 
921.97445205 260.3544774 927.41396152 261.29980643 925.19322444 264.03248428 
922.62029857 260.66041291 928.05972208 261.60623645 925.83873658 264.3387124 
923.31543095 260.98843478 928.75472455 261.93500512 926.53336391 264.66717611 
923.92534037 261.27669769 929.36450958 262.22398253 927.14279006 264.9558617 
924.59172301 261.59146727 930.03072791 262.53969508 927.8085348 265.27118903 
925.24065038 261.89850708 930.67957287 262.84720746 928.45714244 265.57850832 
925.77252406 262.15364581 931.21119335 263.10379665 928.9880346 265.83450472 
926.78698813 262.62301615 932.22632987 263.56930984 930.00510819 266.30159381 
927.36506772 262.89692362 932.80443755 263.84305577 930.58329702 266.5754057 
928.08587035 263.2393102 933.52514432 264.18599331 931.30372703 266.91811824 
928.55819125 263.46351794 933.99734469 264.41089334 931.77557969 267.14273552 
929.54595815 263.93291993 934.9850129 264.88086176 932.76296341 267.61247254 
930.17743085 264.23333821 935.61634817 265.18206826 933.39390283 267.913357 
930.85613582 264.55584533 936.29495739 265.50512412 934.07223651 268.23618862 
931.4958231 264.85957597 936.93455554 265.8093653 934.7115783 268.54022113 
932.28234072 265.23399556 937.72103157 266.18402302 935.49793476 268.91478152 
932.87479606 265.51563785 938.313394 266.46619705 936.09003021 269.19673819 
933.45184962 265.79065506 938.89040477 266.74145903 936.66691809 269.4719001 
934.20859075 266.15182367 939.64710387 267.10286803 937.42349651 269.83321082 
934.9499303 266.50526017 940.38842057 267.45643511 938.16474766 270.18672451 
935.49001988 266.76260592 940.92845315 267.71410678 938.70461661 270.44426291 
936.2549758 267.1270872 941.69335357 268.07890521 939.46935782 270.80893164 
936.89980026 267.41420644 942.33717346 268.3717465 940.11030625 271.09943121 
937.76538152 267.82728731 943.20276529 268.78476734 940.9759282 271.51247663 
938.44716803 268.15311443 943.88455178 269.11059459 941.65771462 271.83830383 
939.16181175 268.4955113 944.59919572 269.4529902 942.37235919 272.18069995 
939.65980351 268.73408467 945.09719074 269.69154508 942.87036349 272.41926241 
940.2902511 269.03450673 945.72753099 269.99257649 943.50039807 272.72004425 
941.10860073 269.42660705 946.54579554 270.38515951 944.31842049 273.11242954 
941.90230767 269.80655722 947.33923694 270.76661473 945.11110703 273.49326809 
942.50811251 270.09704371 947.94465156 271.05930843 945.71541487 273.78505698 
943.22481071 270.43943944 948.66074698 271.40510355 946.42980625 274.12945758 
943.94150893 270.78294251 949.37666372 271.7529954 947.14352402 274.47554723 
944.61405522 271.10656759 950.04832638 272.08155846 947.81271389 274.80208014 
945.24347654 271.40920637 950.67686702 272.38909318 948.43880422 275.10759944 
945.98892489 271.76928434 951.42115591 272.75557868 949.17988842 275.47144345 
946.60602642 272.05422337 952.03725867 273.04600289 949.79324973 275.75960296 
947.28781889 272.34462479 952.71816482 273.34124576 950.47173766 276.05284426 
948.1123301 272.74557751 953.54144 273.74890995 951.29166285 276.45772966 
948.68835866 273.02502802 954.11663542 274.03285826 951.86461472 276.73981304 
949.51286991 273.42819547 954.94019066 274.44116131 952.68560974 277.1459841 
950.14023783 273.73526636 955.56696317 274.75141711 953.31079529 277.45491631 
950.82818626 274.0732684 956.25430795 275.09263767 953.99653696 277.79479822 
951.4863579 274.39691168 956.91186332 275.41955589 954.65246177 278.12035318 
952.22667273 274.7614259 957.65151068 275.78760494 955.39034987 278.48692953 
952.84377301 275.06518773 958.26804025 276.09437923 956.00538075 278.79244769 
953.5758737 275.42639027 958.99956296 276.45862332 956.73539085 279.15542254 
954.28127789 275.77544482 959.70426191 276.81137658 957.43825111 279.50663102 
954.87373542 276.06816376 960.29604862 277.10760101 958.02829594 279.80139001 
955.59351484 276.42495234 961.01515628 277.46788781 958.74566605 280.16021311 
955.57605944 276.41611504 960.99719592 277.46167209 958.72640405 280.15289964 
956.9170479 277.07223352 962.33841835 278.11657671 960.06822913 280.80831264 
957.75183603 277.4222499 963.17472375 278.45868563 960.90846248 281.15372947 
958.45518731 277.77130798 963.87739319 278.81130494 961.60936246 281.50485984 
959.11746705 278.10048434 964.53904431 279.14375336 962.26938845 281.83593903 
959.73046093 278.40535968 965.1515973 279.45091734 962.88080513 282.14214464 
960.54778613 278.81296752 965.96821819 279.86217038 963.69561682 282.55187007 
961.14229798 279.10900705 966.56217587 280.16106878 964.28815614 282.84956941 
961.91341778 279.49452492 967.33256849 280.550326 965.05669428 283.23725696 
962.63114459 279.85353215 968.04952745 280.91326679 965.77170337 283.59854496 
963.24721921 280.1617263 968.66495614 281.22475822 966.38549829 283.90864967 
963.62918539 280.35393603 969.04662798 281.41846696 966.7664276 284.1017276 
964.66624463 280.87311752 970.08211797 281.94560356 967.79797931 284.62551252 
965.24124771 281.16253728 970.65631229 282.23909932 968.37015723 284.91728834 
966.05960044 281.57457433 971.47327405 282.65810943 969.18367169 285.33335194 
966.61304099 281.85405455 972.02582715 282.94201425 969.7340389 285.61538442 
967.40161808 282.24287587 972.81375147 283.33407816 970.52036202 286.00607485 
967.95403757 282.47696521 973.36605053 283.56876462 971.0723663 286.24050825 
968.87506956 282.9453512 974.28573352 284.0438164 971.98875992 286.7127326 
969.54145736 283.28448994 974.95110005 284.38797362 972.65165174 287.054758 
970.22940777 283.63578303 975.63796809 284.74455963 973.33591138 287.40909267 
970.89579554 283.9771364 976.30334185 285.09084788 973.9988547 287.75327917 
971.43486123 284.2533125 976.84155359 285.37116223 974.53502947 288.03182904 
972.29941995 284.69740645 977.70486873 285.82125417 975.39539404 288.47936028 
973.04384419 285.07963648 978.44825583 286.20846118 976.13633447 288.86443954 
973.73795544 285.43867355 979.14164204 286.57096389 976.82801787 289.22545906 
974.47827255 285.82090863 979.88141126 286.95581053 977.5665044 289.60918718 
974.97626676 286.07831045 980.37897619 287.21525424 978.06306672 289.86775584 
975.6436817 286.4240925 981.04604613 287.56267446 978.72933247 290.2144737 
976.45587448 286.84499702 981.85792729 287.98505657 979.5404884 290.63622205 
977.22494212 287.24380761 982.626622 288.38563279 980.30831669 291.03604067 
977.8307499 287.55755263 983.23203656 288.70123647 980.91281938 291.35084646 
978.65013584 287.94080739 984.05007964 289.09081489 981.72776159 291.73770746 
979.26723848 288.26118289 984.66688055 289.41260629 982.34386852 292.05888982 
980.02295835 288.65336656 985.42228336 289.80627579 983.09854321 292.45191998 
980.55689094 288.93065757 985.95598718 290.08463764 983.63172236 292.7298209 
981.42350467 289.38139525 986.82237988 290.53640898 984.49760868 293.1811472 
982.14328706 289.75590578 987.54197775 290.91178172 985.21678419 293.55614863 
982.86409646 290.13041537 988.26259985 291.28716574 985.93697801 293.93115599 
983.48119966 290.45189907 988.87958989 291.60917746 986.55370945 294.25294023 
984.13526763 290.79216274 989.53348715 291.9502371 987.20721692 294.5936569 
984.78112136 291.12800727 990.17936335 292.28597695 987.85314438 294.92944186 
985.6035838 291.55665327 991.00176558 292.71490356 988.6754092 295.35824754 
986.2853756 291.9112792 991.68345713 293.06999665 989.356872 295.7131393 
986.76180854 292.15874339 992.15986549 293.31757536 989.83322428 295.96066865 
987.71364776 292.6536732 993.11163922 293.81281015 990.78484869 296.45577199 
988.33999298 292.97957633 993.73798293 294.13872028 991.41118898 296.78167909 
989.15937934 293.37833446 994.5554328 294.54646001 992.22424371 297.18554297 
989.85041301 293.73737958 995.24645638 294.90555177 992.91524448 297.54461459 
990.44390105 294.04671301 995.83996508 295.21478974 993.50879987 297.85389379 
991.18524793 294.43227343 996.58131677 295.60032798 994.25016241 298.23944162 
991.97896155 294.84545388 997.37513097 296.01304365 995.04420393 298.65235806 
992.66178125 295.20118759 998.0579965 296.36856554 995.72717307 299.00797145 
993.30044884 295.53372102 998.69672262 296.70082835 996.36603156 299.34035115 
993.79741859 295.79223498 999.19371935 296.95921754 996.86308932 299.59879423 
994.79751918 296.3114706 1000.1938278 297.47841667 997.86321565 300.11800912 
995.3930616 296.62191008 1000.7893725 297.78884579 998.45876538 300.42844271 
995.91878203 296.89478511 1001.3149785 298.06224969 998.98411273 300.70161818 
996.72584506 297.31459501 1002.1219473 298.48249512 999.79086851 301.12167547 
997.41482656 297.67253745 1002.8108415 298.84084112 1000.4795653 301.47984713 
998.20751478 298.08461396 1003.6032824 299.2540591 1001.271448 301.89257188 
998.87288058 298.4270833 1004.2681053 299.59903057 1001.9350475 302.23646169 
999.61525713 298.80378812 1005.009174 299.98174029 1002.6731818 302.61657276 
1000.3227214 299.17278212 1005.7163179 300.35219989 1003.3796099 302.98639753 
1001.1000079 299.57934106 1006.4933412 300.75996223 1004.1560455 303.39363843 
1001.7109532 299.89862199 1007.1040241 301.08044135 1004.7661433 303.71359822 
1002.366051 300.24110372 1007.7588337 301.42423703 1005.4203115 304.05682421 
1003.0427115 300.59574007 1008.4352131 301.78015445 1006.0960655 304.41218602 
1003.7429888 300.96142167 1009.1351721 302.147284 1006.7953179 304.77868737 
1004.4032208 301.30721963 1009.7951303 302.49432623 1007.4546689 305.12518958 
1004.995684 301.61877202 1010.3873398 302.80703052 1008.0463164 305.4373938 
1005.4187256 301.83972808 1010.8101351 303.0291036 1008.4685668 305.65898181 
1006.5666879 302.44183908 1011.9574246 303.6342602 1009.614371 306.26281516 
1007.1427227 302.74455321 1012.5333159 303.93762258 1010.1899462 306.56589575 
1007.9282248 303.157748 1013.3184492 304.35248247 1010.9742678 306.98003165 
1008.626449 303.52454042 1014.0163693 304.72064657 1011.6715192 307.34759911 
1008.8821213 303.66707655 1014.2719537 304.86357873 1011.9269106 307.49035897 
1009.969506 304.21722127 1015.3595638 305.41270711 1013.0150161 308.03992949 
1010.7960803 304.65472831 1016.1855894 305.85268601 1013.839837 308.47883287 
1011.3772496 304.96186627 1016.7662001 306.1623339 1014.4192249 308.78738798 
1012.1709668 305.38058899 1017.5591044 306.58470011 1015.2103548 309.20816667 
1012.7244125 305.67447244 1018.111898 306.88149747 1015.7617299 309.50369336 
1013.4483073 306.05784476 1018.8349416 307.26866307 1016.4829277 309.88920345 
1014.0253696 306.36388078 1019.4113045 307.57780666 1017.057779 310.19698963 
1014.880695 306.81907147 1020.2656232 308.03745534 1017.9099304 310.6546892 
1015.4895882 307.14389381 1020.8737872 308.36549591 1018.5165306 310.98132135 
1016.0933475 307.4654006 1021.476701 308.69072323 1019.1176372 311.30491904 
1016.8439394 307.86645849 1022.2259375 309.09772077 1019.8639905 311.70931182 
1017.4918513 308.21227365 1022.8725103 309.44937473 1020.5077311 312.05840151 
1018.2711938 308.62990715 1023.6502395 309.87400412 1021.2820696 312.47995356 
1019.0187054 309.03207625 1024.3962351 310.28270975 1022.0248998 312.8857791 
1019.7323329 309.41435468 1025.1097418 310.66550745 1022.7381551 313.2683478 
1020.4141305 309.77231162 1025.7906369 311.02733734 1023.417176 313.6284688 
1020.9121293 310.04300845 1026.287911 311.30113425 1023.9129506 313.90089665 
1021.7910714 310.52142524 1027.1661655 311.78248571 1024.7897861 314.38095114 
1022.4646532 310.889356 1027.8392085 312.15271092 1025.4617201 314.75016166 
1023.1936825 311.28711827 1028.567715 312.55269491 1026.1891531 315.14916258 
1023.7923078 311.61527543 1029.166069 312.88200408 1026.7869504 315.47796179 
1024.5583021 312.03403281 1029.9316547 313.3024936 1027.5516995 315.89768428 
1025.2103213 312.39202395 1030.583231 313.66235939 1028.2023705 316.25671956 
1025.9947983 312.8218327 1031.367131 314.09460586 1028.9850936 316.6878855 
1026.6088261 313.15883062 1031.9807427 314.4333587 1029.5978583 317.02586006 
1026.9302152 313.33561728 1032.3018439 314.61135847 1029.918374 317.20332163 
1027.5041978 313.65051695 1032.8755708 314.92733448 1030.4915816 317.51881999 
1028.6234128 314.26595567 1033.9940608 315.54581871 1031.6086026 318.13595202 
1029.3637376 314.67367154 1034.7339402 315.9554023 1032.3475814 318.54470584 
1030.0332134 315.0405018 1035.4033997 316.32230092 1033.0170079 318.91157408 
1030.7971574 315.44265648 1036.1673321 316.72450422 1033.7809168 319.31375577 
1031.4881958 315.82496324 1036.8581418 317.10776879 1034.4712648 319.69659466 
1032.177181 316.2050582 1037.5467362 317.48949839 1035.1590712 320.07759753 
1032.8805414 316.59399459 1038.2497493 317.87988603 1035.8613848 320.46733974 
1033.5479636 316.96414948 1038.9168801 318.25125704 1036.5279297 320.8381697 
1034.2841818 317.3729785 1039.6527253 318.66164088 1037.2630258 321.24786158 
1034.8910229 317.7088793 1040.259355 318.99842237 1037.8692312 321.584251 
1035.6950105 318.15527673 1041.062981 319.44632384 1038.6721328 322.03148271 
1036.3059589 318.49449476 1041.6737287 319.78637622 1039.2824787 322.37116344 
1037.0267756 318.8944845 1042.3943872 320.18702307 1040.0028208 322.77151753 
1037.7003592 319.27016942 1043.0679106 320.5629577 1040.676224 323.14734091 
1038.389345 319.65358755 1043.7568988 320.9463661 1041.3652169 323.53075364 
1039.1789583 320.09003774 1044.546507 321.38283731 1042.154815 323.96721549 
1039.8289267 320.4447137 1045.1964644 321.73755914 1042.8047503 324.32191687 
1040.4121532 320.75960631 1045.7796791 322.05250096 1043.3879413 324.63683677 
1041.0025678 321.07670545 1046.3700861 322.36963109 1043.9783334 324.95395309 
1041.6720461 321.44021756 1047.0395666 322.73313446 1044.647818 325.31746035 
1042.4955449 321.89323866 1047.8630822 323.18608556 1045.4713674 325.77044264 
1043.3077486 322.34295103 1048.6752755 323.63584141 1046.2835397 326.22017912 
1043.9320467 322.69101342 1049.2997267 323.98326754 1046.9082973 326.56788874 
1044.7421968 323.14183564 1050.1101159 324.43309658 1047.7191648 327.01816022 
1045.4260499 323.52304714 1050.7941691 324.81347593 1048.4036187 327.39891017 
1046.1797261 323.94182488 1051.54803 325.23148504 1049.1578498 327.81726154 
1046.8533113 324.31751236 1052.2217861 325.60646089 1049.8319487 328.19255421 
1047.4550202 324.65231481 1052.8236249 325.94072221 1050.4340482 328.5270564 
1048.2446351 325.09098224 1053.6135245 326.37820267 1051.2245197 328.96506511 
1048.7621461 325.37827045 1054.1311618 326.66496436 1051.7424106 329.25206107 
1049.6000211 325.84456384 1054.9692522 327.13035869 1052.5809343 329.71785536 
1050.3352156 326.2533989 1055.7046945 327.53815825 1053.3168756 330.12611547 
1051.0026427 326.61027307 1056.3724591 327.89362114 1053.9853205 330.48220585 
1051.7142261 326.96488497 1057.0842753 328.24725853 1054.6976065 330.8362764 
1052.4853593 327.3936098 1057.8557499 328.67455268 1055.4697709 331.26420629 
1053.1681871 327.77261036 1058.5388247 329.05251749 1056.1533452 331.64263121 
1053.8633369 328.15824045 1059.2343246 329.4366775 1056.8495541 332.02744407 
1054.5420579 328.53392449 1059.91338 329.8109558 1057.5292877 332.40234642 
1055.365559 328.99137852 1060.73734 330.26647818 1058.3541797 332.85872598 
1055.948787 329.31402481 1061.3208759 330.58782647 1058.9383421 333.18065002 
1056.6439372 329.69965571 1062.0165139 330.9713985 1059.6349739 333.56513494 
1057.2990421 330.0620807 1062.672112 331.33173814 1060.2915789 333.92639873 
1057.9757101 330.43666082 1063.3491032 331.70494975 1060.969231 334.30021655 
1058.7139869 330.84549509 1064.0878796 332.11166547 1061.7090308 334.70787033 
1059.2540894 331.14383227 1064.6284947 332.4078251 1062.250698 335.00499363 
1060.1022353 331.6123324 1065.4772842 332.87358565 1063.1008117 335.47196584 
1060.849754 332.02447866 1066.225339 333.2834452 1063.849972 335.88283613 
1061.4576268 332.35706366 1066.8335743 333.61448124 1064.4589564 336.21455649 
1062.2688172 332.73482011 1067.6452551 333.99013888 1065.2716525 336.59114096 
1062.975264 333.12265482 1068.3521782 334.3759324 1065.9795631 336.97783541 
1063.5646545 333.44529627 1068.9419476 334.69694714 1066.5701198 337.2995678 
1064.2587799 333.82650197 1069.6365772 335.0759845 1067.265799 337.67956132 
1065.0381311 334.25300765 1070.4164577 335.50020975 1068.0467837 338.1047916 
1065.6685945 334.5977476 1071.0474335 335.84273804 1068.6788307 338.44829408 
1066.3462915 334.96790045 1071.7256903 336.21046975 1069.3582605 338.81709163 
1067.0804632 335.37009897 1072.4604594 336.61007942 1070.0942843 339.21784027 
1067.711954 335.71373122 1073.0924452 336.95156185 1070.7273123 339.56026796 
1068.3146939 336.04300213 1073.6954764 337.27956611 1071.3309576 339.88882892 
1069.1186898 336.4805537 1074.5000633 337.71454313 1072.1367932 340.32493693 
1069.7686635 336.83523775 1075.1505681 338.06690842 1072.788423 340.67832023 
1070.4514956 337.20649332 1075.8338222 338.43631846 1073.4725727 341.0485401 
1071.1487032 337.58548342 1076.5313934 338.81371652 1074.1709165 341.42663645 
1071.9527005 338.01639316 1077.3355645 339.24386447 1074.9754575 341.85711845 
1072.7002321 338.34772264 1078.0828804 339.57613964 1075.7223143 342.18897893 
1073.4220842 338.73665089 1078.805205 339.96299519 1076.4456452 342.57674323 
1074.1839822 339.14767861 1079.567663 340.37156236 1077.2092981 342.9863886 
1074.690203 339.42059195 1080.074181 340.64316724 1077.7164517 343.25856656 
1075.5013886 339.85703076 1080.8859885 341.07686438 1078.5295912 343.69346392 
1076.1801149 340.22275676 1081.5651845 341.44051497 1079.2097959 344.0580225 
1076.8701363 340.59400638 1082.2555991 341.81002507 1079.901056 344.4282933 
1077.384572 340.87133993 1082.7703688 342.08587796 1080.4165457 344.70479342 
1078.3138425 341.36965135 1083.7001537 342.58190634 1081.3474409 345.20181929 
1078.9514966 341.7132799 1084.3381975 342.92380184 1081.9863278 345.54447162 
1079.4053505 341.9563583 1084.7923277 343.16564995 1082.4410566 345.7868568 
1080.3079242 342.44030663 1085.6953702 343.64750833 1083.3451161 346.26962715 
1080.9158011 342.76625378 1086.3034235 343.97266797 1083.9535527 346.59513031 
1081.2135788 342.9253591 1086.6016128 344.12993338 1084.2526377 346.75319803 
1082.4221463 343.56508334 1087.8101202 344.76992676 1085.461014 347.39307407 
1083.453084 344.03560887 1088.8400252 345.24506138 1086.4886757 347.86619802 
1083.9141265 344.2797875 1089.3012401 345.48847203 1086.9502643 348.10994385 
1084.7222344 344.70958998 1090.109736 345.91654375 1087.7596025 348.53877073 
1085.3260052 345.03000702 1090.7136867 346.236157 1088.3639446 348.85873457 
1085.9934391 345.38356954 1091.3813478 346.58870428 1089.0320998 349.21172457 
1086.6793557 345.74818364 1092.0673531 346.95292166 1089.7182983 349.57611493 
1087.1824983 346.01446016 1092.5705967 347.2187467 1090.2217617 349.84213679 
1088.1066381 346.50392387 1093.4950588 347.70676737 1091.1469264 350.33078641 
1088.7145167 346.82655161 1094.1030244 348.0290052 1091.755082 350.65319415 
1089.394273 347.1867446 1094.7828229 348.38900943 1092.4349723 351.01328063 
1090.0873782 347.55356621 1095.4759553 348.75570903 1093.1281642 351.38003338 
1090.7507058 347.90381308 1096.1393079 349.10584411 1093.7915712 351.73021717 
1091.4294357 348.26400775 1096.8180375 349.46603957 1094.4703005 352.09041229 
1092.2498674 348.69822805 1097.6384692 349.90025985 1095.2907322 352.52463257 
1092.9214121 349.03628827 1098.3098043 350.23925952 1095.9616098 352.8632229 
1093.5518877 349.32457196 1098.939755 350.52989197 1096.5904169 353.15283149 
1094.2213769 349.67813458 1099.6091831 350.88372766 1097.259712 353.5065481 
1095.0510507 350.11677443 1100.4385863 351.32357609 1098.0885269 353.94586942 
1095.7523717 350.48691025 1101.13963 351.69494946 1098.7889683 354.31670289 
1096.4352101 350.84710194 1101.8222548 352.05609323 1099.4711297 354.67743118 
1097.1509068 351.22607979 1102.5377058 352.43616504 1100.1860485 355.05702547 
1097.7207943 351.52882223 1103.107404 352.73975018 1100.7553367 355.36024268 
1098.5545762 351.96967316 1103.9409964 353.18144392 1101.5885191 355.80156838 
1099.2651391 352.34644288 1104.6512778 353.55946395 1102.2981924 356.17904226 
1099.7980615 352.62818997 1105.183965 353.84225496 1102.8303719 356.46137714 
1100.6380047 353.07346354 1106.0235828 354.28897099 1103.6692883 356.90746272 
1101.1750345 353.35742079 1106.5605739 354.57309985 1104.206196 357.19151656 
1102.0242194 353.8082206 1107.409468 355.02518715 1105.0544642 357.64304092 
1102.7019244 354.16841958 1108.0869621 355.38631924 1105.7315047 358.0037649 
1103.3128861 354.49104774 1108.6977154 355.70986877 1106.3418101 358.32691138 
1104.1230574 354.88099792 1109.5082412 356.09825127 1107.1530979 358.71597961 
1104.7432606 355.21025934 1110.1282449 356.42839474 1107.7726729 359.04573729 
1105.4774416 355.60029122 1110.8621508 356.8196423 1108.505988 359.43645299 
1106.1572009 355.96159611 1111.5415886 357.1823664 1109.1847361 359.79855598 
1106.8821407 356.34720978 1112.2661536 357.56963204 1109.9084985 360.18509838 
1107.5146663 356.68310154 1112.8983317 357.90705324 1110.5399337 360.5218497 
1108.3022427 357.10296976 1113.6855444 358.32851991 1111.3263702 360.94261601 
1108.9090978 357.42560374 1114.292005 358.65288543 1111.9319901 361.26622254 
1109.3721969 357.67310648 1114.7548786 358.90137717 1112.3943835 361.51428062 
1110.1967395 358.1128642 1115.5790892 359.34258862 1113.2178885 361.95485445 
1111.0048531 358.5437827 1116.3869387 359.77466236 1114.0251774 362.38642132 
1111.5449646 358.83216752 1116.9268461 360.06393921 1114.564652 362.67530669 
1112.3684808 359.2719271 1117.750159 360.50458672 1115.387534 363.11556442 
1113.0862338 359.65533606 1118.4678876 360.8881023 1116.1052109 363.4990332 
1113.6756337 359.96802569 1119.0571685 361.20131116 1116.6942399 363.81201409 
1114.449866 360.3558034 1119.8309294 361.59114435 1117.4670037 364.20094453 
1115.1676194 360.73921299 1120.5486452 361.97471782 1118.1846401 364.584446 
1115.8319778 361.09500139 1121.212993 362.33055189 1118.8489658 364.94026 
1116.5374095 361.47178173 1121.9184218 362.70734527 1119.5543882 365.31704766 
1117.2058754 361.8297804 1122.5868862 363.06535068 1120.2228493 365.67505011 
1117.8825562 362.19109191 1123.2636601 363.42625648 1120.89982 366.03613414 
1118.6916981 362.62422618 1124.0728768 363.85906486 1121.7091947 366.46908567 
1119.2975279 362.94797103 1124.6788986 364.18197233 1122.3156228 366.79236092 
1119.943404 363.29381606 1125.3248983 364.52727857 1122.9618838 367.13790376 
1120.3623508 363.51811814 1125.7439112 364.75129193 1123.3810368 367.36204389 
1121.37994 364.0617448 1126.7618337 365.2934632 1124.3996654 367.90485406 
1120.4989193 363.59104358 1125.8799143 364.82668211 1123.5158443 367.43635155 
1121.2043519 363.9678253 1126.5858725 365.20117309 1124.2229136 367.81184865 
1123.4674876 365.17662206 1128.8498666 366.4062181 1126.4887283 369.01854024 
1124.1513578 365.53903486 1129.5337892 366.76840147 1127.1727622 369.38082426 
1124.9255913 365.93456589 1130.308108 367.16355908 1127.9472622 369.77614566 
1125.6043272 366.29698455 1130.9870007 367.52529084 1128.6264883 370.13817868 
1126.2122118 366.62183611 1131.5948896 367.85012358 1129.2343864 370.46301967 
1126.9689872 367.02624334 1132.3518066 368.25390976 1129.9916049 370.86707819 
1127.6518308 367.39087249 1133.0346938 368.61834801 1130.6745847 371.23160014 
1128.2894939 367.73119284 1133.6723315 368.95877968 1131.3121684 371.571983 
1129.1160945 368.17206207 1134.4987666 369.4003742 1132.1382514 372.01325948 
1129.6952283 368.48144516 1135.0777952 369.7102185 1132.7170561 372.3229015 
1130.207618 368.75547088 1135.590032 369.98491405 1133.2289678 372.59730325 
1131.120473 369.24274895 1136.5028687 370.47227205 1134.1417657 373.08462619 
1131.6821509 369.54329395 1137.0644246 370.77335126 1134.7030623 373.38547104 
1132.4224981 369.93886327 1137.8045954 371.16969177 1135.4428589 373.78147317 
1133.2716898 370.39299561 1138.6534985 371.62508535 1136.29115 374.23631322 
1133.877522 370.71674417 1139.2590647 371.94999521 1136.8961528 374.56071325 
1134.9218128 371.27363395 1140.3028835 372.50894286 1137.9389734 375.11875711 
1135.45577 371.5354596 1140.8366616 372.77154867 1138.4723731 375.38102016 
1136.1211589 371.89125258 1141.5018263 373.12831713 1139.1370648 375.73735996 
1136.7372597 372.22274093 1142.1178233 373.46025691 1139.7528429 376.06910133 
1137.4149707 372.58627118 1142.7953785 373.82446441 1140.4300697 376.43301112 
1136.915929 372.31776546 1142.2973723 373.55145063 1139.9342497 376.16197805 
1138.9439283 373.4072552 1144.3237031 374.64819556 1141.9570627 377.25553418 
1139.4902047 373.70117551 1144.8698743 374.9425721 1142.5030128 377.54971001 
1140.3034584 374.13874133 1145.6829131 375.38106865 1143.3156006 377.98779702 
1141.0017069 374.51332224 1146.3809 375.75678148 1144.0130391 378.36301166 
1141.6866063 374.88238177 1147.0656237 376.12660133 1144.6973944 378.7324968 
1141.9977377 375.04923053 1147.3765245 376.29444663 1145.0078124 378.89990329 
1143.0338154 375.60723966 1148.4121386 376.85445657 1146.0424575 379.4590319 
1143.4466037 375.82933804 1148.8249047 377.07665062 1146.4551772 379.6811838 
1144.4785746 376.38403074 1149.8565509 377.63274276 1147.4861457 380.23665923 
1145.0258794 376.67352273 1150.4040288 377.92148839 1148.0339851 380.52573379 
1145.8524869 377.09114807 1151.2314075 378.33578591 1148.8629755 380.94149721 
1146.7509693 377.57623301 1152.1297963 378.82127521 1149.7611685 381.42680846 
1147.4266283 377.9408754 1152.8052109 379.18697274 1150.436072 381.79204128 
1148.1793003 378.34640084 1153.5576794 379.59337634 1151.1881152 382.19805803 
1148.5191835 378.52982718 1153.8974732 379.77718861 1151.5277221 382.38170026 
1148.7040142 378.63038177 1154.0822968 379.87777378 1151.7125308 382.48227196 
1148.9935824 378.78728994 1154.3719085 380.03449411 1152.0022335 382.63907505 
1149.6456246 379.13867221 1155.0240132 380.38560698 1152.6544686 382.99030662 
1150.917877 379.82597091 1156.2963152 381.07269162 1153.9268744 383.67748556 
1152.367773 380.60940417 1157.7462452 381.85597832 1155.3768753 384.46083683 
1153.0619161 380.98399294 1158.4405377 382.2299223 1156.0714801 384.83506483 
1153.776596 381.3707388 1159.1553771 382.61597942 1156.7866531 385.22142529 
1154.5765038 381.80278786 1159.955442 383.04734962 1157.5870469 385.65309442 
1155.3148014 382.20168785 1160.6938788 383.44564784 1158.3257752 386.05165759 
1155.9185845 382.51769428 1161.2981262 383.75964495 1158.9309961 386.36653907 
1156.7503294 382.93310379 1162.1315446 384.1677832 1159.7679398 386.77787397 
1157.4249636 383.29553584 1162.8063402 384.52951144 1160.4430768 387.13991132 
1158.1837985 383.70548652 1163.5653115 384.93886756 1161.2023365 387.54952852 
1158.6859237 383.97510062 1164.0675063 385.20817803 1161.7046786 387.81897231 
1159.6593688 384.49996868 1165.0411312 385.73226084 1162.6786845 388.34339985 
1160.2877957 384.83809303 1165.6697277 386.0696438 1163.3076408 388.68110824 
1160.9172493 385.17732361 1166.2994394 386.40774662 1163.9378997 389.01970595 
1161.5436226 385.51545045 1166.9259773 386.74515255 1164.5647875 389.35742817 
1162.4831829 386.02042675 1167.8657829 387.24905486 1165.5051143 389.86180156 
1163.2081332 386.41159325 1168.5909262 387.63937572 1166.2306681 390.25249326 
1163.9864796 386.83038245 1169.3695679 388.05686935 1167.0099389 390.67055488 
1164.5430282 387.12983345 1169.9263171 388.35543984 1167.5671155 390.9695113 
1165.347046 387.56188186 1170.7306499 388.78610374 1168.3721208 391.40078184 
1166.1264198 387.98067069 1171.5102588 389.20385844 1169.1522319 391.81898953 
1166.8041367 388.34199507 1172.188305 389.56373236 1169.8309827 392.17949862 
1167.5804361 388.71650242 1172.9662379 389.93101821 1170.6124256 392.54994339 
1168.3351662 389.120925 1173.7212581 390.33415427 1171.3680714 392.95364161 
1169.0786014 389.5187168 1174.4649954 390.73060365 1172.1124617 393.3506774 
1169.6782785 389.83915954 1175.0648653 391.0501894 1172.7127484 393.6706374 
1170.4925661 390.27562751 1175.8794324 391.48541309 1173.5279209 394.10640434 
1171.2277871 390.6678929 1176.6149256 391.87646573 1174.2640043 394.4979863 
1171.8346524 390.99275722 1177.2220097 392.20035476 1174.8715629 394.82230089 
1172.7464911 391.47894525 1178.1341137 392.68535842 1175.7842434 395.30782121 
1173.384162 391.82038486 1178.7719949 393.02585872 1176.4225818 395.64873115 
1174.0587996 392.18060739 1179.4468531 393.3850951 1177.0979201 396.00839749 
1174.7447328 392.54635403 1180.1330241 393.7497769 1177.7846096 396.37354345 
1175.5045989 392.95188068 1180.8932456 394.15371113 1178.5456067 396.77817158 
1176.2264718 393.33751872 1181.6153742 394.53820241 1179.2682938 397.16316239 
1176.7029288 393.59055637 1182.0919994 394.79048469 1179.7452869 397.41577363 
1177.9474683 394.24579164 1183.3371837 395.44282046 1180.991884 398.06937155 
1178.6118445 394.55509819 1184.002439 395.74816214 1181.6590719 398.37643767 
1179.168396 394.85012413 1184.559285 396.04185646 1182.2165672 398.67071077 
1180.0093843 395.29653184 1185.4006789 396.48642819 1183.0588565 399.11608018 
1180.7096947 395.66780093 1186.1013346 396.85613175 1183.7602759 399.48646363 
1181.5866233 396.131886 1186.9787128 397.31817504 1184.6386503 399.94939324 
1182.2386723 396.47663448 1187.6310775 397.66148736 1185.291716 400.29332871 
1182.6001231 396.66779328 1187.9926738 397.8519841 1185.6536353 400.48411264 
1181.9809331 396.34183184 1187.3730259 397.52810545 1185.032971 400.15933034 
1182.9081777 396.83132922 1188.3007791 398.0152892 1185.9618533 400.64751787 
1184.9064267 397.88656817 1190.2999925 399.06612674 1187.9632158 401.70026338 
1184.0767326 397.44568266 1189.4694581 398.62907728 1187.1308083 401.26155115 
1183.9319476 397.36390504 1189.3243256 398.54888155 1186.9849037 401.18066926 
1184.3509033 397.57714714 1189.7433226 398.7619356 1187.4039925 401.3938049 
1185.207297 398.02132649 1190.6000401 399.20464074 1188.2614295 401.83714946 
1186.3789342 398.63014224 1191.7721764 399.81117972 1189.4346774 402.4446755 
1187.7415659 399.34061696 1193.1353758 400.5190588 1190.7991444 403.1536792 
1189.1709433 400.08645163 1194.5652837 401.26246279 1192.2302398 403.89813567 
1190.5428173 400.80466833 1195.9375458 401.97889782 1193.6033726 404.61534176 
1191.7349925 401.43007246 1197.1298623 402.60365277 1194.7960063 405.24037757 
1192.5687964 401.86874216 1197.96368 403.04225863 1195.6298553 405.67901105 
1193.2300894 402.2156984 1198.6248821 403.38963274 1196.2908531 406.02620438 
1193.9632621 402.60133021 1199.3578465 403.77622151 1197.0233498 406.41237908 
1194.6502266 402.96265305 1200.044618 404.13842984 1197.7096887 406.77420417 
1195.4604137 403.38806257 1200.8546351 404.5646192 1198.5193247 407.20005595 
1196.1607274 403.757122 1201.5547448 404.93461351 1199.2189777 407.56964547 
1196.9288137 404.16153995 1202.3225681 405.34023551 1199.9862129 407.97474601 
1197.5562211 404.49192537 1202.9497031 405.67186704 1200.6127393 408.30583769 
1198.3294419 404.89965989 1203.7226327 406.08093163 1201.3850194 408.71432587 
1199.0143535 405.25987898 1204.4073648 406.44197006 1202.0693514 409.07500914 
1199.7393132 405.63666401 1205.1326871 406.81709944 1202.7954821 409.45085614 
1199.4641202 405.4631279 1204.8596073 406.6338667 1202.5271403 409.27182032 
1200.6604053 406.09406797 1206.055558 407.26634682 1203.7223382 409.90363455 
1201.8700399 406.73274483 1207.2647298 407.90715123 1204.9304701 410.54351862 
1202.4604813 407.04434836 1207.8551152 408.21901254 1205.5207295 410.85526839 
1203.2963413 407.485234 1208.6906496 408.66139228 1206.3555338 411.29700148 
1203.9884416 407.8509828 1209.3824893 409.02833539 1207.0467901 411.66342751 
1204.7349654 408.24546129 1210.1287819 409.42387279 1207.7925654 412.05850633 
1205.3171923 408.55375258 1210.7107674 409.73326843 1208.3740116 412.36742358 
1206.6993401 409.28414656 1212.0921807 410.46701651 1209.753787 413.09971789 
1206.6890716 409.27862145 1212.0821726 410.4603034 1209.7443589 413.09351984 
1207.3719309 409.63884509 1212.7648002 410.82158426 1210.4264703 413.45434235 
1207.7960225 409.86315738 1213.1888037 411.04629772 1210.8502781 413.67888185 
1208.7951536 410.39244788 1214.1875434 411.57737088 1211.8481476 414.20918181 
1209.464664 410.74715016 1214.8568453 411.9330218 1212.5169865 414.56442113 
1210.1536855 411.10736829 1215.5467518 412.28920841 1213.2088609 414.92235628 
1210.8160107 411.43993573 1216.2132949 412.60236138 1213.8848945 415.24390504 
1210.9104816 411.48965979 1216.3076191 412.65276641 1213.9788854 415.29401628 
1212.1817307 412.16370698 1217.578272 413.32957637 1215.2481865 415.96963376 
1212.855349 412.52172741 1218.2513112 413.69027408 1215.9199162 416.3291751 
1213.5197256 412.87532897 1218.9149023 414.0474975 1216.5817364 416.68483294 
1214.1122226 413.18914758 1219.5063252 414.36624893 1217.1707487 417.00144984 
1214.8720971 413.59468692 1220.2642372 414.78074562 1217.9242871 417.41206377 
1214.0115909 413.13278692 1219.4062708 414.3072397 1217.0719884 416.94358703 
1216.3179125 414.36819948 1221.7058176 415.57335076 1219.3565615 418.19636385 
1216.5859222 414.51295956 1221.9729715 415.72193024 1219.6218565 418.34327718 
1217.5378189 415.02680223 1222.922439 416.24654678 1220.566085 418.86318529 
1218.1734435 415.37157743 1223.5562969 416.59909494 1221.1961675 419.21232865 
1218.7536178 415.68651692 1224.1348352 416.92118704 1221.7712349 419.53128189 
1219.4652297 416.07550007 1224.8445719 417.31831456 1222.4770233 419.92482853 
1220.1131764 416.43022738 1225.4917866 417.67620595 1223.1227052 420.28132681 
1220.8751059 416.83687369 1226.2593409 418.05831693 1223.9021615 420.67421193 
1221.4830051 417.17282104 1226.8658781 418.40025232 1224.5057906 421.01352384 
1222.1668915 417.55186911 1227.5483502 418.78548693 1225.1852604 421.39604392 
1222.7943008 417.90108245 1228.1746673 419.13945523 1225.8092715 421.74792301 
1223.3375077 418.20498945 1228.7170386 419.44698688 1226.349886 422.05386042 
1224.0583611 418.60725013 1229.4370586 419.85285168 1227.0681598 422.45813859 
1224.7463549 418.99293754 1230.1246782 420.24015377 1227.7549974 422.8447294 
1225.4127848 419.36646869 1230.7907865 420.61507117 1228.4204344 423.21903591 
1226.1069399 419.75657875 1231.484895 421.00538156 1229.1144459 423.60925801 
1226.6912214 420.08480156 1232.0690838 421.33400375 1229.6984413 423.93770416 
1227.2138917 420.37765907 1232.591727 421.62697782 1230.2210281 424.23062684 
1227.9039396 420.76555957 1233.2820315 422.01377369 1230.9118674 424.6179096 
1228.7418554 421.23523752 1234.1203981 422.48150728 1231.7511757 425.08649987 
1229.4031517 421.60656076 1234.782098 422.85108752 1232.4137198 425.45684773 
1229.9751116 421.92704702 1235.354707 423.16876475 1232.9876899 425.77576136 
1230.7288256 422.34809754 1236.1131334 423.56922006 1233.7561098 426.18525546 
1231.3254302 422.68295177 1236.7099589 423.90310003 1234.3534086 426.51956187 
1232.008291 423.06643227 1237.3932389 424.28472866 1235.0375887 426.90200079 
1232.567929 423.38028889 1237.9531983 424.5971638 1235.598239 427.21505764 
1233.352449 423.82123732 1238.7381949 425.03600094 1236.3842621 427.6548178 
1233.9634301 424.16382754 1239.3495107 425.37710663 1236.9962998 427.99657221 
1234.5836531 424.51083706 1239.9700543 425.72269231 1237.6175359 428.34277986 
1234.8691202 424.66997419 1240.255753 425.88079932 1237.9037357 428.50133672 
1235.8559323 425.22253839 1241.2431987 426.43054103 1238.8925548 429.05231041 
1236.6301847 425.65574842 1242.0180866 426.86091372 1239.6688237 429.48392069 
1237.3325571 426.04806773 1242.721058 427.25055197 1240.3731006 429.87472757 
1237.9004109 426.36523869 1243.2892527 427.56619419 1240.9420399 430.19103578 
1238.2772687 426.57631876 1243.6662903 427.77646731 1241.3194705 430.40166035 
1239.3020759 427.14766714 1244.6917031 428.34509335 1242.3462097 430.97147152 
1239.8884142 427.47035552 1245.2782159 428.66699591 1242.9331055 431.29371602 
1240.6359726 427.86373725 1246.0260142 429.05929654 1243.6814307 431.68648697 
1241.3188357 428.24389907 1246.7092691 429.43769024 1244.3655475 432.06564961 
1241.9339259 428.58648721 1247.3246765 429.77884545 1244.9816535 432.40742774 
1242.4863777 428.89371068 1247.8773702 430.0849747 1245.5348809 432.71403251 
1243.2421483 429.31476315 1248.6334382 430.50468073 1246.2916055 433.1343235 
1243.8387554 429.64629918 1249.2304222 430.83450786 1246.8894231 433.46489277 
1244.4928668 430.01099116 1249.8851308 431.19648688 1247.5454555 433.82804932 
1245.2342619 430.42320175 1250.6275648 431.60396164 1248.2902014 434.23757773 
1245.8411379 430.7613707 1251.2356124 431.93676643 1248.9008692 434.57270569 
1246.5075723 431.13047932 1251.9033447 432.29990273 1249.5715209 434.9384249 
1247.2068665 431.51837618 1252.6039424 432.68176861 1250.2750689 435.32289515 
1247.6740898 431.77586604 1253.0718684 432.9359939 1250.7445927 435.57852855 
1248.4596413 432.20796145 1253.8586627 433.36229139 1251.5342265 436.00732403 
1249.1075931 432.5638039 1254.5076157 433.71344132 1252.185479 436.36049304 
1249.7154976 432.89533004 1255.1166335 434.03972569 1252.7970672 436.68903001 
1250.3305964 433.18809959 1255.7349839 434.31703987 1253.4230057 436.97296878 
1251.1746798 433.6522437 1256.580234 434.77558425 1254.2710087 437.43390703 
1251.7363757 433.95835292 1257.1429937 435.07656244 1254.8362925 437.73707576 
1252.4716123 434.3583936 1257.8793204 435.47131906 1255.5752203 438.13408529 
1253.0795177 434.68770635 1258.487844 435.79762395 1256.1852252 438.46167128 
1253.7059069 435.02696483 1259.1150021 436.13312908 1256.8142326 438.79877365 
1254.3251081 435.36180219 1259.7348855 436.46462562 1257.4357627 439.13169062 
1255.0398084 435.74747165 1260.4500213 436.84815587 1258.1519533 439.51612977 
1255.6240965 436.06241612 1261.034678 437.16128745 1258.737504 439.83003124 
1256.1211009 436.3298419 1261.5319494 437.42739806 1259.2354242 440.09670013 
1256.9292467 436.76523885 1262.3404204 437.86119019 1260.044687 440.53117326 
1257.6059533 437.1299118 1263.0173652 438.22468667 1260.7222123 440.89516879 
1258.1296566 437.41170388 1263.5412373 438.50564374 1261.2464966 441.17647998 
1258.8772176 437.81394845 1264.2888694 438.9075366 1261.9943022 441.57852197 
1259.3310952 438.04931146 1264.7426642 439.14330967 1262.4478946 441.81412117 
1260.0447777 438.37741278 1265.4557662 439.47427839 1263.1595817 442.14387353 
1260.9443155 438.86364737 1266.3553467 439.96030233 1264.0592661 442.62998685 
1261.4957451 439.15869795 1266.9068548 440.25496522 1264.6109655 442.92481424 
1262.1734797 439.52226406 1267.584668 440.61814371 1265.2889699 443.28815719 
1262.8789401 439.90019527 1268.2901672 440.99588277 1265.994564 443.66597777 
1263.5340838 440.251606 1268.9453095 441.34730094 1266.6497026 444.01739278 
1264.0043909 440.50356039 1269.4156209 441.5992339 1267.1200245 444.26933483 
1264.6769917 440.86381098 1270.088145 441.95986309 1267.7923619 444.62980341 
1265.4789785 441.29368141 1270.8900001 442.3903835 1268.5938963 445.06004802 
1266.1248808 441.64067359 1271.5357467 442.73814358 1269.239264 445.40748223 
1266.6670692 441.93130612 1272.0778206 443.02934076 1269.7810594 445.69843974 
1267.3468586 442.29597881 1272.7574713 443.39469622 1270.4603733 446.06350535 
1268.0728573 442.68606947 1273.4832881 443.78568249 1271.1857483 446.45411134 
1268.4579351 442.88828916 1273.8684154 443.98765837 1271.5709959 446.65619075 
1269.2835423 443.32035154 1274.6933281 444.42313351 1272.3942257 447.09021613 
1270.0495969 443.6794032 1275.4583728 444.78712772 1273.1568344 447.4521085 
1270.614377 443.98329963 1276.0232835 445.09038604 1273.7220596 447.75563833 
1271.1719691 444.28277485 1276.5809047 445.38971945 1274.2797506 448.05503207 
1271.7367496 444.58556442 1277.1456328 445.69276496 1274.8443526 448.35796869 
1272.3220676 444.89940492 1277.7308389 446.0071516 1275.4292896 448.67212295 
1272.9422993 445.23203193 1278.3509214 446.34050738 1276.049013 449.00516859 
1273.6118213 445.59007391 1279.0202786 446.69935323 1276.7179742 449.36367228 
1274.3450095 445.98348074 1279.7533085 447.09353147 1277.4506241 449.75752211 
1275.1552135 446.41777481 1280.5633828 447.52845697 1278.2603874 450.19217875 
1275.853488 446.79350284 1281.261623 447.90435249 1278.9585451 450.56800295 
1276.4305917 447.10292404 1281.8386286 448.21425088 1279.5353157 450.87769811 
1277.1812373 447.50627854 1282.589168 448.6181216 1280.2856009 451.28134895 
1277.7757979 447.82564684 1283.1835284 448.93846366 1280.8794818 451.60127618 
1278.4709925 448.19916447 1283.8786936 449.31212419 1281.5745766 451.97487582 
1279.0727426 448.51520457 1284.480378 449.62848314 1282.176104 452.29109891 
1279.8326373 448.87647983 1285.2401857 449.99018085 1282.9357037 452.6526166 
1280.3892041 449.17485115 1285.7966546 450.28902782 1283.4919384 452.95126086 
1281.0843992 449.54836956 1286.4917709 450.66292825 1284.1868667 453.32499846 
1281.6358319 449.84342488 1287.0431687 450.958153 1284.738181 453.62015099 
1282.399828 450.25341056 1287.8069669 451.36909836 1285.5015068 454.03068721 
1283.0180078 450.58493516 1288.4249806 451.70142762 1286.1191244 454.36267335 
1283.3568771 450.76727488 1288.7637839 451.88408691 1286.4577704 454.54519635 
1284.1578411 451.19715274 1289.5646045 452.31465876 1287.2582496 454.97547219 
1284.9618858 451.63034921 1290.3688674 452.74679906 1288.0630322 455.40806296 
1285.5923885 451.96850504 1291.0000406 453.08170312 1288.6958062 455.74435319 
1286.1705204 452.28014188 1291.5789748 453.38943532 1289.2766635 456.05374837 
1286.839018 452.63818868 1292.2487215 453.74137441 1289.94942 456.40828543 
1287.5650208 453.02717828 1292.976107 454.12356177 1290.6801604 456.79336149 
1288.3300457 453.43384349 1293.7425356 454.52327598 1291.45002 457.19602245 
1288.9359045 453.75541771 1294.3495179 454.83925321 1292.0597671 457.51436866 
1289.5356075 454.03603443 1294.9502837 455.11454842 1292.6631633 457.79191316 
1290.2975524 454.43938196 1295.7134378 455.51180676 1293.4293295 458.19174155 
1290.9732397 454.79520857 1296.3901841 455.86227178 1294.1087297 458.54446624 
1291.488734 455.06594498 1296.9063927 456.12937538 1294.6267374 458.81309916 
1292.376986 455.53338167 1297.7956728 456.59156074 1295.5186197 459.27749272 
1293.0208407 455.87041918 1298.4401602 456.92535342 1296.1647158 459.61264839 
1293.7427386 456.24834347 1299.1626141 457.30041724 1296.8885884 459.98891282 
1294.5180347 456.65278632 1299.9384734 457.70195496 1297.665889 460.391669 
1295.0766587 456.94451634 1300.4975176 457.9915114 1298.2260119 460.68213649 
1295.6589013 457.24729445 1301.0801753 458.29213799 1298.8097377 460.98366439 
1296.1559125 457.50697886 1301.5776968 458.5491713 1299.3085756 461.2418076 
1296.6026064 457.74124908 1302.0249272 458.78064657 1299.7571943 461.47445221 
1297.1602039 458.03187349 1302.5829832 459.06887618 1300.3164402 461.76368307 
1297.9909531 458.46061959 1303.4140097 459.49617183 1301.1481875 462.19158484 
1299.0917737 459.02527645 1304.514868 460.06063056 1302.2491444 462.75612635 
1299.7900593 459.35783365 1305.2133061 460.39238891 1302.9479795 463.08821842 
1300.5099055 459.73022642 1305.9336369 460.76223785 1303.669575 463.45912959 
1301.1907303 460.08162243 1306.6148796 461.11143532 1304.351911 463.80924455 
1301.8212379 460.4064971 1307.2457241 461.43453394 1304.983639 464.13308398 
1302.5133587 460.76341801 1307.9382404 461.7893657 1305.6771947 464.48878671 
1303.2414208 461.1380178 1308.6667325 462.16168959 1306.4068194 464.8620589 
