350.8702209 85.898024709 
351.53240771 86.063186935 
352.12991594 86.211830971 
352.64939915 86.340653659 
353.16785577 86.469477855 
353.80129701 86.625822969 
354.44911134 86.78657708 
355.00863413 86.925309591 
355.75500695 87.109178855 
356.42746343 87.248864207 
357.04242555 87.400806857 
357.6594411 87.552746841 
358.25695031 87.701392254 
358.88628582 87.856637066 
358.894499 87.858840098 
360.12339747 88.162728087 
360.87182456 88.347703114 
361.45804128 88.491936157 
362.12228331 88.657098219 
362.7321131 88.807942071 
363.33988964 88.958788867 
363.97333242 89.117350673 
364.61498858 89.277008546 
365.28744492 89.437731657 
365.72582604 89.529025145 
366.48554737 89.717307738 
366.66521117 89.762454949 
367.65079577 90.008000506 
368.40949073 90.197392182 
369.09529356 90.369169375 
369.66405832 90.511213771 
370.01414636 90.599306973 
370.66914994 90.763376643 
371.51716415 90.975897222 
372.14650162 91.134466578 
372.6382678 91.258902427 
373.41441676 91.453807417 
373.9605959 91.589240713 
373.58585799 91.611893767 
375.05706243 91.844602199 
375.93895772 92.059292328 
376.47076397 92.192531443 
377.1688881 92.367615354 
377.76332032 92.517376489 
378.42345845 92.683655358 
378.96450486 92.820203802 
379.44805881 92.94133069 
380.19956944 93.130735519 
380.77962904 93.276088346 
381.46235412 93.44787293 
382.05165383 93.595427744 
382.66456663 93.749593395 
383.20048035 93.885042548 
383.87807259 94.055727597 
384.38626809 94.169071998 
385.17576593 94.368390842 
385.83590538 94.534671562 
386.41185915 94.680031201 
387.01963947 94.831990567 
387.66437945 94.993864114 
387.84404427 95.039012765 
388.85838072 95.293384277 
389.40353536 95.429929287 
390.01439619 95.581885166 
390.32136658 95.658968201 
391.18991846 95.87589578 
391.86237904 96.043268439 
392.42806742 96.183107642 
393.04508875 96.336163008 
393.65184413 96.480375367 
394.18673305 96.612506743 
394.72367531 96.745742579 
395.14973854 96.851450346 
396.10453102 97.088191155 
396.76056597 97.25115877 
397.30058865 97.384390962 
397.90221104 97.531932641 
398.51410005 97.682781967 
399.1598689 97.84244267 
399.66190556 97.965762532 
400.33128791 98.129820119 
400.93804411 98.278462684 
401.23372228 98.351133727 
402.14129046 98.570226443 
402.69260839 98.692373159 
403.3927911 98.864139835 
403.93486821 98.996263481 
404.56523824 99.150410648 
405.14530213 99.290233171 
405.69867273 99.425663329 
406.31056322 99.5743002 
406.92758715 99.72403742 
407.48917148 99.859456868 
408.14726211 100.01910315 
408.72629988 100.15892785 
409.29301772 100.29655502 
409.9562421 100.45619484 
410.47881363 100.58281047 
411.07427883 100.72150641 
411.64407901 100.8369873 
412.28061056 100.99002088 
412.88634233 101.13534618 
413.50131408 101.28398058 
414.04544614 101.41499641 
414.63064486 101.55592124 
415.21892373 101.69684206 
415.82876263 101.84326964 
415.98173574 101.87959909 
417.16034729 102.16254583 
418.46421255 102.47411005 
419.40771866 102.69758891 
420.06273194 102.85059953 
420.50317211 102.95186355 
420.80398577 103.01899423 
421.03601271 103.07071755 
421.27522628 103.12464551 
421.59246643 103.19839699 
422.08834641 103.31730088 
422.67867985 103.45822061 
423.35628009 103.62005876 
423.87474707 103.74336118 
424.43941406 103.87878011 
424.98662791 104.00868694 
425.54513513 104.14190012 
426.11596242 104.27841828 
426.32540272 104.32795812 
427.20936401 104.53823413 
427.71243148 104.65823657 
428.32945977 104.79912176 
428.67031636 104.85069979 
429.43005138 105.03014346 
430.01525275 105.16885746 
430.40949372 105.26243516 
430.99777522 105.40225238 
431.50187 105.52114704 
432.06653827 105.65546048 
432.62607336 105.78756666 
433.17636851 105.91747107 
433.67019686 106.03416564 
434.18250535 106.15526408 
434.68968064 106.27415523 
435.25024282 106.4062606 
435.79129833 106.53396366 
436.05412435 106.61553966 
436.8477451 106.75729765 
437.4421878 106.89710807 
437.85798973 106.99508657 
438.49555282 107.14480374 
438.93291504 107.24718211 
439.41955751 107.36167311 
440.01092075 107.49927397 
440.51193688 107.61596022 
441.06017993 107.7447619 
441.57043626 107.86365027 
442.0365456 107.97374066 
442.55501543 108.09483251 
443.07348543 108.21481733 
443.47388807 108.30728164 
444.04471836 108.44158943 
444.62787104 108.55373827 
445.11964785 108.66711634 
445.22231521 108.6913362 
446.09396142 108.8938851 
446.66992569 109.02707949 
447.12474252 109.1316502 
447.67195997 109.2593475 451.47630239 112.09719961 
448.10932348 109.35951314 451.91422409 112.19661681 
448.66578125 109.48830546 452.47125022 112.32464671 
449.17501205 109.60608955 452.98126544 112.44137807 
449.63701597 109.71175824 453.44428726 112.54567976 
450.15856707 109.83174036 453.967307 112.66368775 
450.68833162 109.9539259 454.49938615 112.78275768 455.10253597 109.26391408 
451.18318934 110.06730101 454.99671447 112.8928013 455.59678902 109.37343197 
451.72116772 110.18836868 455.53797538 113.00943322 456.13395768 109.48936858 
452.2057595 110.29179347 456.02681875 113.10709666 456.61748991 109.58613691 
452.77248497 110.41946586 456.59741284 113.22951081 457.18324063 109.70774196 
453.2098492 110.51852522 457.03812487 113.32400757 457.61975311 109.80154272 
453.78068161 110.64619235 457.61341431 113.44558262 458.18943964 109.9221972 
454.26527327 110.75404605 458.10166981 113.54841314 458.67307911 110.02427616 
454.73138483 110.85749592 458.57117819 113.64719353 459.13829956 110.12236398 
455.32685804 110.98734485 459.1711037 113.77090394 459.7325926 110.24517278 
455.71494235 111.07207751 459.56205229 113.85167657 460.11991033 110.3253691 
455.96339849 111.12599633 459.81246832 113.90288079 460.36783862 110.37618066 
456.77344785 111.30095247 460.62851223 114.06950885 461.1762566 110.54161626 
457.34838802 111.42418639 461.20746935 114.1871408 461.75008928 110.6584564 
458.06911685 111.57711911 461.93290573 114.33348653 462.46950549 110.80388163 
458.35042703 111.63653013 462.21607628 114.39028787 462.75029254 110.86032144 
458.86274019 111.74434782 462.7320148 114.49300928 463.26157904 110.96234196 
459.34117313 111.8433536 463.21364937 114.58750259 463.73909737 111.05622033 
459.97052959 111.9576587 463.84792639 114.69485067 464.36703353 111.16263072 
460.44690948 112.05445315 464.32691932 114.78793984 464.84265193 111.25522561 
460.94279624 112.15675743 464.82555098 114.88634374 465.33773333 111.35311304 
461.43252316 112.25574858 465.31705034 114.98281192 465.82693725 111.44924922 
461.90274315 112.35144435 465.78815157 115.07725198 466.29689633 111.54352466 
462.48076494 112.46692539 466.36620009 115.19269491 466.87491019 111.6589626 
462.93045155 112.55711296 466.81558806 115.28330813 467.32468529 111.74963157 
463.44687246 112.6616047 467.33191335 115.38793615 467.84113453 111.85427745 
463.75693038 112.72429952 467.64183942 115.45081885 468.15123149 111.91718478 
464.34624588 112.84308738 468.23094305 115.56990856 468.74060969 112.03631409 
464.87806732 112.94977322 468.76256731 115.67687528 469.27248945 112.14331767 
465.42323565 113.05976286 469.30776128 115.78682841 469.8176502 112.253266 
465.97661758 113.17084885 469.86125624 115.89775337 470.37099869 112.36416983 
466.42219782 113.26104247 470.30686064 115.98791258 470.81657179 112.45432452 
466.73636271 113.32483933 470.62116527 116.05151036 471.13069533 112.51789618 
467.43040139 113.45345314 471.31007978 116.18741025 471.82624072 112.65475857 
467.96530329 113.56124267 471.84494807 116.29524746 472.36115244 112.76260213 
468.40164367 113.64923461 472.28143989 116.3830245 472.79744857 112.85035058 
468.88110479 113.74602652 472.76093347 116.47977034 473.27690021 112.94709029 
469.33489892 113.83731688 473.21471047 116.57108501 473.73069934 113.0384082 
469.8236004 113.93520384 473.70324496 116.66920894 474.2194496 113.13656365 
470.28150146 114.02648892 474.16148708 116.76000998 474.67725099 113.22730032 
470.49710502 114.07048848 474.37736363 116.80362202 474.89277472 113.27086087 
471.00531361 114.17277834 474.88687199 116.90406565 475.4006024 113.3710597 
471.68805858 114.31026531 475.57056788 117.04020073 476.08306792 113.50701609 
472.16546685 114.40595341 476.0482397 117.13551397 476.56039861 113.60227986 
472.64903539 114.50163344 477.04373981 113.69671765 
473.11412364 114.59401663 477.50841903 113.78687077 
473.59871891 114.69080261 477.99230751 113.87981823 
474.09152799 114.78647067 
474.57715101 114.87329128 
475.05866657 114.96786735 
475.54223551 115.06354791 
475.99295068 115.15152211 
476.54941446 115.26149914 
476.97959616 115.34396501 
477.41080462 115.4264296 
477.95905529 115.53309639 
478.48266552 115.63536735 
478.89231355 115.71564642 
479.14077181 115.7640318 
479.80298514 115.89158385 
480.34302274 115.99604774 
480.78449846 116.08071358 
481.29578914 116.17746572 
481.7731995 116.26429853 
482.27114355 116.35663997 
482.8245289 116.45887248 
483.35532731 116.55559927 
483.67360113 116.61274996 
484.0555302 116.67645947 
484.67154496 116.77860971 
485.02164693 116.83461143 
485.48776523 116.90817424 
486.02985903 116.9916011 
486.60480726 117.07830613 
487.168462 117.16281191 
487.67667562 117.2363196 
488.08735356 117.293349 
488.50419211 117.34704895 
489.0278099 117.38400125 
489.51446342 117.45200206 
489.96620861 117.52337035 
490.56887935 117.60228981 
491.2875674 117.69102079 
491.85122434 117.76002775 
492.29783791 117.81368909 
492.66642264 117.85638193 
492.99599285 117.89469765 
493.32453648 117.93190764 
493.6910678 117.97571046 
494.13460149 118.02937618 
494.69312534 118.09839051 
495.24240889 118.16741712 
495.75267834 118.2276381 
496.25370901 118.27126437 
496.60894652 118.31840385 
497.1797908 118.39293817 
497.63256462 118.45434226 
498.11921946 118.52123756 
498.53913885 118.58047073 
498.9508447 118.63860763 
499.48472744 118.71651243 
499.95187481 118.78564796 
500.43647574 118.86140344 
500.86255486 118.92948595 
501.25885968 118.99428624 
501.7886349 119.08326823 
502.19315303 119.15359353 
502.64284593 119.23050239 
503.21266223 119.32939629 
503.67878176 119.41624795 
504.07611259 119.49211864 
504.46112301 119.56689843 
505.00116431 119.67247458 
505.53709873 119.77916336 
505.96009659 119.866072 
506.40465496 119.95848808 
506.82559929 120.04761381 
507.31943882 120.15325103 
507.73832972 120.24348673 
508.20136845 120.34362882 
508.65208678 120.44268001 
509.0904848 120.53953316 
509.56379024 120.64630484 
509.96933081 120.77198661 
510.50321101 120.89528609 
510.98780998 121.00757889 
511.44468823 121.11437243 
511.85023191 121.2090548 
512.3789787 121.33346851 
512.79786947 121.43145496 
513.24242756 121.53605067 
513.68287885 121.64065183 
514.14489081 121.74965339 
514.53708758 121.84324651 
514.72497251 121.88728601 
515.37897623 122.04253619 
515.97445857 122.18347034 
516.34201506 122.26934604 
516.89231943 122.43801776 
517.33790402 122.55036276 
517.75063465 122.65278658 
518.18081921 122.75850906 
518.64283155 122.86972568 
519.04632249 122.965519 
519.40977222 123.05361475 
519.94057283 123.18577726 
520.18800613 123.24634636 
520.80607622 123.39610918 
521.21675402 123.49632198 
521.61921833 123.5943313 
522.08225762 123.70776146 
522.46418818 123.80026205 
522.88205319 123.90046573 
523.37897301 124.02824463 
523.74139625 124.1185566 
524.25987719 124.24741467 
524.64591464 124.34212449 
525.00731139 124.43133085 
525.4364701 124.53705587 
525.79478667 124.62737348 
526.1212758 124.70887558 
526.6027961 124.82781812 
526.93133905 124.90599626 
527.5576248 125.04800007 
527.92928989 125.1283364 
528.36666406 125.21965849 
528.80198517 125.30766194 
529.1726245 125.37914274 
529.64593657 125.44384708 
530.00630952 125.50759144 
530.29892027 125.55703137 
530.83794046 125.64490014 
531.29174453 125.71516585 
531.69421374 125.77331999 
532.02481376 125.81828215 
532.51455429 125.87742998 
532.91599819 125.92230007 
533.16240881 125.9496578 
533.53305175 125.98792526 
534.057702 126.0370638 
534.46017385 126.07086147 
534.9386231 126.10566756 539.15409118 124.62541579 
535.37703319 126.10952609 539.57624611 124.58377146 
535.66143756 126.08590661 539.83975087 124.50381488 
536.1635035 126.10075385 540.49671436 128.03717052 540.32354069 124.4712119 
536.49718717 126.11360575 540.84411351 128.01903411 540.64548346 124.45440284 
536.95510436 126.12629626 541.31864724 127.99335797 541.08862353 124.43061477 
537.33601801 126.13244411 541.71150569 127.97133873 541.45852058 124.41015233 
537.75800095 126.13521726 542.14531954 127.94570378 541.86925001 124.38623253 
538.18101088 126.13577489 542.57895942 127.92028447 542.28184508 124.36250805 
538.64714357 126.13295519 543.05616564 127.88992709 542.73680837 124.33407826 
539.0208712 126.13025557 543.43841554 127.8656886 543.10170799 124.31144071 
539.30424727 126.12656619 543.72825368 127.84545919 543.37825055 124.29249594 
539.76730048 126.11821503 544.2007643 127.81256575 543.8310776 124.26159662 
540.24370138 126.10763236 544.68749881 127.77469273 544.29598662 124.22606367 
540.46136743 126.10181415 544.90978667 127.75650208 544.50840104 124.20897624 
541.04660196 126.08334044 545.50656822 127.70664779 545.08019992 124.16203779 
541.39979336 126.10170331 545.84591374 127.76255834 545.44944791 124.21447931 
541.70371659 125.967346 546.22563743 127.40910109 545.65638043 123.88461582 
542.26225682 125.94558581 546.78752786 127.37679085 546.21005251 123.85364279 
542.6370135 125.92295701 547.16778207 127.33666205 546.57669475 123.81577214 
543.00766342 125.89922646 547.54378396 127.29566346 546.93928978 123.77705056 
543.42656989 125.87100485 547.96803775 127.24995212 547.34998953 123.73369468 
543.89783994 125.83717974 548.44487375 127.19766106 547.81254207 123.68394413 
543.88346568 125.83830552 548.43035332 127.19927525 547.79839909 123.68549042 
544.68637078 125.77637225 549.2434216 127.10291422 548.58491013 123.59400946 
545.06420876 125.74488275 549.62611114 127.05464323 548.95468939 123.54818593 
545.50365098 125.70667067 550.07088189 126.99772747 549.38509784 123.4940508 
545.85274339 125.64754026 550.42375643 126.92514177 549.72765764 123.4234998 
546.10429887 125.56750079 550.67755759 126.8370403 549.97528548 123.3366312 
546.38357429 125.50513952 550.96003769 126.76307777 550.24889125 123.2644608 
546.81582707 125.49350815 551.3988096 126.72748424 550.66936746 123.23263601 
547.50989219 125.51253739 552.10376757 126.70532186 551.34298123 123.21716273 
547.94320258 125.17983665 552.53914965 126.36461355 551.77228564 122.87778554 
548.37442091 125.25124175 552.97967693 126.39930221 552.18501013 122.91870533 
548.70297784 125.2054239 553.3139196 126.3304314 552.50185046 122.85385353 
549.26563132 125.13051758 553.88651728 126.21395602 553.04317303 122.74483214 
549.63731163 125.0768941 554.2644663 126.13323945 553.4008104 122.6691164 
550.0777841 125.00878892 554.71218015 126.03289784 553.82443051 122.57487086 
550.44638496 124.94852675 555.0866245 125.94582452 554.17889691 122.49298792 
550.86118925 124.88156205 555.50821435 125.8467478 554.57663142 122.40027087 
551.17331923 124.83133724 555.82606316 125.76856709 554.87377644 122.32775323 
551.696959 124.7409821 556.35872589 125.63224825 555.37252806 122.2010001 
552.09328289 124.66850585 556.76156626 125.52498482 555.74980933 122.10118607 
552.53889138 124.57935894 557.21461478 125.39424331 556.17241664 121.97958769 
552.95677795 124.49356936 557.63970478 125.26598255 556.56655761 121.86092673 
553.36439719 124.40890025 558.05454228 125.13619997 556.94866788 121.74163199 
553.51327505 124.38545799 558.2050431 125.10221345 557.09154125 121.7101398 
554.36034861 124.15075809 559.05503111 124.84816906 557.92755736 121.46071383 
554.81417329 124.04056546 559.51477115 124.69692332 558.35773773 121.31945035 
554.81725358 124.03945435 559.51813388 124.69378632 558.35964497 121.31681231 
555.57910506 123.84582887 560.2894295 124.42829735 559.07950588 121.06940842 
556.01752964 123.72901356 560.7329191 124.26894695 559.49273029 120.92111456 
556.52269403 123.58775521 561.24306231 124.08227433 559.9707055 120.74653482 
556.81223976 123.50434632 561.535212 123.97334424 560.24484383 120.64453064 
557.27120104 123.36757632 561.99764736 123.80016268 560.68166397 120.48139217 
557.62954008 123.25972177 562.3585029 123.66387093 561.02258104 120.35307604 
558.3605936 123.03292295 563.09373986 123.38470755 561.72125621 120.08890133 
558.60188277 122.95400508 563.33620251 123.28962753 561.95247418 119.99852651 
558.91401859 122.85174602 563.64976812 123.16655105 562.25158402 119.88156533 
559.37092834 122.69837207 564.10856853 122.98331293 562.68970106 119.70720775 
559.76931292 122.56168071 564.50847749 122.82003144 563.07124824 119.55193994 
560.16564432 122.4227778 564.90529941 122.67196742 563.46175575 119.40666013 
560.72420951 122.17738099 565.46482891 122.40749729 564.00815808 119.14802493 
561.13594286 122.0296013 565.87781098 122.23236368 564.40235949 118.98134955 
561.49428475 121.89739039 566.23712259 122.07603835 564.74515918 118.83256873 
561.89575111 121.7474098 566.63951131 121.89961049 565.12948658 118.66450998 
562.26333444 121.60743716 567.00783467 121.73449356 565.48068497 118.50744169 
562.57649932 121.48524884 567.32153036 121.59063519 565.77965823 118.37059166 
563.14533018 121.26198196 567.89109551 121.3263039 566.32141692 118.11972331 
563.49545923 121.12203199 568.24150207 121.16080237 566.65458239 117.96271921 
563.88768615 120.96320657 568.63387548 120.97382074 567.02801134 117.78520813 
564.24808337 120.81549355 568.99426372 120.8014251 567.37183897 117.62120688 
564.68035521 120.63336688 569.42636398 120.59062898 567.78475846 117.42026918 
565.07155643 120.46568591 569.81729876 120.39968946 568.16017577 117.23741285 
565.48123985 120.288017 570.2266185 120.19965754 568.55461205 117.04522503 
565.8057012 120.14477902 570.55078826 120.0419459 568.86916813 116.89262792 
566.22667999 119.95491724 570.97154735 119.84240255 569.28350492 116.69652227 
566.67538234 119.74730571 571.42008706 119.62812936 569.72762949 116.48462219 
567.0265404 119.58853366 571.77107877 119.46290936 570.07435073 116.32170514 
567.4423856 119.39978581 572.18677959 119.26882206 570.48651749 116.12952934 
567.79149018 119.24212364 572.53582244 119.10894235 570.83409321 115.97044468 
568.18988027 119.06114831 572.93419443 118.92732372 571.23203965 115.78905682 
568.54719925 118.89904714 573.29150509 118.76492811 571.58915555 115.62676686 
568.97228561 118.70696625 573.71656729 118.57199508 572.01365412 115.43413964 
569.3460333 118.535987 574.09030609 118.4007038 572.38718655 115.26296037 
569.69103109 118.37943751 574.43529848 118.24396534 572.73205397 115.10628975 
570.1099569 118.19068613 574.85418002 118.05367219 573.14991592 114.91655028 
570.48986526 118.01859198 575.2340119 117.87895486 573.52801346 114.74277576 
570.84821128 117.85648982 575.5921365 117.70952268 573.88129439 114.57598326 
571.24660161 117.67772922 575.98999915 117.51461687 574.26850187 114.3869185 
571.62959044 117.50452415 576.37191908 117.31283442 574.63160776 114.19556534 
571.97150832 117.34797892 576.7123042 117.1215275 574.94918641 114.01710072 
572.28262893 117.14275954 577.02142983 116.877822 575.23316331 113.78781345 
572.68102012 116.95735637 577.41606705 116.6321542 575.58863477 113.56514567 
573.02807289 116.78973337 577.75880768 116.40688332 575.89415536 113.36236008 
573.37512634 116.61546762 578.10036072 116.16983782 576.19544838 113.15034135 
573.77557343 116.40681221 578.49280364 115.88320454 576.53828322 112.89558009 
574.08566386 116.23923685 578.79526823 115.65097458 576.79995195 112.69044035 
574.48097846 116.01951683 579.17898956 115.3448928 577.1296588 112.42148837 
574.7900431 115.84308582 579.47743972 115.09827797 577.38461833 112.20584844 
575.1165639 115.65002544 579.79150107 114.83064253 577.65286923 111.97191836 
575.24285977 115.57457825 579.91271957 114.72673671 577.75671566 111.88109142 
575.74085756 115.25840607 580.38933173 114.30022354 578.16654963 111.50642867 
576.00371911 115.08314167 580.63943126 114.06500677 578.38075434 111.3001508 
576.46270085 114.769234 581.07324054 113.64257981 578.75029486 110.93149638 
576.77998448 114.54297174 581.3704196 113.33701518 579.00108933 110.66637405 
577.05722456 114.32561798 581.63412103 113.06925636 579.23556674 110.42483066 
577.25951504 114.08621783 581.82176162 112.7776568 579.39315684 110.16080204 
577.60144522 113.81121023 582.13783663 112.41565342 579.65963881 109.84571461 
577.88279396 113.57724431 582.39671991 112.11065015 579.87848621 109.5799291 
578.14052681 113.35327291 582.63272306 111.82141171 580.07807569 109.32745365 
578.43727971 113.08828759 582.90300733 111.48089758 580.30667049 109.03037008 
578.73814099 112.80890432 583.1750155 111.12350511 580.53613506 108.71885129 
578.99484925 112.56389881 583.40600584 110.81229286 580.73143652 108.44739774 
579.23410203 112.32887992 583.62024435 110.51554557 580.91275228 108.188415 
579.50005337 112.05950571 583.85764631 110.17859912 581.1145113 107.8935914 
579.77935439 111.76907889 584.10618506 109.81844767 581.32671474 107.5777793 
579.99191131 111.54184423 584.29479623 109.53894455 581.48838828 107.33210872 
580.26505315 111.23924692 584.53709618 109.17137986 581.69757242 107.00732006 
580.52484722 110.93888102 584.76757871 108.81152225 581.89809359 106.68735062 
580.69325176 110.73938134 584.91759661 108.57574171 582.03001333 106.47623873 
580.93456925 110.3914325 585.12852896 108.16946766 582.21213198 106.11017686 
581.0875773 110.14545305 585.26628734 107.89494016 582.33591532 105.85558491 
581.2806287 109.8938866 585.44017531 107.60814867 582.49267764 105.59362454 
581.51680889 109.58358688 585.6544454 107.25842239 582.68793603 105.27200045 
581.71191489 109.32094652 585.83256016 106.96580142 582.85170629 105.00097059 
581.92037069 109.03614641 586.02364609 106.65086723 583.02847339 104.70793376 
582.14012269 108.73029634 586.22492339 106.31351562 583.21488969 104.39368565 
582.34755298 108.43331914 586.4147962 105.98710605 583.39097834 104.08906086 
582.52006962 108.18288623 586.57228257 105.71185485 583.53691801 103.83233043 
582.71004365 107.90364553 586.74499119 105.40452084 583.69664181 103.54613013 
582.91131379 107.604462 586.92709439 105.07465332 583.86466789 103.2395528 
583.09615405 107.32633504 587.0942193 104.7686212 584.01908714 102.95489239 
583.26661847 107.06372637 587.24843037 104.48078233 584.16189078 102.68653504 
583.45351344 106.77341835 587.41835595 104.16450101 584.32015359 102.39046829 
583.64554387 106.46538966 587.59425237 103.8321166 584.48518884 102.07718812 
583.79957942 106.21387338 587.7375108 103.56451076 584.62131271 101.82228246 
583.95566347 106.01328255 587.86049834 103.31537772 584.72297304 101.61185637 
584.12510274 105.73517539 588.01960121 103.02237104 584.87559017 101.33084968 
584.28940757 105.46482475 588.17481339 102.7390134 585.02516392 101.05801423 
584.44138958 105.21441827 588.31970942 102.4785343 585.16570872 100.80571345 
584.64266337 104.87980664 588.51218313 102.13149032 585.3528302 100.46880002 
584.82647978 104.57400282 588.68780268 101.81418194 585.52351513 100.16090208 
584.96819335 104.33468084 588.82266483 101.56529906 585.65428973 99.919866217 
585.14482217 104.03331477 588.99139828 101.252977 585.81835423 99.616565856 
585.3091285 103.74857147 589.14788614 100.95744882 585.97026182 99.329949609 
585.46521962 103.47712428 589.29559285 100.67450643 586.11310393 99.056540344 
585.61514912 103.21786344 589.43643983 100.40287442 586.24873573 98.795207628 
585.77123994 102.94973766 589.58172531 100.12013926 586.38788953 98.524688546 
585.9427346 102.65391388 589.73968198 99.806175043 586.53827364 98.225974216 
586.10909492 102.36473947 589.89197898 99.498345565 586.68283127 97.933922048 
585.82774859 102.56327628 589.66184564 99.765754944 586.48151128 98.143557881 
586.41203033 101.88607068 590.16244821 98.977326682 586.93591439 97.449082746 
586.65951245 101.50268624 590.38184295 98.558084154 587.14079145 97.060875023 
586.81457825 101.21795486 590.52330236 98.256233856 587.27538706 96.773973353 
586.96759014 100.93765464 590.66272045 97.958990874 587.40805528 96.491610687 
587.13189827 100.63630447 590.81359717 97.641055054 587.55236658 96.18832484 
587.28388378 100.35268419 590.95561649 97.345226008 587.68958002 95.903332894 
587.43073494 100.07571328 591.09433431 97.058352592 587.82441671 95.625282842 
587.57553219 99.803173529 591.23044105 96.775291907 587.95641667 95.351629594 
587.65563258 99.654715352 591.30354471 96.618407905 588.02624388 95.202304358 
587.7213562 99.530632476 591.36304829 96.4868676 588.08285691 95.077472515 
587.82815753 99.324569276 591.46337564 96.273075357 588.18019773 94.87065144 
588.02943745 98.931279899 591.65688628 95.870554353 588.37015373 94.476481495 
588.34676171 98.308665763 591.96491096 95.236952583 588.67396544 93.852854488 
588.48026347 98.050533227 592.09420654 94.973872474 588.80137033 93.594278434 
588.63019605 97.762487118 592.23921639 94.680053336 588.94417908 93.305724723 
588.79142465 97.455605324 592.39544513 94.367327136 589.09818504 92.998339968 
588.95676099 97.14096836 592.55638077 94.047561936 589.25717486 92.68327076 
589.11901679 96.829656744 592.71551548 93.732622187 589.41493556 92.371658485 
589.27100345 96.536072382 592.86634114 93.437690112 589.56525138 92.077963529 
589.41682869 96.252460096 593.01210695 93.154008858 589.7109911 91.794345598 
589.5677883 95.962198459 593.16238012 92.862950894 589.86096318 91.50401891 
589.71258628 95.684123162 593.30665344 92.584267191 590.00500652 91.225894052 
589.86251896 95.396077118 593.45647524 92.296092596 590.15477974 90.937837552 
590.02477463 95.086979819 593.61876552 91.987035416 590.31708517 90.628743515 
590.17368037 94.80114937 593.76811618 91.70172086 590.46663082 90.342955068 
590.32669375 94.508670884 593.92161816 91.4098091 590.62034707 90.050522824 
590.48176074 94.215082651 594.0766047 91.116127549 590.77529833 89.756926969 
590.58753505 94.013449397 594.18211374 90.91418659 590.88069103 89.555268605 
590.76314062 93.682192434 594.35741904 90.582581411 591.0558647 89.223983263 
590.92334463 93.355383697 594.51322521 90.250680281 591.20974814 88.89676402 
591.06096163 93.015318259 594.63444108 89.891751314 591.32387925 88.555252035 
591.22527101 92.705111271 594.79814625 89.580853225 591.48732598 88.244994279 
591.37725697 92.420384082 594.94946087 89.295358455 591.63835366 87.960210888 
591.53232395 92.127903037 595.10439733 89.002728227 591.79323436 87.667718943 
591.6802022 91.850931037 595.25225823 88.725736393 591.94108785 87.390745495 
591.85067319 91.529644893 595.42271911 88.404438695 592.11154441 87.069458506 
591.97801289 91.290341645 595.54979452 88.164833392 592.23850694 86.830133214 
592.14437595 90.979024956 595.7161034 87.85345479 592.40479269 86.51881201 
592.29020033 90.706484141 595.86167928 87.580630023 592.55026247 86.246250506 
592.44013236 90.427295294 596.01159172 87.301418796 592.70016654 85.967060029 
592.54898713 90.224551048 596.12054676 87.098789115 592.80916439 85.764324126 
592.74205026 89.865593604 596.3136538 86.739881851 593.00229018 85.405370338 
592.86528219 89.635152701 596.43632986 86.508805894 593.12472899 85.17488323 
593.07580338 89.241851883 596.64497124 86.113359175 593.33256918 84.781427271 
593.21648647 89.046816926 596.78542756 85.918065517 593.47292896 84.586373715 
593.36335604 88.588276653 596.9236311 85.449667508 593.60746246 84.12714132 
593.51944961 88.299115805 597.07629121 85.15661622 593.75867868 83.837716266 
593.66013962 88.034331545 597.21413327 84.888611441 593.89532743 83.572717141 
593.8583379 87.662082034 597.40834355 84.511862082 594.08787334 83.200173263 
594.01751273 87.362953091 597.56371315 84.208450215 594.24166201 82.900770498 
594.04318613 87.314206493 597.58893408 84.159195026 594.26669542 82.851991796 
594.3184048 86.79461009 597.85641087 83.630919382 594.53097894 82.33186109 
594.49811838 86.456705323 598.0307724 83.287039507 594.70314967 81.993603423 
594.65215877 86.165332897 598.18019384 82.990526697 594.85069131 81.701937191 
594.79284887 85.900548695 598.3165617 82.720945933 594.98530928 81.436887037 
594.97050878 85.564860846 598.48824792 82.378650368 595.15459143 81.10084584 
595.1491959 85.224743168 598.65983041 82.030706351 595.32333643 80.760329268 
595.30118264 84.935587663 598.80554884 81.734674769 595.46657084 80.470840958 
595.46343902 84.624276417 598.96067776 81.415577764 595.61889726 80.159172932 
595.55176696 84.341844984 599.04219646 81.125740543 595.6977603 79.876422009 
595.70583064 83.815760585 599.17730987 80.579210292 595.82559343 79.349557134 
595.82906464 83.566498566 599.29497717 80.323987786 595.94115268 79.100095913 
595.96975648 83.285107439 599.42898466 80.035466507 596.07264705 78.818483443 
596.14433759 82.936138009 599.59528204 79.677701539 596.23585726 78.46926656 
596.25832894 82.706816182 599.70370849 79.442496104 596.34222664 78.239795075 
596.39388654 82.43096729 599.83279205 79.159827614 596.468934 77.963788732 
596.58284553 82.047658443 600.01343641 78.767799907 596.64655315 77.580303774 
596.59619584 82.021070237 600.02608243 78.740475198 596.65894428 77.553701992 
596.89709351 81.400692296 600.31365914 78.106226455 596.94173988 76.933106472 
597.04394821 81.096043586 600.45372102 77.794547671 597.07939265 76.628375281 
597.18772214 80.796934475 600.59057969 77.488311445 597.2138187 76.329201787 
597.32019958 80.521089556 600.71650796 77.20574414 597.33746154 76.053314 
597.51840278 80.103447883 600.90539101 76.778581489 597.52312282 75.635641473 
597.65088046 79.825388716 601.0308497 76.493387252 597.64617881 75.357582286 
597.80899754 79.842901122 601.19999643 76.52212525 597.81911023 75.375103664 
597.84295148 79.1221148 601.19452774 75.761554958 597.80034161 74.654509089 
597.9415445 78.865134381 601.28297448 75.494485846 597.88546638 74.397677427 
598.12845345 78.448614289 601.45286016 75.061174862 598.04986961 73.98149654 
598.24758261 78.179429232 601.55980326 74.780073379 598.15295742 73.71262249 
598.42011464 77.788391534 601.71314703 74.370444271 598.30034623 73.322188233 
598.56389197 77.456068522 601.83984497 74.021747949 598.42186102 72.990517761 
598.72410121 77.083867806 601.98064065 73.631133137 598.55689731 72.61918873 
598.84733981 76.790320626 602.08909784 73.32370402 598.66106225 72.326396672 
598.96749785 76.500098776 602.19579971 73.020947588 598.76392565 72.036930086 
599.11743923 76.132339703 602.33021127 72.638842652 598.89398799 71.6701221 
599.25403006 75.793383096 602.4540201 72.288174172 599.01428132 71.332011453 
599.38651293 75.464395924 602.57481399 71.948551474 599.13191057 71.003847299 
599.53748219 75.085564239 602.71294008 71.558115724 599.2666143 70.625973789 
599.64429115 74.809752154 602.81063599 71.274121205 599.36191632 70.350875519 
599.71722769 74.431019966 602.86951873 70.882853254 599.4171629 69.973298853 
599.76756779 74.133137234 602.89767511 70.565385287 599.43971541 69.677373639 
599.93291856 73.683430776 603.04788384 70.102450859 599.58619331 69.229096033 
600.04486436 73.376612455 603.14978882 69.786923057 599.68566601 68.923266191 
600.18145912 72.998906258 603.2743111 69.398810077 599.80730747 68.546791373 
600.28210842 72.715352123 603.36613098 69.107689345 599.89705034 68.264167261 
600.40329826 72.375308066 603.47650952 68.758431181 600.00491982 67.925295593 
600.51524541 72.055204174 603.57797699 68.429448922 600.10399082 67.606363195 
600.63027359 71.727346436 603.68191702 68.092253835 600.20543317 67.279782269 
600.74324794 71.402812714 603.78415499 67.758733931 600.30528957 66.956521129 
600.85416882 71.078281614 603.88448466 67.425390744 600.40330516 66.633280111 
600.95276521 70.789194455 603.97403588 67.128818869 600.49090763 66.345321823 
601.06060553 70.467988685 604.0721677 66.799621315 600.58697586 66.025355307 
601.17460865 70.123525289 604.17575506 66.446631759 600.68838139 65.68225301 
601.2834766 69.793461158 604.27405083 66.107963682 600.78449629 65.353603611 
601.37179995 69.560850846 604.35685586 65.870882407 600.86617641 65.121744942 
