1745.5320815 679.95695749 1751.9353995 683.8333323 1751.8022527 680.16627074 
1746.3598886 680.22755136 1752.7694706 684.09355976 1752.6303903 680.42671845 
1746.4574589 680.25958119 1752.8680822 684.12386271 1752.7280141 680.457059 
1747.5297059 680.608589 1753.9495166 684.45758805 1753.8007138 680.79112842 
1748.177779 680.81843307 1754.6036751 684.65726387 1754.449068 680.99104441 
1748.569088 680.94433766 1754.9979993 684.77811682 1754.8405107 681.11202 
1749.7337724 681.31541637 1756.1745783 685.12917848 1756.0056863 681.4635893 
1750.4013608 681.52746001 1756.8489557 685.32973328 1756.6735289 681.66445103 
1750.7043434 681.62243485 1757.1538894 685.42139788 1756.9765811 681.75620617 
1750.9570003 681.70084236 1757.4074007 685.49835436 1757.2292679 681.83320263 
1751.301066 681.80574915 1757.7533937 685.59998555 1757.5734 681.93492473 
1751.7314049 681.93715929 1758.1866644 685.7264056 1758.0038368 682.06148506 
1752.2408277 682.09175709 1758.699954 685.87440831 1758.5133834 682.20967641 
1752.8252262 682.26954585 1759.2890841 686.04410596 1759.0979246 682.37961055 
1753.4774112 682.46610274 1759.9467947 686.23118444 1759.7502642 682.56697316 
1754.1912201 682.68143266 1760.6668521 686.43575721 1760.4642321 682.77187762 
1754.9625451 682.9122175 1761.4450775 686.65461468 1761.235713 682.9911143 
1755.7852237 683.15735504 1762.2752373 686.88676336 1762.058537 683.22368958 
1756.6530936 683.4146359 1763.1510986 687.13010273 1762.9265348 683.46750262 
1757.5589654 683.68185151 1764.0654019 687.38253345 1763.8325106 683.72045342 
1758.499758 683.95789719 1765.0149966 687.64306046 1764.7733774 683.98154593 
1759.4682819 684.24056435 1765.9926246 687.9095853 1765.7419406 684.24868022 
1760.4583751 684.52653648 1766.9920562 688.17890211 1766.7320341 684.51864842 
1761.4638749 684.8158184 1768.0070617 688.45112696 1767.737492 684.79156406 
1762.1602276 685.01455764 1768.7102888 688.63746538 1768.4337875 684.97841967 
1762.9295025 685.2331685 1769.485041 688.846156 1769.2030005 685.18753307 
1763.5108309 685.35892755 1770.0674147 688.97001756 1769.7843154 685.31147642 
1764.2934584 685.57974273 1770.8568802 689.17838929 1770.5668416 685.52039173 
1764.9507839 685.7630135 1771.5196619 689.35169064 1771.2240697 685.69413766 
1765.3595583 685.87672909 1771.9314467 689.45989048 1771.6327841 685.80258693 
1766.4482545 686.17812689 1773.0299111 689.74331396 1772.7212542 686.08684032 
1767.1949362 686.38347131 1773.7826675 689.93742109 1773.4677711 686.28147952 
1767.6581463 686.50932337 1774.2497811 690.05602778 1773.9308652 686.40043465 
1768.4407762 686.72239013 1775.0389583 690.25689951 1774.7132831 686.60190236 
1769.1997841 686.92661853 1775.8045396 690.44882925 1775.4720557 686.79444517 
1769.7790542 687.08227325 1776.3886627 690.59536862 1776.0511374 686.94144672 
1770.6161206 687.30526264 1777.2327361 690.80514289 1776.8879098 687.15190277 
1771.2405826 687.4708468 1777.8618308 690.96195477 1777.5121631 687.30917487 
1771.8825054 687.63973896 1778.5088961 691.12107614 1778.1538405 687.46881601 
1772.6343256 687.83622424 1779.2668304 691.3058991 1778.9053504 687.65426922 
1773.4179858 688.03932784 1780.0566677 691.49716907 1779.6886762 687.84618964 
1774.0445127 688.14844776 1780.6876825 691.59765898 1780.3149467 687.94716085 
1774.8610387 688.36591906 1781.5100561 691.80384443 1781.1311219 688.15398451 
1775.4033366 688.50388989 1782.0563593 691.93405757 1781.6731683 688.28464212 
1776.2701918 688.72353699 1782.9280551 692.14429979 1782.5397074 688.49542947 
1776.9275231 688.88909733 1783.5880578 692.30465575 1783.1968585 688.65609005 
1777.7183753 689.08666128 1784.3827508 692.49471968 1783.9874445 688.84659667 
1778.4075467 689.2588402 1785.0746893 692.66148203 1784.6764187 689.01368146 
1778.9755227 689.40011344 1785.6448463 692.79847852 1785.2442362 689.15093413 
1779.0813121 689.42660273 1785.750898 692.82445302 1785.3500064 689.17693956 
1780.5613378 689.79081143 1787.2355399 693.17958537 1786.8296866 689.53262066 
1781.1878584 689.94421844 1787.8638494 693.32946672 1787.45607 689.68271688 
1781.937629 690.1285301 1788.6162887 693.50851048 1788.2056323 689.86208348 
1782.4408998 690.25214012 1789.1221269 693.62704267 1788.7086988 689.98092888 
1783.3878714 690.48169241 1790.0711576 693.85251544 1789.6555036 690.20665473 
1784.038016 690.63840341 1790.7233932 694.00507731 1790.3054763 690.35947531 
1784.885372 690.78057011 1791.5735502 694.14167631 1791.1525979 690.49642355 
1785.4009691 690.9030642 1792.0907954 694.26088883 1791.6680548 690.61584303 
1786.2205834 691.09950195 1792.9141426 694.4498792 1792.4873456 690.80530614 
1786.9908981 691.28269241 1793.6871297 694.62772539 1793.2574235 690.98349418 
1787.6112585 691.42946324 1794.3102738 694.76891789 1793.8775325 691.12504584 
1788.4586053 691.63030902 1795.1621 694.96076268 1794.7244647 691.31747516 
1788.8848464 691.73183718 1795.5910556 695.05682134 1795.1504485 691.41389204 
1789.7753314 691.94150735 1796.4862454 695.25698555 1796.0404767 691.61468424 
1790.4542369 692.0993053 1797.168379 695.40824138 1796.7190607 691.76637625 
1791.2656372 692.28689424 1797.9835492 695.58816997 1797.5300772 691.94681971 
1791.9301638 692.44138229 1798.6522644 695.73412069 1798.1941668 692.09334947 
1792.5946908 692.59476343 1799.3215528 695.87776349 1798.8581831 692.2376595 
1793.4646363 692.79337957 1800.1984767 696.06204231 1799.7273537 692.42293367 
1794.1147847 692.94123655 1800.8541105 696.19857457 1800.3768705 692.56026307 
1794.8358027 693.10453924 1801.5811376 696.34941515 1801.0971737 692.71199197 
1795.3935256 693.161683 1802.147897 696.38770694 1801.6537758 692.75164963 
1796.3877504 693.38677625 1803.1497508 696.5967782 1802.6470109 692.96190254 
1796.8602133 693.49048488 1803.6255825 696.69338079 1803.1190239 693.05903532 
1797.8369794 693.70341375 1804.6113019 696.88732924 1804.0945558 693.25441828 
1798.5816228 693.86448537 1805.3629888 697.03337137 1804.8381882 693.40161519 
1799.10236 693.9759075 1805.8879307 697.13577978 1805.3583048 693.50472415 
1799.7977037 694.12373167 1806.5895083 697.27018237 1806.0527047 693.64018094 
1800.5372129 694.27927225 1807.3358049 697.41103041 1806.7911538 693.78219813 
1801.3588904 694.45025019 1808.1650243 697.56558391 1807.6116129 693.93807728 
1802.0860756 694.59915794 1808.8992841 697.69898892 1808.3376159 694.07275157 
1802.77115 694.73924099 1809.591321 697.82372308 1809.0214891 694.19875961 
1803.312431 694.84843422 1810.1382825 697.92032531 1809.5617622 694.29641956 
1804.139246 695.01387367 1810.9741416 698.06558863 1810.3869193 694.44340166 
1804.991739 695.18261528 1811.835436 698.21454107 1811.2377355 694.59406836 
1805.6881128 695.32158353 1812.5387673 698.33775601 1811.9327387 694.71866801 
1806.4019606 695.39078977 1813.2659799 698.3764223 1812.6438394 694.7600692 
1807.0284933 695.50766901 1813.8988154 698.47876943 1813.2690235 694.86374098 
1807.6406469 695.62123797 1814.5172772 698.57770859 1813.8797923 694.96402881 
1808.5814741 695.79434239 1815.4671237 698.72974561 1814.8185781 695.11803449 
1809.2059536 695.90790243 1816.0975978 698.82920408 1815.4416602 695.21882814 
1810.2330588 696.09312049 1817.1343506 698.991557 1816.4664464 695.38337565 
1810.8328886 696.20005693 1817.7403109 699.0838528 1817.0647572 695.47709586 
1811.2498941 696.27170405 1818.1618854 699.14453175 1817.4806073 695.5388517 
1812.1054746 696.41830357 1819.0255345 699.27164095 1818.3340978 695.66789514 
1812.8973752 696.55166613 1819.8249913 699.38660825 1819.1239827 695.78471216 
1813.6184058 696.67068997 1820.5527527 699.4891287 1819.8431695 695.888912 
1814.2932168 696.78199912 1821.234 699.58454994 1820.5161738 695.98596772 
1814.9310524 696.88447944 1821.8777506 699.6723366 1821.152311 696.07528142 
1815.5853221 696.98916177 1822.5377912 699.76259558 1821.8048878 696.16705375 
1816.3556552 697.11368487 1823.3155568 699.86841394 1822.5729879 696.27485583 
1817.2923914 697.20486881 1824.2600988 699.939794 1823.5073134 696.34836216 
1817.9179032 697.30071655 1824.8909835 700.02191363 1824.1311263 696.43197136 
1818.6399643 697.40867001 1825.6198887 700.11226368 1824.8509756 696.52425013 
1819.2891005 697.50560744 1826.2747755 700.19430747 1825.4982113 696.6079421 
1820.0727893 697.62015765 1827.0655225 700.29044714 1826.279514 696.70613978 
1820.6202421 697.69835099 1827.6169797 700.35813019 1826.8255864 696.77500794 
1821.2662986 697.78864857 1828.267066 700.43780275 1827.4702339 696.85588607 
1822.0612873 697.89876248 1829.0669917 700.53483309 1828.2634692 696.95441132 
1822.914822 698.0165825 1829.9259818 700.63810907 1829.1150309 697.05936249 
1823.4715201 698.09255535 1830.4861604 700.70475429 1829.6704503 697.12708949 
1824.2377506 698.19604893 1831.2571023 700.79556121 1830.4349251 697.21937705 
1824.8951071 698.28301771 1831.9182614 700.8722389 1831.0908434 697.29726366 
1825.6644198 698.38429523 1832.69219 700.96096141 1831.8583847 697.38747053 
1826.4111364 698.48116147 1833.4432147 701.04604688 1832.6034221 697.47395831 
1826.9863222 698.56597834 1834.0213546 701.12275002 1833.1774418 697.55163259 
1827.6118525 698.57104451 1834.6498689 701.11959067 1833.8017822 697.54946219 
1828.5033944 698.68330257 1835.5457122 701.21993862 1834.6915869 697.65124999 
1829.2881163 698.77903418 1836.334151 701.30532743 1835.4747869 697.73789673 
1830.0420249 698.87036064 1837.0915442 701.38691399 1836.2272507 697.82067433 
1830.5997532 698.93747753 1837.6516906 701.44724663 1836.7839661 697.88184024 
1831.5036225 699.04529908 1838.5591256 701.54502702 1837.6863265 697.98085948 
1832.0685411 699.11241096 1839.1263505 701.60561948 1838.250259 698.04225981 
1832.9436518 699.214719 1840.0052901 701.69706209 1839.1237154 698.13505501 
1833.4900826 699.2785237 1840.5539075 701.75463776 1839.6691915 698.19340957 
1834.3261634 699.37421872 1841.393359 701.84069564 1840.5037865 698.28067749 
1835.0451519 699.456716 1842.1152158 701.91495931 1841.2214971 698.35597976 
1835.6850523 699.52820132 1842.7576006 701.97928741 1841.8602801 698.42121426 
1836.3218713 699.59968912 1843.396825 702.04382357 1842.4960083 698.48663397 
1837.1240582 699.68876776 1844.2020145 702.1241932 1843.2968207 698.56811493 
1837.9190603 699.75017389 1845.0000618 702.17673132 1844.0904142 698.62178971 
1838.7140661 699.79275918 1845.7985262 702.2092003 1844.883802 698.65556158 
1839.2728246 699.85212763 1846.3594842 702.26211063 1845.4415215 698.7093071 
1840.0267382 699.93127917 1847.1159281 702.33380869 1846.1942298 698.78197244 
1840.4468347 699.9741443 1847.5371416 702.3733756 1846.6137911 698.82196851 
1841.3116788 700.06428496 1848.4047183 702.4554256 1847.4773167 698.90507424 
1842.1405739 700.14891706 1849.235902 702.53325824 1848.3050979 698.98379739 
1842.6048377 700.19507114 1849.7009689 702.577021 1848.7689687 699.02787404 
1843.3022605 700.2654088 1850.4005047 702.64105427 1849.4653522 699.0927366 
1844.1301294 700.34782818 1851.2304577 702.71723754 1850.2921887 699.16974269 
1844.9004794 700.42364781 1852.0027024 702.78737182 1851.0615935 699.24062929 
1845.7211592 700.50385888 1852.8252203 702.86205272 1851.8813503 699.31604397 
1845.4058291 700.47309336 1852.5088544 702.83440547 1851.5665411 699.28798273 
1847.1231973 700.64010259 1854.230809 702.98757339 1853.281589 699.44299302 
1847.6881213 700.69504013 1854.7971287 703.03828092 1853.8457996 699.49426604 
1848.2982394 700.75437284 1855.4085879 703.09354089 1854.4552288 699.55007156 
1848.8179821 700.73627383 1855.9279762 703.0765189 1854.9751538 699.53290519 
1849.9560492 700.84060823 1857.0689026 703.17214834 1856.1117433 699.62970362 
1850.5733582 700.897722 1857.6875922 703.225046 1856.7283335 699.6831692 
1851.4176649 700.97459636 1858.5338205 703.29603825 1857.571634 699.75495567 
1852.1222812 701.03828877 1859.2399264 703.35515947 1858.2754657 699.81469564 
1852.6697458 701.08659776 1859.7885418 703.39993022 1858.8223214 699.85994623 
1853.363064 701.1491918 1860.4835061 703.45745219 1859.5147641 699.91815744 
1854.1395809 701.21726027 1861.2618858 703.51976648 1860.2902842 699.98125565 
1854.8914466 701.28313296 1862.0158442 703.57915612 1861.0410226 700.04153102 
1855.5364902 701.33912055 1862.6626771 703.62958396 1861.6850955 700.09272057 
1856.3530664 701.40937452 1863.4811385 703.69396435 1862.5006424 700.15790781 
1857.0617933 701.46974413 1864.1913866 703.74958225 1863.2085337 700.21418004 
1857.635965 701.51803469 1864.7671874 703.79277188 1863.7818057 700.25807368 
1858.4278906 701.58498622 1865.561802 703.85127631 1864.5722349 700.31774757 
1859.2496061 701.64084485 1866.3854428 703.90106554 1865.3928701 700.36837988 
1860.0672177 701.67235005 1867.2044513 703.92815559 1866.2096932 700.39608467 
1860.6126304 701.71623404 1867.7519516 703.96542408 1866.7539205 700.43427659 
1861.4107207 701.77875362 1868.5534225 704.01718457 1867.5500724 700.48754478 
1861.8277409 701.81166101 1868.9723314 704.04405654 1867.9659995 700.51526571 
1862.7901747 701.88623875 1869.9397427 704.10264128 1868.9255171 700.57611114 
1863.5040403 701.93996393 1870.6572452 704.14460037 1869.6372188 700.6197437 
1864.1829834 701.98928646 1871.3396682 704.18260037 1870.314065 700.65936228 
1864.8773339 702.03970503 1872.037904 704.22030079 1871.006043 700.69889037 
1864.7366146 702.03095121 1871.8968934 704.21250338 1870.8655028 700.69095516 
1866.0965568 702.12516724 1873.2637319 704.2839548 1872.2211558 700.76570187 
1867.0415326 702.18758128 1874.2137316 704.3296189 1873.162939 700.81381125 
1867.7872421 702.23685604 1874.9639647 704.36368832 1873.9057232 700.85011558 
1868.5154906 702.28282246 1875.6964656 704.39525259 1874.6311773 700.88380995 
1869.1307532 702.32001474 1876.3149781 704.42136565 1875.2442747 700.9115704 
1869.8970075 702.36373958 1877.0851737 704.45156834 1876.0078679 700.94379404 
1870.8574037 702.36303782 1878.0463379 704.44822061 1876.9677409 700.94084308 
1871.3689222 702.40694927 1878.5616222 704.47910525 1877.4766731 700.97368745 
1872.09101 702.44627864 1879.2867224 704.50794902 1878.1966653 701.00411626 
1872.7370889 702.48012807 1879.9353171 704.53299756 1878.8409761 701.03050041 
1873.5218337 702.52051932 1880.7231705 704.56245735 1879.623513 701.06162578 
1874.2131082 702.55433623 1881.416851 704.5877699 1880.3130606 701.08823918 
1874.4442177 702.56634616 1881.6486746 704.59724823 1880.5436545 701.09810561 
1875.5525174 702.61868075 1882.7603563 704.637547 1881.6494934 701.14025488 
1876.3341824 702.65464675 1883.544178 704.66579717 1882.4295725 701.16969603 
1877.0223766 702.68514542 1884.2344654 704.68877687 1883.1162151 701.19383983 
1877.5082213 702.70693448 1884.7220439 704.70431457 1883.600765 701.21034802 
1878.7171847 702.75809034 1885.9343361 704.74340826 1884.807218 701.25132103 
1879.058201 702.77112801 1886.2762362 704.75323042 1885.1475624 701.26164568 
1879.9754527 702.80810393 1887.1956134 704.78244982 1886.0631887 701.2920798 
1880.6574871 702.82642984 1887.8794568 704.79414838 1886.7438293 701.30481915 
1881.1679885 702.8260593 1888.3903005 704.79252106 1887.2540658 701.3033895 
1882.0965424 702.84863528 1889.3211271 704.80673071 1888.180852 701.31891749 
1882.7816577 702.87360238 1890.0078382 704.8258007 1888.8647167 701.3389193 
1883.6557709 702.90396838 1890.8836055 704.85003352 1889.7375253 701.36412348 
1884.3378053 702.92783108 1891.5670613 704.86860908 1890.4184318 701.38353825 
1884.9356127 702.94843359 1892.1660701 704.88473135 1891.0152812 701.40037297 
1885.810754 702.97769259 1893.0432351 704.90641739 1891.8887979 701.42326605 
1886.4701917 702.99935806 1893.7040301 704.92298588 1892.5471387 701.4406489 
1887.2682966 703.02424486 1894.503798 704.94160825 1893.3438917 701.46027432 
1888.0109351 703.04695777 1895.2478223 704.95908411 1894.0853967 701.47859055 
1888.5943637 703.06425031 1895.8324045 704.97200508 1894.6678769 701.49221428 
1889.4879958 703.09017606 1896.7278346 704.99109618 1895.560022 701.51240643 
1889.5968751 703.09341884 1896.8368987 704.99363483 1895.6687479 701.51505867 
1890.9352698 703.13120258 1898.1781452 705.02051928 1897.00476 701.54370527 
1891.5145905 703.14739173 1898.758872 705.03131009 1897.582896 701.55537152 
1892.5890117 703.13997465 1899.8342816 705.02008823 1898.6564802 701.54476773 
1893.1241651 703.15287468 1900.3703652 705.02939966 1899.1908428 701.55466292 
1893.6398023 703.16578889 1900.8870922 705.03810093 1899.7055499 701.5640505 
1894.6618327 703.19051721 1901.9116747 705.05292278 1900.7253856 701.58049038 
1895.4065287 703.20769556 1902.6583252 705.06247568 1901.468385 701.59129279 
1896.0526167 703.22273079 1903.3064219 705.0696401 1902.1127153 701.59975059 
1896.7058956 703.2355468 1903.9617563 705.07436384 1902.7641801 701.60580798 
1897.631374 703.25481027 1904.8903962 705.08110711 1903.686838 701.61462241 
1898.4048323 703.26864761 1905.6667291 705.08347998 1904.4576987 701.61890005 
1898.9584765 703.27821443 1906.2225138 705.08446071 1905.0093885 701.6213125 
1899.8747122 703.29194987 1907.1424479 705.08325677 1905.9222047 701.62261017 
1900.608112 703.30249535 1907.8789559 705.08114415 1906.6526884 701.62262762 
1901.3076154 703.31195823 1908.5814423 705.0783686 1907.3493563 701.62192062 
1901.3589739 703.31302857 1908.6323756 705.08118886 1907.4011212 701.62444456 
1902.7446297 703.3231076 1910.0239101 705.06690792 1908.78109 701.61430501 
1903.4595439 703.31816751 1910.7415854 705.05040171 1909.493282 701.59977752 
1904.1806217 703.31211613 1911.4644815 705.03668826 1910.2125486 701.58737926 
1905.0876171 703.31257486 1912.3744177 705.02467875 1911.1165834 701.57751738 
1905.3546824 703.31349114 1912.6420102 705.02334968 1911.3831139 701.57657604 
1906.6766571 703.31476119 1913.969318 705.00172887 1912.6996048 701.5589252 
1907.4100608 703.31423772 1914.7055331 704.98900522 1913.4300633 701.54833011 
1908.1342201 703.31372108 1915.4324849 704.97627752 1914.151259 701.53774168 
1908.8963856 703.31096334 1916.1975277 704.9608382 1914.91033 701.52453339 
1909.5229641 703.30719537 1916.826449 704.94666832 1915.5343577 701.51220056 
1910.4166093 703.3010231 1917.7237999 704.92389955 1916.4239095 701.49237607 
1911.0051828 703.29617549 1918.3147501 704.90831335 1917.009819 701.47870357 
1911.8618505 703.28781589 1919.1751083 704.88312908 1917.8622885 701.45653122 
1912.6486706 703.27839918 1919.9654086 704.85767376 1918.645079 701.43396258 
1913.3615343 703.26792819 1920.6812242 704.83346396 1919.3544694 701.41223752 
1913.9644888 703.2641783 1921.2870828 704.81607369 1919.9539561 701.39732513 
1914.9721595 703.21917748 1922.2959234 704.7655428 1920.9602154 701.34780192 
1915.4487726 703.20887496 1922.7744575 704.74611387 1921.4344921 701.3300399 
1916.4780104 703.18710918 1923.8083716 704.70189216 1922.4579444 701.28994039 
1916.9515422 703.17680918 1924.2840004 704.68140837 1922.9288351 701.27133572 
1917.7558279 703.15631068 1925.0917251 704.64405266 1923.7287254 701.23710379 
1918.5549782 703.13470899 1925.8942605 704.60566039 1924.5234684 701.20183938 
1919.4239777 703.10973677 1926.766931 704.56225179 1925.3875949 701.1618841 
1920.1861504 703.08594761 1927.5322489 704.52247091 1926.1455122 701.1251146 
1920.7572663 703.06893663 1928.1057422 704.49324875 1926.713361 701.09820189 
1920.9811931 703.06213548 1928.3306027 704.48162174 1926.9359924 701.08748995 
1921.8049986 703.03055342 1929.1575493 704.43367903 1927.7553883 701.04265955 
1923.5121879 702.96291967 1930.8710654 704.33247575 1929.4534434 700.94789063 
1923.7248157 702.95723391 1931.0843722 704.32313675 1929.6650702 700.93925578 
1924.0329732 702.94262372 1931.3937822 704.30176083 1929.9713702 700.91918596 
1925.4278996 702.87853332 1932.7937887 704.20986362 1931.358613 700.83268442 
1926.2650681 702.8026585 1933.6371596 704.09920388 1932.1860582 700.72883694 
1926.8885745 702.77121957 1934.2628385 704.05535055 1932.8060644 700.68743164 
1927.6199363 702.73416924 1934.9965724 704.00460332 1933.5335463 700.63939558 
1928.4201206 702.69264221 1935.7991709 703.94897764 1934.3297168 700.5865718 
1928.8515425 702.66908894 1936.2318062 703.91827674 1934.759096 700.55729574 
1929.9280436 702.60743979 1937.3109612 703.840846 1935.8310688 700.48302128 
1930.59983 702.5682181 1937.9842411 703.79265092 1936.500269 700.43662719 
1931.3558469 702.52340183 1938.7417414 703.73885418 1937.2536894 700.38463747 
1932.059477 702.48083685 1939.4464885 703.68948231 1937.9553461 700.33663832 
1932.7949508 702.43492838 1940.1832027 703.63596814 1938.6886092 700.28466108 
1933.6393077 702.38230102 1941.0287898 703.57574884 1939.5307537 700.22597922 
1934.1600976 702.348722 1941.5502032 703.53830249 1940.0504143 700.1893173 
1934.9233066 702.29947343 1942.3143696 703.48309119 1940.8118792 700.13531712 
1935.7604744 702.24463769 1943.1525773 703.42174324 1941.647138 700.07529421 
1936.6222948 702.19089214 1944.0153502 703.3620005 1942.5071966 700.01677385 
1937.483099 702.0795771 1944.8777373 703.24064862 1943.3650441 699.89747231 
1938.1158553 702.03484943 1945.5111555 703.19169731 1943.9965531 699.84938552 
1938.7434756 701.99123267 1946.1394217 703.14394399 1944.6229501 699.80247988 
1939.5611282 701.93530493 1946.9580802 703.08154418 1945.4386853 699.74140829 
1940.3479653 701.88050614 1947.7459008 703.02038033 1946.2236325 699.68155303 
1941.1276123 701.82571265 1948.5265121 702.95931054 1947.0014119 699.62177583 
1941.3556515 701.80894661 1948.7547884 702.94099549 1947.2289896 699.60378014 
1942.6067854 701.71950377 1950.0073685 702.84206019 1948.4772899 699.50680486 
1942.7988725 701.70608433 1950.1996646 702.82726188 1948.6689647 699.49229168 
1943.8620292 701.62784454 1951.2642789 702.73935831 1949.7292259 699.40638952 
1944.6766028 701.56749238 1952.0799578 702.67162005 1950.5415801 699.3401845 
1945.4932312 701.50603196 1952.8977705 702.6021891 1951.3558074 699.27241158 
1946.2133027 701.45128178 1953.6189671 702.53981122 1952.073575 699.21162378 
1946.9631633 701.39429687 1954.3697864 702.47628435 1952.821455 699.14946328 
1947.6565269 701.3462085 1955.0637386 702.42415881 1953.5135942 699.09818216 
1948.3231957 701.23392558 1955.7302439 702.3129993 1954.1806039 698.98678759 
1949.1788597 701.16690382 1956.5861282 702.24446418 1955.0358086 698.91856914 
1950.0221981 701.0976767 1957.4307273 702.16653495 1955.8765018 698.84246337 
1950.6816662 701.04407719 1958.0911607 702.10622287 1956.5339243 698.78356079 
1951.274366 700.99495267 1958.6847336 702.05099003 1957.1247587 698.72961277 
1952.0447733 700.93131253 1959.4563596 701.97876209 1957.892537 698.65919475 
1952.8829768 700.86098296 1960.2957073 701.90030482 1958.7282456 698.58245427 
1953.5229292 700.80629071 1960.936477 701.83976615 1959.3663992 698.52315282 
1954.3323716 700.73708874 1961.7469672 701.76302017 1960.1735154 698.44800615 
1954.5850657 700.71477141 1961.9998431 701.73938825 1960.4258036 698.42465325 
1955.6102232 700.62549245 1963.0266067 701.63841849 1961.4473434 698.32616911 
1956.2080609 700.57304436 1963.6253994 701.57895292 1962.0430029 698.26819924 
1957.0390763 700.49829287 1964.4575627 701.49570053 1962.8713731 698.18676244 
1957.8978269 700.42020119 1965.3175997 701.40799404 1963.7271232 698.10111435 
1958.5439435 700.3666133 1965.96459 701.34782051 1964.3711793 698.04235372 
1959.5321338 700.22311254 1966.954213 701.19342326 1965.3559507 697.89029956 
1960.1854428 700.16066317 1967.608572 701.12290826 1966.0067214 697.82152324 
1960.8818952 700.09375579 1968.3061089 701.04759761 1966.7005223 697.74802793 
1961.5167149 700.03242669 1968.9418603 700.97898796 1967.3330389 697.68099429 
1962.2049501 699.96552539 1969.6310143 700.90485075 1968.01898 697.60842636 
1962.8931856 699.89751719 1970.3202961 700.82853393 1968.7045749 697.5339151 
1963.6923609 699.81836167 1971.1206009 700.74032331 1969.5008644 697.44767665 
1964.2984198 699.75705316 1971.7274929 700.6722769 1970.1047706 697.38110072 
1965.0924599 699.67568744 1972.5226319 700.58194729 1970.8959399 697.29273133 
1965.8341121 699.59989361 1973.2652359 700.49831576 1971.6350754 697.21081743 
1966.557275 699.52411272 1973.9892111 700.41579001 1972.3560675 697.12977257 
1967.103756 699.46727439 1974.5363492 700.35345764 1972.9007771 697.06864834 
1967.9019065 699.38258551 1975.33551 700.26025412 1973.6961761 696.97732053 
1968.6918397 699.29790255 1976.1263537 700.16782459 1974.4835997 696.88660103 
1969.4211665 699.2221184 1976.856158 700.08795055 1975.2115993 696.80763117 
1969.8700737 699.1144198 1977.3049629 699.98112916 1975.6607913 696.70061577 
1970.6302174 699.03640071 1978.0657197 699.89783438 1976.4192208 696.61848845 
1971.5465006 698.93391834 1978.98279 699.78853062 1977.3332834 696.5106965 
1972.1987875 698.86150919 1979.6356726 699.71092207 1977.9838747 696.43424203 
1972.846966 698.78799592 1980.2843798 699.63276713 1978.6305372 696.35711865 
1973.6512826 698.69776933 1981.0892651 699.53751838 1979.433211 696.26298737 
1974.2624815 698.62760312 1981.7009506 699.46303125 1980.0429946 696.18946281 
1974.9835936 698.5451837 1982.4226265 699.37557722 1980.7624552 696.10313165 
1975.6420453 698.46945002 1983.0815749 699.29538103 1981.419441 696.02393191 
1976.4699896 698.37367274 1983.9103881 699.19173854 1982.2447967 695.92204838 
1977.1130333 698.29905713 1984.55416 699.11047395 1982.8856474 695.84227345 
1977.8125748 698.21776049 1985.2545674 699.02119573 1983.5825505 695.7547867 
1978.4761636 698.13980993 1985.9189838 698.93554301 1984.2435873 695.67086611 
1979.1808419 698.05629598 1986.6245735 698.84345742 1984.9454186 695.58071206 
1979.850595 697.97502027 1987.2950484 698.75532568 1985.6128892 695.49412821 
1980.2686875 697.86955904 1987.7129235 698.65193635 1986.031672 695.39027083 
1981.3041369 697.7315718 1988.7483149 698.51450022 1987.0673049 695.25271024 
1981.9030121 697.65698763 1989.348144 698.43079229 1987.6631378 695.17106491 
1982.5604396 697.574614 1990.0066748 698.33772916 1988.3169904 695.08042424 
1983.2743654 697.48334524 1990.7217103 698.23555308 1989.0272568 694.98072654 
1984.0396532 697.38429201 1991.4881934 698.12456969 1989.7885285 694.87246151 
1984.7155721 697.29637088 1992.1651093 698.02654733 1990.461036 694.77674696 
1985.4038183 697.20512023 1992.8543685 697.92488736 1991.1457561 694.67747112 
1985.9605788 697.13167284 1993.4120088 697.84227369 1991.6994027 694.59696186 
1986.6703975 697.03597949 1994.1228544 697.73572869 1992.4055243 694.49291422 
1987.3863802 696.93806795 1994.8397622 697.62789291 1993.1181155 694.3873681 
1988.1917325 696.82791784 1995.6461126 697.50687293 1993.9197421 694.26886221 
1988.8717626 696.73335248 1996.326969 697.40317334 1994.5966324 694.16728034 
1989.5158398 696.64324012 1996.9718603 697.30393709 1995.237565 694.07016403 
1990.3263293 696.53087309 1997.7829324 697.18496275 1996.0457721 693.95272779 
1990.5872603 696.42662711 1998.0437296 697.0822398 1996.3072296 693.84965008 
1991.6381228 696.28531306 1999.0951986 696.93399143 1997.3556932 693.70301794 
1992.0757266 696.22080465 1999.5330177 696.86700239 1997.7924377 693.63660773 
1993.0094866 696.08510587 2000.4672235 696.72613819 1998.7244064 693.49694991 
1993.6535657 695.99056625 2001.1115932 696.62820959 1999.3673088 693.39981361 
1994.1332865 695.92049425 2001.5915642 696.55520439 1999.8460103 693.32749467 
1995.0793747 695.78035957 2002.5379004 696.41214888 2000.7910826 693.18512299 
1995.7172909 695.68693184 2003.1759818 696.31676695 2001.4283186 693.09019884 
1996.3993788 695.58572473 2003.858098 696.21522492 2002.1102899 692.9887353 
1997.0711946 695.48563186 2004.5299257 696.11499113 2002.7820566 692.88853452 
1997.7532829 695.38442518 2005.2120429 696.01344184 2003.4640256 692.78706552 
1998.4990603 695.27431895 2005.957821 695.90332655 2004.2097998 692.67695236 
1998.8185324 695.22760523 2006.2773164 695.85633663 2004.5291757 692.63002717 
1999.6618983 695.10193415 2007.1205856 695.7318115 2005.3729407 692.5052335 
2000.4888287 694.97848867 2007.9471587 695.61258292 2006.2013383 692.38501735 
2000.8237181 694.88526561 2008.2819009 695.5210892 2006.5368289 692.29311891 
2001.5910688 694.7707175 2009.0489297 695.41030616 2007.3054875 692.18145531 
2002.3738281 694.65505221 2009.8312488 695.2997529 2008.0900203 692.06970772 
2002.9686021 694.56719116 2010.425729 695.21528062 2008.6859685 691.98444452 
2003.4257254 694.50045774 2010.8826803 695.15052375 2009.1437762 691.91922662 
2004.5649387 694.33362704 2012.0214612 694.98863463 2010.2846989 691.75618584 
2005.2418926 694.23464042 2012.698088 694.89336141 2010.9629357 691.66004808 
2005.8233128 694.15011046 2013.2792225 694.81205698 2011.5454692 691.57799332 
2006.4560953 694.05890361 2013.9116724 694.72458589 2012.1795397 691.48965392 
2007.2049567 693.94990548 2014.6601869 694.61946173 2012.9297354 691.38363015 
2007.9271099 693.84535392 2015.3820074 694.518605 2013.6531598 691.28191618 
2008.4746316 693.76638292 2015.9292505 694.44271049 2014.2017388 691.20530847 
2009.2121936 693.6607144 2016.6665219 694.3402382 2014.9403985 691.10209578 
2009.8614127 693.56839048 2017.3154257 694.25136383 2015.5908009 691.01242296 
2010.6472554 693.45715467 2018.1009058 694.14407479 2016.3779963 690.9042212 
2011.2225202 693.33830936 2018.6755687 694.03172945 2016.9554852 690.79037456 
2011.8892025 693.24597444 2019.3419961 693.94212815 2017.6231017 690.70014258 
2012.651419 693.13918358 2020.1039576 693.8380623 2018.3862487 690.59544845 
2012.8281053 693.11470938 2020.2805751 693.81432084 2018.563185 690.57153811 
2013.8419976 692.97232367 2021.2939735 693.67717704 2019.5788648 690.4331871 
2014.3946563 692.89556501 2021.8463317 693.60358805 2020.132603 690.35886887 
2015.284252 692.77208365 2022.7357255 693.48222892 2021.022921 690.2370218 
2015.9098455 692.68531287 2023.3612896 693.39576595 2021.6486192 690.15048808 
2016.5272212 692.59965484 2023.9787111 693.30962709 2022.2658313 690.06445974 
2017.041872 692.52956482 2024.4935523 693.23753625 2022.7798012 689.99282894 
2017.8400437 692.41832349 2025.2920663 693.12268347 2023.5767428 689.87880709 
2018.3618858 692.34601477 2025.8141295 693.04803095 2024.0977859 689.80469422 
2019.2237474 692.22587478 2026.6764131 692.92339632 2024.9581137 689.68109533 
2019.8637236 692.13577426 2027.3165577 692.83149473 2025.5974748 689.58960909 
2020.6331332 692.02898149 2028.086135 692.72290322 2026.3662697 689.48143257 
2021.1642258 691.93120345 2028.6172978 692.62437006 2026.8971041 689.38307368 
2021.7918756 691.84221877 2029.245146 692.53324905 2027.5240234 689.29244586 
2022.5684768 691.7332077 2030.0219548 692.42199491 2028.2998569 689.18170984 
2023.2218082 691.64088512 2030.6754891 692.32747382 2028.9524355 689.08769684 
2023.9265023 691.54188611 2031.3804181 692.2259199 2029.6562541 688.98673371 
2024.501763 691.46068666 2031.9558509 692.14284264 2030.2308709 688.90409091 
2025.1746128 691.36503043 2032.6289967 692.04394435 2030.9026083 688.80594317 
2025.7498738 691.28383132 2033.2044381 691.96076076 2031.4771878 688.72321928 
2026.4247787 691.18706701 2033.8795742 691.86144509 2032.151216 688.62449495 
2026.7237091 691.14479947 2034.1785828 691.81831367 2032.4498494 688.58156384 
2027.7540438 690.9968739 2035.2093161 691.66596161 2033.4786612 688.43023879 
2028.4494944 690.89677534 2035.9051175 691.56194136 2034.1727608 688.32712934 
2028.8419051 690.84116115 2036.2978218 691.50302923 2034.5640344 688.26898381 
2029.5157836 690.74439849 2036.9722266 691.40031 2035.2358562 688.16765069 
2030.4084676 690.61538575 2037.8654146 691.26554298 2036.12655 688.03422458 
2031.1409057 690.48094288 2038.5976555 691.13335772 2036.8597693 687.90151302 
2031.7058962 690.39753785 2039.1631087 691.04464223 2037.4229215 687.81403598 
2032.3941575 690.29633816 2039.851983 690.93633963 2038.1087195 687.70739228 
2032.8297141 690.23183942 2040.2879321 690.86725076 2038.5426816 687.63937693 
2033.6042654 690.11729806 2041.0631141 690.74526176 2039.3146414 687.51913224 
2034.3223179 690.01054385 2041.7817025 690.63210916 2040.0304631 687.40748066 
2034.8708733 689.92825755 2042.3306399 690.54522178 2040.5774119 687.32167406 
2035.567354 689.82373212 2043.0276685 690.43403478 2041.2715627 687.21205392 
2036.0059931 689.75812488 2043.4666583 690.36412564 2041.7086948 687.14315793 
2036.8339634 689.63247852 2044.2952614 690.23063715 2042.5339134 687.01151899 
2037.4955182 689.53129792 2044.9573146 690.12320678 2043.1932709 686.90556505 
2038.2279541 689.419 2045.6902454 690.00463726 2043.923498 686.78847928 
2038.768293 689.3345058 2046.2309486 689.91548269 2044.462193 686.70042869 
2039.443203 689.22999571 2046.9062666 689.80570784 2045.1352433 686.59190243 
2040.1550944 689.1199261 2047.6186043 689.68982325 2045.8450776 686.4773987 
2040.8947308 688.96112511 2048.3586905 689.5251005 2046.5826156 686.31408408 
2041.5141696 688.86329457 2048.9784882 689.42249981 2047.2003616 686.21261909 
2042.2044896 688.75434681 2049.6691664 689.30875006 2047.8889752 686.10001389 
2042.4633598 688.71321468 2049.9281503 689.2660845 2048.1473 686.05771409 
2043.4669955 688.55313568 2050.9323582 689.0982245 2049.1481647 685.89171205 
2043.8779007 688.48754809 2051.3434489 689.03009146 2049.5581622 685.82418754 
2044.7130658 688.35415022 2052.179054 688.89060532 2050.3911535 685.68615836 
2045.0818537 688.29412585 2052.5480576 688.82756938 2050.7588647 685.62384386 
2046.0320731 688.14072551 2053.4986514 688.66890298 2051.7071993 685.46644017 
2046.6237775 688.0451287 2054.0904897 688.57141001 2052.2982244 685.36940224 
2047.2771182 687.93842083 2054.7438354 688.46463073 2052.9515395 685.26264011 
2047.9746316 687.82393465 2055.4413341 688.3503524 2053.6491274 685.14831189 
2048.6310543 687.71722519 2056.0976613 688.24499689 2054.3060352 685.04263145 
2049.2648775 687.61385195 2056.7314351 688.14232087 2054.9401081 684.93978814 
2049.9973178 687.49712956 2057.463812 688.02649444 2055.6728692 684.82374678 
2050.7379864 687.32836717 2058.204389 687.85902197 2056.4139996 684.65596495 
2051.2896289 687.23722608 2058.7559585 687.76890774 2056.9660096 684.56560451 
2051.9070163 687.13718563 2059.3732817 687.66976789 2057.5837192 684.46624878 
2052.6035036 687.02380875 2060.0696919 687.55747024 2058.2805925 684.35369248 
2053.2753368 686.91376939 2060.7414182 687.44892474 2058.9529598 684.24478908 
2053.9101883 686.81039687 2061.3761896 687.346669 2059.5882106 684.14226586 
2054.1310509 686.77482631 2061.5970015 687.31180272 2059.8093248 684.10723092 
2055.3339822 686.57919627 2062.7997077 687.1192928 2061.0133704 683.91397418 
2056.067452 686.46026105 2063.5329104 687.00403875 2061.7481538 683.7978397 
2056.5862227 686.37689239 2064.0515872 686.92195709 2062.2673833 683.71545041 
2057.2159387 686.27463129 2064.6810443 686.82323145 2062.8983592 683.61588015 
2057.686428 686.19904386 2065.1513795 686.74973588 2063.3695932 683.54188516 
2058.6037797 686.0512059 2066.0683993 686.60637805 2064.2885387 683.39745853 
2059.3259503 685.93560044 2066.7902763 686.49470607 2065.0121068 683.28484908 
2059.9536123 685.83444859 2067.4176137 686.39787199 2065.6413013 683.18698693 
2060.7394824 685.66566063 2068.2019245 686.24937413 2066.434348 683.03367172 
2061.3733085 685.56339812 2068.8353336 686.15241803 2067.0700443 682.9354595 
2061.9680982 685.46891072 2069.4297438 686.0627178 2067.6665187 682.84462741 
2062.6522606 685.35997353 2070.1134515 685.95946756 2068.3526797 682.74003421 
2063.3107411 685.25658866 2070.7714611 685.86191499 2069.0132065 682.64110621 
2064.0514036 685.13986582 2071.5116148 685.751431 2069.7560542 682.529153 
2064.6646845 685.0442602 2072.1244044 685.66178931 2070.3714204 682.43810884 
2065.2861836 684.94754237 2072.7454119 685.57098122 2070.9949825 682.34591296 
2065.8573466 684.85860681 2073.3161261 685.4873923 2071.5680089 682.26107016 
2066.4737094 684.76410687 2073.9319962 685.39871007 2072.186396 682.17102537 
2067.1465724 684.66071398 2074.604308 685.30176232 2072.8614978 682.07257029 
2067.9303807 684.54175067 2075.387566 685.1891681 2073.6475144 681.95848879 
2068.4738077 684.45836915 2075.9306503 685.10972191 2074.1923038 681.87812477 
2069.2288525 684.34496032 2076.6853188 685.00060686 2074.9488335 681.76800925 
2069.791797 684.26378094 2077.2481604 684.92059702 2075.5121821 681.68772709 
2070.4595324 684.12053583 2077.9141787 684.79656205 2076.1865361 681.55922987 
2071.2351223 684.00932885 2078.6895968 684.6872461 2076.9627755 681.44947577 
2071.9521587 683.90258796 2079.4064233 684.58280991 2077.6806031 681.34450584 
2072.559277 683.81252417 2080.0134896 684.49331537 2078.2879167 681.25487952 
2073.2537137 683.70911948 2080.7079271 684.38990289 2078.9823508 681.15146884 
2073.6748958 683.64685247 2081.1292436 684.32616259 2079.4030273 681.08806966 
2074.5408874 683.51898231 2081.9957755 684.19233717 2080.2669729 680.95562429 
2075.1767703 683.42336536 2082.6319458 684.09352983 2080.9017583 680.85755709 
2075.5732982 683.36443577 2083.0285984 684.03321221 2081.2978084 680.79756165 
2076.5225004 683.2210138 2083.9781672 683.88569026 2082.2455981 680.650992 
2076.912865 683.16208837 2084.3687081 683.824785 2082.6352801 680.59054693 
2077.4398572 683.08314808 2084.8959893 683.7425851 2083.1611475 680.50910516 
2078.5575337 682.91304913 2086.0140805 683.56777948 2084.277198 680.33539527 
2078.9407079 682.85412864 2086.3973897 683.50732008 2084.6598401 680.27529439 
2079.7050014 682.73961053 2087.1620165 683.38898615 2085.4228133 680.15785003 
2080.4939543 682.59850606 2087.9512818 683.24428336 2086.2105197 680.01398684 
2081.0897752 682.50734473 2088.547331 683.15048134 2086.8054251 679.92080142 
2081.7646967 682.40395516 2089.2224605 683.04467569 2087.4795083 679.81556027 
2082.1971806 682.33836132 2089.6551785 682.97635069 2087.911044 679.74787378 
2082.9532576 682.22163532 2090.411528 682.85643149 2088.6660113 679.62870163 
2083.4936063 682.13825958 2090.9521233 682.7701508 2089.2053496 679.54310104 
2084.3082386 682.01264009 2091.7669876 682.64178672 2090.0190265 679.41537994 
2084.9872702 681.90814182 2092.4462416 682.53464575 2090.6971376 679.30885848 
2085.431055 681.83922013 2092.8901488 682.464267 2091.1404146 679.23882147 
2086.1367965 681.72916976 2093.5962545 682.34985468 2091.8446345 679.12543289 
2086.8600019 681.61689437 2094.3197504 682.23407743 2092.5666169 679.01047828 
2087.3048144 681.54797242 2094.7646639 682.16393344 2093.0110023 678.94062153 
2088.1995763 681.40791132 2095.6597184 682.02031755 2093.9045211 678.79784165 
2088.7501992 681.32120908 2096.2105615 681.93092805 2094.4542035 678.7090846 
2089.4641599 681.21004751 2096.9246682 681.81797675 2095.1675374 678.59655474 
2090.0507443 681.08568071 2097.5116236 681.68904097 2095.7525202 678.46869564 
2090.6424582 680.99673889 2098.1033824 681.59954216 2096.3440387 678.37932816 
2091.1560996 680.91559613 2098.61715 681.51683566 2096.8571314 678.29699047 
2092.0025805 680.78331682 2099.463723 681.38341337 
2092.6662055 680.67883068 2100.1273677 681.2786821 
2093.0709551 680.61547069 2100.5321202 681.21528662 
2093.9164097 680.48208567 2101.3775766 681.08187916 
2094.5677078 680.37982209 2102.0288193 680.98030307 
2095.1450414 680.2897834 2102.6061073 680.89083111 
2095.8384585 680.18085109 2103.2994372 680.7829803 
2096.4825661 680.07969973 2103.9434199 680.6833737 
2097.1492741 679.97521306 2104.6099532 680.58104224 
2097.7522905 679.88073052 2105.2127748 680.48895469 
2098.3039427 679.79513723 2105.7642599 680.40540823 
2099.0425612 679.67953499 2106.5026863 680.2921484 
2099.7770774 679.53072177 2107.2371738 680.14368575 
2100.3133208 679.44735287 
2101.0139301 679.33841777 
2101.2635606 679.30061992 
2102.2528375 679.14832746 
2102.7623719 679.06940432 
2103.4876364 678.95934756 
2104.1769459 678.85484904 
2104.0197711 678.87819641 
2105.5278288 678.65029839 
2106.0394182 678.57248188 
2106.4195146 678.5157825 
2107.2290174 678.39460348 
2107.8094354 678.30678057 
2108.5429194 678.19672045 
2109.1377298 678.05574693 
2109.7489665 677.96569121 
2110.3530127 677.87453299 
2111.0402695 677.77114509 
2111.6494523 677.67998406 
2112.1630975 677.60216776 
2112.5863413 677.53769294 
2113.447211 677.40762755 
2114.2628802 677.28423316 
2114.8319998 677.19752627 
2115.516176 677.09414172 
2116.0965962 677.00521395 
2116.6307883 676.92406469 
2117.2820918 676.82512946 
2117.9868149 676.71730456 
2118.349458 676.61854726 
2119.347988 676.4629357 
2119.892454 676.37845957 
2120.5468405 676.27841632 
2121.197118 676.1783758 
2121.6902195 676.10278866 
2122.3949441 675.9938581 
2122.8736637 675.92049431 
2123.4212125 675.83491007 
2124.0036894 675.74487609 
2124.7525882 675.63038362 
2125.420331 675.52701233 
2126.0654735 675.42697644 
2126.7455444 675.32138377 
2127.2499458 675.25132666 
2128.0163201 675.08146836 
2128.697419 674.97476857 
2129.2521603 674.88807432 
2129.8983313 674.78693185 
2130.2917868 674.7258001 
2131.0170601 674.61243137 
2131.6077574 674.52018022 
2132.0566874 674.45015802 
2132.6833407 674.35124252 
2133.5236724 674.22009066 
2134.1534076 674.12228085 
2134.8129346 674.02002463 
2135.3656228 673.93333324 
2136.0025493 673.83551962 
2136.6096844 673.74215276 
2137.3020927 673.60002083 
2137.854781 673.51554434 
2138.2934388 673.44885106 
2139.0495333 673.33214505 
2139.5816759 673.25100282 
2140.3192791 673.13873695 
2140.5432309 673.10538776 
2141.2952164 672.99200641 
2142.2033524 672.85417426 
2142.6409835 672.78858964 
2143.3344133 672.68410136 
2143.7597169 672.62073866 
2144.6431982 672.48845806 
2145.5040791 672.35951282 
2146.2190834 672.25058399 
2146.8180025 672.15833213 
2147.3347375 672.07830825 
2147.8001073 672.00606525 
2148.2459582 671.93715547 
2148.7051643 671.8660235 
2149.2085442 671.7904366 
2149.7899994 671.7037317 
2150.4803488 671.602569 
2151.0659129 671.51807624 
2151.7007879 671.42580421 
2152.305871 671.33908584 
2152.8729442 671.25681891 
2153.5139834 671.16454373 
2154.1108485 671.07893792 
2154.6132016 671.00667431 
2155.2090446 670.89671264 
2155.8110465 670.81110425 
2156.4582501 670.71882628 
2157.0160783 670.63878023 
2157.5882887 670.55761863 
2158.2622028 670.4620039 
2158.6114876 670.41197502 
2159.385051 670.30190862 
2159.923361 670.22408922 
2160.205871 670.18406449 
2161.3256385 670.02286496 
2161.6851969 669.97172335 
2162.3817131 669.87166799 
2162.9611162 669.78828932 
2163.5364101 669.70602036 
2163.9863796 669.60500479 
2164.7167977 669.50050158 
2165.251 669.42157885 
2165.8519779 669.33265254 
2166.5608238 669.22705563 
2167.0046233 669.16036527 
2167.6703228 669.05922278 
2168.1593245 668.98475603 
2168.7613312 668.89140144 
2169.4722335 668.78137579 
2169.9602087 668.70469581 
2170.532424 668.6146807 
