1745.5320815 679.95695749 
1746.3598886 680.22755136 
1746.4574589 680.25958119 
1747.5297059 680.608589 
1748.177779 680.81843307 
1748.569088 680.94433766 
1749.7337724 681.31541637 
1750.4013608 681.52746001 
1750.7043434 681.62243485 
1750.9570003 681.70084236 
1751.301066 681.80574915 
1751.7314049 681.93715929 
1752.2408277 682.09175709 
1752.8252262 682.26954585 
1753.4774112 682.46610274 
1754.1912201 682.68143266 
1754.9625451 682.9122175 
1755.7852237 683.15735504 
1756.6530936 683.4146359 
1757.5589654 683.68185151 
1758.499758 683.95789719 
1759.4682819 684.24056435 
1760.4583751 684.52653648 
1761.4638749 684.8158184 
1762.1602276 685.01455764 
1762.9295025 685.2331685 
1763.5108309 685.35892755 
1764.2934584 685.57974273 
1764.9507839 685.7630135 
1765.3595583 685.87672909 
1766.4482545 686.17812689 
1767.1949362 686.38347131 
1767.6581463 686.50932337 
1768.4407762 686.72239013 
1769.1997841 686.92661853 
1769.7790542 687.08227325 
1770.6161206 687.30526264 
1771.2405826 687.4708468 
1771.8825054 687.63973896 
1772.6343256 687.83622424 
1773.4179858 688.03932784 
1774.0445127 688.14844776 
1774.8610387 688.36591906 
1775.4033366 688.50388989 
1776.2701918 688.72353699 
1776.9275231 688.88909733 
1777.7183753 689.08666128 
1778.4075467 689.2588402 
1778.9755227 689.40011344 
1779.0813121 689.42660273 
1780.5613378 689.79081143 
1781.1878584 689.94421844 
1781.937629 690.1285301 
1782.4408998 690.25214012 
1783.3878714 690.48169241 
1784.038016 690.63840341 
1784.885372 690.78057011 
1785.4009691 690.9030642 
1786.2205834 691.09950195 
1786.9908981 691.28269241 
1787.6112585 691.42946324 
1788.4586053 691.63030902 
1788.8848464 691.73183718 
1789.7753314 691.94150735 
1790.4542369 692.0993053 
1791.2656372 692.28689424 
1791.9301638 692.44138229 
1792.5946908 692.59476343 
1793.4646363 692.79337957 
1794.1147847 692.94123655 
1794.8358027 693.10453924 
1795.3935256 693.161683 
1796.3877504 693.38677625 
1796.8602133 693.49048488 
1797.8369794 693.70341375 
1798.5816228 693.86448537 
1799.10236 693.9759075 
1799.7977037 694.12373167 
1800.5372129 694.27927225 
1801.3588904 694.45025019 
1802.0860756 694.59915794 
1802.77115 694.73924099 
1803.312431 694.84843422 
1804.139246 695.01387367 
1804.991739 695.18261528 
1805.6881128 695.32158353 
1806.4019606 695.39078977 
1807.0284933 695.50766901 
1807.6406469 695.62123797 
1808.5814741 695.79434239 
1809.2059536 695.90790243 
1810.2330588 696.09312049 
1810.8328886 696.20005693 
1811.2498941 696.27170405 
1812.1054746 696.41830357 
1812.8973752 696.55166613 
1813.6184058 696.67068997 
1814.2932168 696.78199912 
1814.9310524 696.88447944 
1815.5853221 696.98916177 
1816.3556552 697.11368487 
1817.2923914 697.20486881 
1817.9179032 697.30071655 
1818.6399643 697.40867001 
1819.2891005 697.50560744 
1820.0727893 697.62015765 
1820.6202421 697.69835099 
1821.2662986 697.78864857 
1822.0612873 697.89876248 
1822.914822 698.0165825 
1823.4715201 698.09255535 
1824.2377506 698.19604893 
1824.8951071 698.28301771 
1825.6644198 698.38429523 
1826.4111364 698.48116147 
1826.9863222 698.56597834 
1827.6118525 698.57104451 
1828.5033944 698.68330257 
1829.2881163 698.77903418 
1830.0420249 698.87036064 
1830.5997532 698.93747753 
1831.5036225 699.04529908 
1832.0685411 699.11241096 
1832.9436518 699.214719 
1833.4900826 699.2785237 
1834.3261634 699.37421872 
1835.0451519 699.456716 
1835.6850523 699.52820132 
1836.3218713 699.59968912 
1837.1240582 699.68876776 
1837.9190603 699.75017389 
1838.7140661 699.79275918 
1839.2728246 699.85212763 
1840.0267382 699.93127917 
1840.4468347 699.9741443 
1841.3116788 700.06428496 
1842.1405739 700.14891706 
1842.6048377 700.19507114 
1843.3022605 700.2654088 
1844.1301294 700.34782818 
1844.9004794 700.42364781 
1845.7211592 700.50385888 
1845.4058291 700.47309336 
1847.1231973 700.64010259 
1847.6881213 700.69504013 
1848.2982394 700.75437284 
1848.8179821 700.73627383 
1849.9560492 700.84060823 
1850.5733582 700.897722 
1851.4176649 700.97459636 
1852.1222812 701.03828877 
1852.6697458 701.08659776 
1853.363064 701.1491918 
1854.1395809 701.21726027 
1854.8914466 701.28313296 
1855.5364902 701.33912055 
1856.3530664 701.40937452 
1857.0617933 701.46974413 
1857.635965 701.51803469 
1858.4278906 701.58498622 
1859.2496061 701.64084485 
1860.0672177 701.67235005 
1860.6126304 701.71623404 
1861.4107207 701.77875362 
1861.8277409 701.81166101 
1862.7901747 701.88623875 
1863.5040403 701.93996393 
1864.1829834 701.98928646 
1864.8773339 702.03970503 
1864.7366146 702.03095121 
1866.0965568 702.12516724 
1867.0415326 702.18758128 
1867.7872421 702.23685604 
1868.5154906 702.28282246 
1869.1307532 702.32001474 
1869.8970075 702.36373958 
1870.8574037 702.36303782 
1871.3689222 702.40694927 
1872.09101 702.44627864 
1872.7370889 702.48012807 
1873.5218337 702.52051932 
1874.2131082 702.55433623 
1874.4442177 702.56634616 
1875.5525174 702.61868075 
1876.3341824 702.65464675 
1877.0223766 702.68514542 
1877.5082213 702.70693448 
1878.7171847 702.75809034 
1879.058201 702.77112801 
1879.9754527 702.80810393 
1880.6574871 702.82642984 
1881.1679885 702.8260593 
1882.0965424 702.84863528 
1882.7816577 702.87360238 
1883.6557709 702.90396838 
1884.3378053 702.92783108 
1884.9356127 702.94843359 
1885.810754 702.97769259 
1886.4701917 702.99935806 
1887.2682966 703.02424486 
1888.0109351 703.04695777 
1888.5943637 703.06425031 
1889.4879958 703.09017606 
1889.5968751 703.09341884 
1890.9352698 703.13120258 
1891.5145905 703.14739173 
1892.5890117 703.13997465 
1893.1241651 703.15287468 
1893.6398023 703.16578889 
1894.6618327 703.19051721 
1895.4065287 703.20769556 
1896.0526167 703.22273079 
1896.7058956 703.2355468 
1897.631374 703.25481027 
1898.4048323 703.26864761 
1898.9584765 703.27821443 
1899.8747122 703.29194987 
1900.608112 703.30249535 
1901.3076154 703.31195823 
1901.3589739 703.31302857 
1902.7446297 703.3231076 
1903.4595439 703.31816751 
1904.1806217 703.31211613 
1905.0876171 703.31257486 
1905.3546824 703.31349114 
1906.6766571 703.31476119 
1907.4100608 703.31423772 
1908.1342201 703.31372108 
1908.8963856 703.31096334 
1909.5229641 703.30719537 
1910.4166093 703.3010231 
1911.0051828 703.29617549 
1911.8618505 703.28781589 
1912.6486706 703.27839918 
1913.3615343 703.26792819 
1913.9644888 703.2641783 
1914.9721595 703.21917748 
1915.4487726 703.20887496 
1916.4780104 703.18710918 
1916.9515422 703.17680918 
1917.7558279 703.15631068 
1918.5549782 703.13470899 
1919.4239777 703.10973677 
1920.1861504 703.08594761 
1920.7572663 703.06893663 
1920.9811931 703.06213548 
1921.8049986 703.03055342 
1923.5121879 702.96291967 
1923.7248157 702.95723391 
1924.0329732 702.94262372 
1925.4278996 702.87853332 
1926.2650681 702.8026585 
1926.8885745 702.77121957 
1927.6199363 702.73416924 
1928.4201206 702.69264221 
1928.8515425 702.66908894 
1929.9280436 702.60743979 
1930.59983 702.5682181 
1931.3558469 702.52340183 
1932.059477 702.48083685 
1932.7949508 702.43492838 
1933.6393077 702.38230102 
1934.1600976 702.348722 
1934.9233066 702.29947343 
1935.7604744 702.24463769 
1936.6222948 702.19089214 
1937.483099 702.0795771 
1938.1158553 702.03484943 
1938.7434756 701.99123267 
1939.5611282 701.93530493 
1940.3479653 701.88050614 
1941.1276123 701.82571265 
1941.3556515 701.80894661 
1942.6067854 701.71950377 
1942.7988725 701.70608433 
1943.8620292 701.62784454 
1944.6766028 701.56749238 
1945.4932312 701.50603196 
1946.2133027 701.45128178 
1946.9631633 701.39429687 
1947.6565269 701.3462085 
1948.3231957 701.23392558 
1949.1788597 701.16690382 
1950.0221981 701.0976767 
1950.6816662 701.04407719 
1951.274366 700.99495267 
1952.0447733 700.93131253 
1952.8829768 700.86098296 
1953.5229292 700.80629071 
1954.3323716 700.73708874 
1954.5850657 700.71477141 
1955.6102232 700.62549245 
1956.2080609 700.57304436 
1957.0390763 700.49829287 
1957.8978269 700.42020119 
1958.5439435 700.3666133 
1959.5321338 700.22311254 
1960.1854428 700.16066317 
1960.8818952 700.09375579 
1961.5167149 700.03242669 
1962.2049501 699.96552539 
1962.8931856 699.89751719 
1963.6923609 699.81836167 
1964.2984198 699.75705316 
1965.0924599 699.67568744 
1965.8341121 699.59989361 
1966.557275 699.52411272 
1967.103756 699.46727439 
1967.9019065 699.38258551 
1968.6918397 699.29790255 
1969.4211665 699.2221184 
1969.8700737 699.1144198 
1970.6302174 699.03640071 
1971.5465006 698.93391834 
1972.1987875 698.86150919 
1972.846966 698.78799592 
1973.6512826 698.69776933 
1974.2624815 698.62760312 
1974.9835936 698.5451837 
1975.6420453 698.46945002 
1976.4699896 698.37367274 
1977.1130333 698.29905713 
1977.8125748 698.21776049 
1978.4761636 698.13980993 
1979.1808419 698.05629598 
1979.850595 697.97502027 
1980.2686875 697.86955904 
1981.3041369 697.7315718 
1981.9030121 697.65698763 
1982.5604396 697.574614 
1983.2743654 697.48334524 
1984.0396532 697.38429201 
1984.7155721 697.29637088 
1985.4038183 697.20512023 
1985.9605788 697.13167284 
1986.6703975 697.03597949 
1987.3863802 696.93806795 
1988.1917325 696.82791784 
1988.8717626 696.73335248 
1989.5158398 696.64324012 
1990.3263293 696.53087309 
1990.5872603 696.42662711 
1991.6381228 696.28531306 
1992.0757266 696.22080465 
1993.0094866 696.08510587 
1993.6535657 695.99056625 
1994.1332865 695.92049425 
1995.0793747 695.78035957 
1995.7172909 695.68693184 
1996.3993788 695.58572473 
1997.0711946 695.48563186 
1997.7532829 695.38442518 
1998.4990603 695.27431895 
1998.8185324 695.22760523 
1999.6618983 695.10193415 
2000.4888287 694.97848867 
2000.8237181 694.88526561 
2001.5910688 694.7707175 
2002.3738281 694.65505221 
2002.9686021 694.56719116 
2003.4257254 694.50045774 
2004.5649387 694.33362704 
2005.2418926 694.23464042 
2005.8233128 694.15011046 
2006.4560953 694.05890361 
2007.2049567 693.94990548 
2007.9271099 693.84535392 
2008.4746316 693.76638292 
2009.2121936 693.6607144 
2009.8614127 693.56839048 
2010.6472554 693.45715467 
2011.2225202 693.33830936 
2011.8892025 693.24597444 
2012.651419 693.13918358 
2012.8281053 693.11470938 
2013.8419976 692.97232367 
2014.3946563 692.89556501 
2015.284252 692.77208365 
2015.9098455 692.68531287 
2016.5272212 692.59965484 
2017.041872 692.52956482 
2017.8400437 692.41832349 
2018.3618858 692.34601477 
2019.2237474 692.22587478 
2019.8637236 692.13577426 
2020.6331332 692.02898149 
2021.1642258 691.93120345 
2021.7918756 691.84221877 
2022.5684768 691.7332077 
2023.2218082 691.64088512 
2023.9265023 691.54188611 
2024.501763 691.46068666 
2025.1746128 691.36503043 
2025.7498738 691.28383132 
2026.4247787 691.18706701 
2026.7237091 691.14479947 
2027.7540438 690.9968739 
2028.4494944 690.89677534 
2028.8419051 690.84116115 
2029.5157836 690.74439849 
2030.4084676 690.61538575 
2031.1409057 690.48094288 
2031.7058962 690.39753785 
2032.3941575 690.29633816 
2032.8297141 690.23183942 
2033.6042654 690.11729806 
2034.3223179 690.01054385 
2034.8708733 689.92825755 
2035.567354 689.82373212 
2036.0059931 689.75812488 
2036.8339634 689.63247852 
2037.4955182 689.53129792 
2038.2279541 689.419 
2038.768293 689.3345058 
2039.443203 689.22999571 
2040.1550944 689.1199261 
2040.8947308 688.96112511 
2041.5141696 688.86329457 
2042.2044896 688.75434681 
2042.4633598 688.71321468 
2043.4669955 688.55313568 
2043.8779007 688.48754809 
2044.7130658 688.35415022 
2045.0818537 688.29412585 
2046.0320731 688.14072551 
2046.6237775 688.0451287 
2047.2771182 687.93842083 
2047.9746316 687.82393465 
2048.6310543 687.71722519 
2049.2648775 687.61385195 
2049.9973178 687.49712956 
2050.7379864 687.32836717 
2051.2896289 687.23722608 
2051.9070163 687.13718563 
2052.6035036 687.02380875 
2053.2753368 686.91376939 
2053.9101883 686.81039687 
2054.1310509 686.77482631 
2055.3339822 686.57919627 
2056.067452 686.46026105 
2056.5862227 686.37689239 
2057.2159387 686.27463129 
2057.686428 686.19904386 
2058.6037797 686.0512059 
2059.3259503 685.93560044 
2059.9536123 685.83444859 
2060.7394824 685.66566063 
2061.3733085 685.56339812 
2061.9680982 685.46891072 
2062.6522606 685.35997353 
2063.3107411 685.25658866 
2064.0514036 685.13986582 
2064.6646845 685.0442602 
2065.2861836 684.94754237 
2065.8573466 684.85860681 
2066.4737094 684.76410687 
2067.1465724 684.66071398 
2067.9303807 684.54175067 
2068.4738077 684.45836915 
2069.2288525 684.34496032 
2069.791797 684.26378094 
2070.4595324 684.12053583 
2071.2351223 684.00932885 
2071.9521587 683.90258796 
2072.559277 683.81252417 
2073.2537137 683.70911948 
2073.6748958 683.64685247 
2074.5408874 683.51898231 
2075.1767703 683.42336536 
2075.5732982 683.36443577 
2076.5225004 683.2210138 
2076.912865 683.16208837 
2077.4398572 683.08314808 
2078.5575337 682.91304913 
2078.9407079 682.85412864 
2079.7050014 682.73961053 
2080.4939543 682.59850606 
2081.0897752 682.50734473 
2081.7646967 682.40395516 
2082.1971806 682.33836132 
2082.9532576 682.22163532 
2083.4936063 682.13825958 
2084.3082386 682.01264009 
2084.9872702 681.90814182 
2085.431055 681.83922013 
2086.1367965 681.72916976 
2086.8600019 681.61689437 
2087.3048144 681.54797242 
2088.1995763 681.40791132 
2088.7501992 681.32120908 
2089.4641599 681.21004751 
2090.0507443 681.08568071 
2090.6424582 680.99673889 
2091.1560996 680.91559613 
2092.0025805 680.78331682 2097.7032111 678.16383784 
2092.6662055 680.67883068 2098.3667501 678.05916441 
2093.0709551 680.61547069 2098.7714872 677.9957773 
2093.9164097 680.48208567 2099.616934 677.86237514 
2094.5677078 680.37982209 2100.2684734 677.76063683 
2095.1450414 680.2897834 2100.8460059 677.67103117 
2095.8384585 680.18085109 2101.5398025 677.56292526 
2096.4825661 680.07969973 2102.184452 677.4629544 
2097.1492741 679.97521306 2102.8519157 677.36011496 
2097.7522905 679.88073052 2103.4557714 677.26746321 
2098.3039427 679.79513723 2104.0081403 677.18343482 
2099.0425612 679.67953499 2104.7475785 677.06962376 
2099.7770774 679.53072177 2105.4822174 676.92107863 
2100.3133208 679.44735287 2107.7731969 680.0629918 2106.0193962 676.83975561 
2101.0139301 679.33841777 2108.4735318 679.95737292 2106.7211641 676.7333574 
2101.2635606 679.30061992 2108.7230525 679.92089679 2106.9712561 676.69657082 
2102.2528375 679.14832746 2109.7118763 679.77402969 2107.9624255 676.54843044 
2102.7623719 679.06940432 2110.2212 679.69761386 2108.4728336 676.47142672 
2103.4876364 678.95934756 2110.9461965 679.59072958 2109.1992025 676.36379908 
2104.1769459 678.85484904 2111.6352783 679.48891592 2109.889446 676.26135675 
2104.0197711 678.87819641 2111.4781147 679.51213078 2109.7322251 676.28460263 
2105.5278288 678.65029839 2112.9858035 679.28855858 2111.2417862 676.06001834 
2106.0394182 678.57248188 2113.497299 679.21183838 2111.7537563 675.9830418 
2106.4195146 678.5157825 2113.8773614 679.15553448 2112.13399 675.92664545 
2107.2290174 678.39460348 2114.6866872 679.03641666 2112.9442082 675.80704591 
2107.8094354 678.30678057 2115.2670196 678.94958707 2113.5249708 675.71998426 
2108.5429194 678.19672045 2116.0005001 678.8395676 2114.2584689 675.6099553 
2109.1377298 678.05574693 2116.5949668 678.70257008 2114.8546577 675.47202945 
2109.7489665 677.96569121 2117.2062443 678.61204233 2115.4657308 675.38161187 
2110.3530127 677.87453299 2117.8103514 678.52018183 2116.0695336 675.2899153 
2111.0402695 677.77114509 2118.4976905 678.41584183 2116.7564603 675.18579757 
2111.6494523 677.67998406 2119.106983 678.32341169 2117.3652031 675.0936638 
2112.1630975 677.60216776 2119.6207216 678.24451176 2117.8784724 675.015017 
2112.5863413 677.53769294 2120.0439831 678.17983103 2118.3016448 674.95038437 
2113.447211 677.40762755 2120.9049726 678.04837239 2119.162031 674.81925129 
2114.2628802 677.28423316 2121.7207646 677.92354749 2119.9772036 674.69476077 
2114.8319998 677.19752627 2122.2899811 677.83570846 2120.54593 674.60718646 
2115.516176 677.09414172 2122.9742133 677.73166997 2121.2298792 674.5033009 
2116.0965962 677.00521395 2123.5546395 677.64267192 2121.8102749 674.41431929 
2116.6307883 676.92406469 2124.088903 677.56068611 2122.3441763 674.33252916 
2117.2820918 676.82512946 2124.7402479 677.46126627 2122.9953114 674.23322269 
2117.9868149 676.71730456 2125.4450694 677.35228686 2123.6996332 674.12451343 
2118.349458 676.61854726 2125.807708 677.25358213 2124.0622947 674.02579641 
2119.347988 676.4629357 2126.806249 677.0978418 2125.0607799 673.87008621 
2119.892454 676.37845957 2127.3507843 677.01255122 2125.6049628 673.78498626 
2120.5468405 676.27841632 2128.0052874 676.91113456 2126.2588715 673.68389113 
2121.197118 676.1783758 2128.6556522 676.81006364 2126.9087905 673.58306151 
2121.6902195 676.10278866 2129.1487699 676.7342856 2127.4018256 673.50732818 
2122.3949441 675.9938581 2129.85357 676.62446308 2128.1062398 673.3977146 
2122.8736637 675.92049431 2130.3323374 676.55053388 2128.5847626 673.32391787 
2123.4212125 675.83491007 2130.8799483 676.46421395 2129.1320553 673.23777033 
2124.0036894 675.74487609 2131.4624763 676.3735733 2129.7143209 673.14727185 
2124.7525882 675.63038362 2132.211512 676.25745434 2130.4626531 673.03153417 
2125.420331 675.52701233 2132.8793221 676.15328266 2131.130117 672.92755017 
2126.0654735 675.42697644 2133.5245282 676.05248895 2131.7749954 672.8269342 
2126.7455444 675.32138377 2134.2046348 675.94646954 2132.4549175 672.72101489 
2127.2499458 675.25132666 2134.7090386 675.87638522 2132.9593094 672.65093695 
2128.0163201 675.08146836 2135.4754376 675.70623143 2133.7255808 672.48085247 
2128.697419 674.97476857 2136.1566205 675.59852844 2134.4063298 672.37338486 
2129.2521603 674.88807432 2136.7114335 675.51097503 2134.9607714 672.28603307 
2129.8983313 674.78693185 2137.3576359 675.40945757 2135.6068116 672.18460362 
2130.2917868 674.7258001 2137.751127 675.34789811 2136.0001179 672.12314456 
2131.0170601 674.61243137 2138.4764044 675.2344817 2136.7253746 672.00973934 
2131.6077574 674.52018022 2139.0671111 675.14211698 2137.3160322 671.91740128 
2132.0566874 674.45015802 2139.5159704 675.07294277 2137.7652581 671.84802802 
2132.6833407 674.35124252 2140.142461 674.97597126 2138.3925893 671.75060036 
2133.5236724 674.22009066 2140.9825029 674.84827067 2139.2341237 671.62209045 
2134.1534076 674.12228085 2141.611999 674.75329329 2139.8648451 671.52644936 
2134.8129346 674.02002463 2142.2713104 674.65358131 2140.5252573 671.42614157 
2135.3656228 673.93333324 2142.8236683 674.57076494 2141.0792924 671.34241845 
2136.0025493 673.83551962 2143.4603294 674.47605031 2141.717295 671.24697926 
2136.6096844 673.74215276 2144.0672459 674.38522209 2142.3253109 671.15555789 
2137.3020927 673.60002083 2144.7591426 674.24899657 2143.0197661 671.01795372 
2137.854781 673.51554434 2145.3115634 674.16758656 2143.5735157 670.9358287 
2138.2934388 673.44885106 2145.7499401 674.10409998 2144.0132824 670.87159498 
2139.0495333 673.33214505 2146.5056635 673.99160416 2144.7708313 670.75811908 
2139.5816759 673.25100282 2147.0375575 673.91326613 2145.3039415 670.6791288 
2140.3192791 673.13873695 2147.77483 673.80471205 2146.0428244 670.56971205 
2140.5432309 673.10538776 2147.9986696 673.77261815 2146.2672087 670.53732658 
2141.2952164 672.99200641 2148.750319 673.66298144 2147.0204833 670.4268206 
2142.2033524 672.85417426 2149.6580586 673.52953911 2147.9301288 670.29236022 
2142.6409835 672.78858964 2150.0954623 673.46646071 2148.3686209 670.22870107 
2143.3344133 672.68410136 2150.7885284 673.3659603 2149.0634194 670.12727731 
2143.7597169 672.62073866 2151.2137209 673.30381111 2149.4891392 670.06484731 
2144.6431982 672.48845806 2152.0969331 673.1744592 2150.3736242 669.93481805 
2145.5040791 672.35951282 2152.9575432 673.0484506 2151.2355107 669.80813074 
2146.2190834 672.25058399 2153.6723552 672.94159879 2151.9512258 669.70079918 
2146.8180025 672.15833213 2154.2711389 672.85080718 2152.5506444 669.60967042 
2147.3347375 672.07830825 2154.7877728 672.77186958 2153.0677508 669.5304821 
2147.8001073 672.00606525 2155.2530536 672.70058169 2153.533447 669.45897381 
2148.2459582 671.93715547 2155.6988051 672.63273859 2153.9796625 669.39088463 
2148.7051643 671.8660235 2156.1578785 672.56302766 2154.439354 669.32084597 
2149.2085442 671.7904366 2156.6610693 672.48945889 2154.9434229 669.24681194 
2149.7899994 671.7037317 2157.2422559 672.40561188 2155.525853 669.16230648 
2150.4803488 671.602569 2157.9322331 672.3083895 2156.2175454 669.064177 
2151.0659129 671.51807624 2158.5176156 672.22581132 2156.8037615 668.98115837 
2151.7007879 671.42580421 2159.1523198 672.13533654 2157.4392483 668.89027032 
2152.305871 671.33908584 2159.7572539 672.05018052 2158.0448629 668.80475519 
2152.8729442 671.25681891 2160.3241967 671.96927832 2158.6124001 668.72353942 
2153.5139834 671.16454373 2160.9650525 671.8789189 2159.2540905 668.63273999 
2154.1108485 671.07893792 2161.5617718 671.79483189 2159.8514715 668.54830429 
2154.6132016 671.00667431 2162.0640971 671.72285689 2160.3539226 668.47626304 
2155.2090446 670.89671264 2162.6604631 671.60743344 2160.9479093 668.36209404 
2155.8110465 670.81110425 2163.2625377 671.5210631 2161.549652 668.27589883 
2156.4582501 670.71882628 2163.9098461 671.42768465 2162.1964812 668.18277339 
2157.0160783 670.63878023 2164.4677495 671.34684706 2162.7540399 668.10211781 
2157.5882887 670.55761863 2165.0400199 671.26505398 2163.3260353 668.02046997 
2158.2622028 670.4620039 2165.7140383 671.16833936 2163.9995748 667.92400837 
2158.6114876 670.41197502 2166.0632996 671.11855886 2164.3489443 667.87417073 
2159.385051 670.30190862 2166.8370874 671.00612153 2165.1216999 667.76227901 
2159.923361 670.22408922 2167.3754736 670.92749576 2165.6597351 667.68383888 
2160.205871 670.18406449 2167.6579495 670.88783186 2165.9423681 667.64409191 
2161.3256385 670.02286496 2168.7781009 670.72255566 2167.0607453 667.47975468 
2161.6851969 669.97172335 2169.1378951 670.66889723 2167.4194445 667.4266764 
2162.3817131 669.87166799 2169.8348259 670.56439597 2168.1144415 667.32320083 
2162.9611162 669.78828932 2170.4146964 670.47596968 2168.6921174 667.23594038 
2163.5364101 669.70602036 2170.9906053 670.38700215 2169.2651152 667.14852218 
2163.9863796 669.60500479 2171.4410358 670.28092188 2169.7133458 667.04361499 
2164.7167977 669.50050158 2172.1724417 670.16543343 2170.4399835 666.93067582 
2165.251 669.42157885 2172.7073718 670.07830038 2170.9713525 666.84545246 
2165.8519779 669.33265254 2173.3091485 669.98023907 2171.5691701 666.74952031 
2166.5608238 669.22705563 2174.0189232 669.86385807 2172.2742748 666.63565877 
2167.0046233 669.16036527 2174.4632409 669.79106807 2172.715953 666.56429668 
2167.6703228 669.05922278 2175.1297985 669.67969512 2173.3780866 666.45532325 
2168.1593245 668.98475603 2175.6193958 669.59802482 2173.8645711 666.375346 
2168.7613312 668.89140144 2176.2221166 669.49592111 2174.4635137 666.27530245 
2169.4722335 668.78137579 2176.9338782 669.37519494 2175.1706583 666.1571017 
2169.9602087 668.70469581 2177.4224139 669.29142881 2175.6561388 666.07501144 
2170.532424 668.6146807 2177.9952986 669.19283644 2176.2253278 665.97845131 
