152.67326932 34.471728391 149.40707188 32.339028339 156.20465212 36.790839857 
153.0130717 34.55648687 149.74637839 32.424546438 156.54499372 36.874777042 
153.76761804 34.742502735 150.49913442 32.613308049 157.30148686 37.057824225 
154.59607926 34.947233364 151.32558592 32.821126928 158.13213348 37.259215846 
155.41119515 35.145340709 152.13833006 33.022887098 158.94982849 37.453373751 
156.04357781 35.292783872 152.76922125 33.172631925 159.58383305 37.598328346 
156.56200878 35.40939188 153.28677606 33.290593674 160.10321678 37.713472677 
157.03834956 35.513882246 153.76259284 33.395894259 160.58012739 37.817087029 
157.54138178 35.626084122 154.26519089 33.508767779 161.08363174 37.928562717 
158.14296695 35.765822266 154.86616985 33.649444225 161.68587613 38.067286359 
158.92317944 35.954016799 155.64534201 33.839250394 162.46721995 38.253738372 
159.58225376 36.11360075 156.30359296 34.000111082 163.12718965 38.411941896 
160.2033442 36.263275418 156.92401085 34.15082944 163.74901145 38.560488112 
160.79363687 36.405244687 157.51393742 34.293367148 164.33970225 38.701842775 
161.29461573 36.526307271 158.01444412 34.415163159 164.84119456 38.822112366 
162.04505759 36.706795665 158.76434733 34.596488724 165.5922222 39.001695596 
162.68565378 36.860871322 159.40445716 34.751320656 166.23334728 39.154953554 
163.05214876 36.948913988 159.77094075 34.83938106 166.59985466 39.242977041 
163.85392083 37.141507398 160.57264706 35.032076749 167.40169823 39.435459865 
164.27482555 37.242757461 160.99353481 35.133353209 167.82262141 39.536681387 
164.93595408 37.401232608 161.65466929 35.2918191 168.48374347 39.695166541 
165.45746545 37.52669492 162.17651189 35.416766252 169.00489463 39.821185855 
166.19764478 37.667342452 162.91777832 35.555724298 169.74389178 39.96366009 
166.936796 37.831241449 163.65761825 35.718553945 170.48229405 40.128715284 
167.60100475 37.990819939 164.32242058 35.877211395 171.1458573 40.289289617 
168.30730414 38.160302234 165.0296137 36.045308005 171.8511848 40.460270133 
168.90786405 38.304472744 165.63098229 36.188225791 172.4508653 40.605795105 
169.53716874 38.456351978 166.26124363 36.338624438 173.07912967 40.759275164 
170.1746863 38.610433814 166.89969905 36.491256209 173.71562737 40.914924822 
170.61304387 38.716088286 167.33881233 36.595743261 174.15316315 41.021841516 
171.1725401 38.851461271 167.89944857 36.729356877 174.71141968 41.15911674 
171.90142524 39.027554822 168.62985496 36.903105914 175.43865055 41.337745185 
172.53791649 39.182745815 169.26771012 37.056198025 176.07365867 41.495205488 
172.86950798 39.263090021 169.60003511 37.135414674 176.40445252 41.576768808 
173.70926595 39.468917327 170.4415153 37.338597897 177.24233773 41.785454884 
174.42480562 39.643923588 171.15871326 37.511062616 177.95607415 41.96320904 
175.12905277 39.816731989 171.86471484 37.681186842 178.65841354 42.138919541 
175.55304015 39.895836706 172.28958712 37.758939524 179.08143867 42.21948606 
176.4215451 40.08612371 173.15911315 37.947667965 179.94883332 42.41145816 
177.01594631 40.233626241 173.75362692 38.094998786 180.54311213 42.55914634 
177.61753386 40.382225719 174.35480382 38.244224813 181.14514622 42.707068403 
178.34026025 40.561651221 175.07654607 38.425152936 181.86894276 42.884869295 
178.95827358 40.714655955 175.69392651 38.579124777 182.48764429 43.036828405 
179.62351076 40.877557284 176.35877658 38.742617957 183.15330241 43.199089831 
180.18916768 41.017351808 176.92397179 38.883118693 183.7194614 43.338120806 
180.78459616 41.163746549 177.51871413 39.030563533 184.31563598 43.483380193 
181.24553999 41.277120265 177.97929162 39.144498216 184.77697817 43.596147396 
181.83378246 41.421311275 178.56675149 39.289888301 185.36607164 43.739041977 
182.55137677 41.597423849 179.28326378 39.467660314 186.08484256 43.913360375 
183.59337744 41.851678152 180.32416498 39.723602702 187.12803881 44.165789529 
183.90443779 41.927624588 180.634829 39.800158123 187.43953014 44.241077531 
184.47522843 42.06741264 181.20482672 39.941165268 188.01118302 44.379547504 
184.89203058 42.145421969 181.62115695 40.019900642 188.42849834 44.456771832 
185.72871271 42.331328986 182.45660835 40.207702777 189.26651881 44.640629846 
186.25125333 42.459008054 182.97850927 40.336367818 189.78975505 44.767242879 
187.07972167 42.660427103 183.80620201 40.538983205 190.61906683 44.967368441 
187.71416233 42.813410299 184.43984952 40.693190769 191.25436998 45.119027844 
188.31575169 42.959797865 185.04071196 40.840701352 191.85674982 45.264201195 
188.95429895 43.113882605 185.67853491 40.995905936 192.49608473 45.417075152 
189.43166961 43.228341329 186.15547411 41.111032131 192.97392459 45.5308122 
190.18006366 43.40884037 186.90289577 41.29303655 193.72337607 45.709683609 
190.47059258 43.47817413 187.19319117 41.36273205 194.01415894 45.77862625 
190.87918096 43.576124506 187.60125717 41.461491965 194.42331539 45.875701344 
191.94582264 43.832561019 188.66534458 41.721893137 195.49273474 46.127851205 
192.44167255 43.951422376 189.15989688 41.842772654 195.98999577 46.244530489 
193.13360407 44.116503098 189.85005317 42.010618794 196.68385781 46.406621179 
193.90458437 44.29918514 190.61938388 42.195875138 197.45663202 46.586519821 
194.46614008 44.394703181 191.18019322 42.292559408 198.01899941 46.680776903 
195.07389063 44.535547771 191.78716487 42.434622028 198.62759701 46.820304523 
195.8448714 44.71712323 192.55744564 42.617292991 199.39933904 47.000695489 
196.33250915 44.831568495 193.04465981 42.732401531 199.88743742 47.1144236 
197.01417545 44.992236333 193.7257871 42.893913839 200.5696899 47.274178369 
197.60242078 45.129787942 194.31383073 43.031781583 201.15815459 47.411388164 
198.193746 45.268442415 194.90501691 43.170654007 201.74963101 47.549806979 
198.69678309 45.387294649 195.40817568 43.289315494 202.25253576 47.668865456 
199.4082215 45.553456252 196.12004483 43.454802065 202.96350575 47.835756926 
200.01186624 45.695414935 196.72397933 43.596306832 203.56683539 47.978206397 
200.50771736 45.812063493 197.22011334 43.71251234 204.06237884 48.095333996 
201.17295871 45.968327275 197.88608758 43.86762897 204.72682318 48.252838115 
201.64314483 46.078369855 198.35691699 43.976665364 205.19630973 48.363968613 
202.24473668 46.220331961 198.95909923 44.117704599 205.79725951 48.506928551 
202.9469362 46.385400531 199.66227009 44.281256108 206.49840272 48.673637411 
203.37914055 46.4523194 200.09495559 44.347424068 206.93008382 48.741368181 
204.11419189 46.622877099 200.83122043 44.516089593 207.6638155 48.913971744 
204.74452916 46.771441578 201.46347834 44.661664171 208.29206412 49.065768966 
205.36973357 46.917799253 202.0907917 44.804745658 208.91497509 49.21566891 
205.88714403 47.041060865 202.60899727 44.926773978 209.43152091 49.340263977 
206.34501113 47.152228942 203.06699175 45.03774457 209.88924949 49.451645577 
207.06774327 47.326126384 203.79172474 45.208543375 210.60980581 49.628893301 
207.54511617 47.440588279 204.27120382 45.319750444 211.08488835 49.746874338 
208.31404594 47.625491586 205.0434708 45.499510996 211.85018912 49.937338003 
208.83043009 47.749862352 205.56209616 45.620437889 212.36413613 50.065432275 
209.38377215 47.884144801 206.11805393 45.750711022 212.91463385 50.204049566 
209.87449109 48.004123768 206.61028016 45.868384501 213.40371375 50.326521201 
210.4175671 48.137313905 207.15521868 45.998730743 213.9447645 50.462786116 
211.25220007 48.34316006 207.99272135 46.200205625 214.77627698 50.673358406 
211.78090373 48.473049521 208.52329597 46.327252032 215.30294623 50.806321711 
212.32295567 48.575241787 209.06547586 46.429250068 215.84485904 50.908723972 
213.05184822 48.755774853 209.79674874 46.606174289 216.5711633 51.093158821 
213.57131256 48.884570668 210.31767944 46.732751274 217.08903319 51.224353565 
213.91522661 48.971545139 210.66232242 46.818623971 217.43215463 51.312519238 
214.73035455 49.17520583 211.47829948 47.021002246 218.24635928 51.517566432 
215.14202497 49.278691128 211.89047547 47.123724526 218.65747998 51.621876677 
215.95304657 49.483465156 212.70188694 47.327910398 219.46807765 51.827286595 
216.56285278 49.637597212 213.31161462 47.482160917 220.07796926 51.981290574 
217.07821091 49.768613798 213.82667485 47.613626914 220.5936513 52.111821274 
217.66440523 49.917243983 214.41208776 47.763436585 221.18069528 52.259176241 
218.16333784 50.042748442 214.91034558 47.889960352 221.68036163 52.38357866 
218.72797351 50.185873813 215.47406834 48.034465816 222.24598995 52.525211921 
219.32854073 50.336698213 216.07373547 48.186652182 222.84753589 52.674563806 
219.96093293 50.496334628 216.70539435 48.347399119 223.48072546 52.832999559 
220.63028334 50.663668662 217.37435024 48.515330958 224.15050486 52.999687263 
221.17541651 50.764751189 217.91885034 48.617373251 224.69632641 53.099732118 
221.82218176 50.925474773 218.56460179 48.779635079 225.34419402 53.258792593 
222.49563893 51.093910573 219.23718285 48.949401504 226.01860387 53.425789753 
223.14137777 51.254635926 219.88286199 49.110217562 226.66440761 53.58641704 
223.54278302 51.354815662 220.28416805 49.21054803 227.06592072 53.686433809 
224.16696318 51.510036173 220.90753616 49.367003115 227.69098389 53.840319526 
224.75315882 51.655346491 221.49322178 49.513089339 228.27773411 53.98479095 
225.43072312 51.822670063 222.16984968 49.681838548 228.95631664 54.150573152 
225.90809796 51.941563712 222.6466559 49.801598548 229.43430978 54.268530118 
226.41832459 52.067053681 223.15639344 49.927834106 229.94506824 54.393213971 
227.11642149 52.238777106 223.85412954 50.100107788 230.64355747 54.564342467 
227.76729426 52.399496288 224.50405616 50.262270906 231.29545907 54.723500488 
228.0085484 52.458939671 224.74498492 50.322211183 231.53706703 54.782406636 
228.90786194 52.679092351 225.6433426 50.54382453 232.43741997 55.000980063 
229.46839298 52.81779724 226.20343803 50.68319554 232.99842468 55.13896475 
230.02276637 52.928832654 226.75726798 50.795062406 233.55338902 55.249101206 
230.75884886 53.10714603 227.49284872 50.974143839 234.2900171 55.426584166 
231.40561579 53.266764765 228.13905248 51.134625143 234.93739644 55.5852703 
231.89017772 53.386756427 228.62315308 51.255323767 235.42246003 55.704497601 
232.52051912 53.540863011 229.25326008 51.409789671 236.05305631 55.85821569 
233.07591768 53.677361644 229.8082974 51.546842244 236.60884769 55.994115407 
233.58511863 53.802854413 230.31698251 51.673126368 237.11860956 56.118752568 
234.17028915 53.947061087 230.90174944 51.817952508 237.70421897 56.262289478 
234.62405307 54.058239735 231.35523336 51.929561045 238.15828735 56.373003333 
235.45253163 54.261887773 232.18327638 52.133878052 238.98723952 56.575928083 
236.01819679 54.400586759 232.74887632 52.272677243 239.55297561 56.714518729 
236.6146605 54.54699226 233.34548415 52.418861333 240.1492826 56.861163618 
237.25321558 54.7033026 233.98415701 52.574990761 240.78770961 57.01766956 
237.83428021 54.846408734 234.56544578 52.717752661 241.3685305 57.161147878 
238.43690393 54.993913064 235.16850957 52.864581358 241.97067569 57.309382699 
239.02618482 55.09715108 235.75827011 52.967083315 242.55943499 57.413416538 
239.65139413 55.252373706 236.38389324 53.121671207 243.18419431 57.569325435 
240.34538697 55.422999204 237.07859575 53.291208796 243.87741545 57.741127171 
240.91105278 55.562806345 237.64489348 53.430047875 244.44239409 57.881980974 
241.32991253 55.665178338 238.06410339 53.531883732 244.86087309 57.984932632 
241.94382946 55.817096038 238.67856379 53.682969681 245.47419905 58.137749612 
242.6265298 55.986630928 239.36174049 53.851775917 246.15638141 58.308072314 
243.26303253 56.144052716 239.99870586 54.008490355 246.79238106 58.46625888 
243.57409761 56.221113106 240.31015242 54.084967736 247.1030313 58.543949612 
244.07919339 56.346613643 240.81594552 54.209403191 247.60736884 58.6706017 
244.88200839 56.545872241 241.61926139 54.407897217 248.40963919 58.870686941 
245.60064081 56.725321397 242.33793023 54.587290794 249.12823201 59.05019619 
246.2083986 56.877248749 242.94583117 54.738999698 249.73583413 59.202359723 
246.9280579 57.05669681 243.66590251 54.917819197 250.45504538 59.382487375 
247.3756635 57.16788628 244.11397206 55.028301226 250.90214648 59.494441719 
248.04604868 57.290940337 244.78397403 55.151939586 251.57294837 59.616864037 
248.71951112 57.450525593 245.45736201 55.311638412 252.24649178 59.776326504 
249.40426586 57.621166433 246.14240359 55.481841825 252.9309346 59.947440282 
249.92989476 57.752174801 246.66846878 55.612185131 253.4560891 60.079167703 
250.61772963 57.922811611 247.35668694 55.782237909 254.14350719 60.250435957 
251.04275003 58.028497831 247.78217106 55.887217846 254.56802334 60.356885797 
251.80552832 58.21785067 248.54588558 56.075145744 255.3297836 60.547779252 
252.42252668 58.371980676 249.16319196 56.228807247 255.94644703 60.702415796 
252.99640704 58.516207314 249.73751368 56.372362806 256.51984746 60.847367987 
253.32800527 58.598775592 250.0695574 56.454254046 256.85096128 60.930668264 
254.12260909 58.798048491 250.86559574 56.651348885 257.64400525 61.132296026 
254.74679413 58.954383183 251.49031536 56.806872715 258.267609 61.2895074 
255.12869687 59.050166508 251.8725365 56.902173292 258.64916552 61.385812659 
255.69539124 59.193296695 252.43957621 57.044780054 259.21548437 61.529508757 
256.42429174 59.377162821 253.1690567 57.227767542 259.94375422 61.714324841 
257.05977283 59.499161062 253.80505589 57.348981342 260.57867196 61.837171197 
257.73631653 59.662065633 254.4831212 57.509584424 261.25356113 62.002564062 
258.32970344 59.811801648 255.07767202 57.657562363 261.84568245 62.154200848 
258.84198732 59.941723375 255.59063816 57.786454518 262.35722449 62.28523571 
259.5606221 60.124497641 256.31032366 57.967644549 263.07471678 62.46972279 
260.05545357 60.250015587 256.80585932 58.092101682 263.56878257 62.596387644 
260.60264273 60.389852806 257.35335617 58.231475625 264.11563717 62.736725739 
261.2863727 60.563819498 258.03764129 58.404606805 264.7987635 62.911595751 
261.84280164 60.705858259 258.59459056 58.545862885 265.35462667 63.054480714 
262.40025731 60.847895694 259.15249076 58.687231989 265.91159899 63.197240719 
262.85402422 60.963507611 259.60664723 58.802258463 266.36494233 63.31348559 
263.46999746 61.120962981 260.22372362 58.95805721 266.97971609 63.472732024 
264.0972637 61.28061691 260.85182467 59.116458707 267.60607462 63.633740024 
264.77586107 61.454591689 261.53094067 59.289655945 268.28410809 63.808555441 
265.43700615 61.621948326 262.19253157 59.456344498 268.9447684 63.976634376 
265.59510465 61.680404576 262.35063523 59.514793016 269.10286129 64.035098988 
266.5950407 61.866107562 263.35094631 59.699934256 270.10238958 64.221409304 
267.22128081 62.025763657 263.97807163 59.858265225 270.72766719 64.382498057 
267.89577225 62.198637848 264.65309938 60.030337152 271.40157549 64.556239614 
268.41113716 62.330771339 265.16855221 60.162339178 271.91684482 64.688515236 
268.97064699 62.473914385 265.72870689 60.304518251 272.4756535 64.832700478 
269.48703869 62.606046644 266.24581388 60.43558197 272.99126747 64.965987982 
270.1861694 62.786636809 266.94563709 60.615138346 273.68964521 65.14769582 
270.75697231 62.933085804 267.51667659 60.761234332 274.2601909 65.294526468 
270.83602231 62.95401059 267.59580488 60.782042313 274.33915577 65.315577539 
271.91089779 63.230395434 268.67106705 61.057850391 275.41361081 65.592585946 
272.56075092 63.398876765 269.3209383 61.226304691 276.06344422 65.761096502 
272.95702803 63.500178155 269.71754767 61.327110679 276.45936006 65.86293349 
273.67874513 63.686273269 270.43971074 61.512541132 277.18059228 66.049747197 
274.19513738 63.819513562 270.95610142 61.645783759 277.69698623 66.182984966 
274.84294027 63.953677212 271.60397176 61.779846911 278.34471579 66.317257268 
275.41579786 64.091267262 272.17715372 61.916953729 278.91722069 66.45536976 
276.36850606 64.33793223 273.12853425 62.165597573 279.87137246 66.699895284 
276.91569747 64.478879893 273.67438483 62.30854638 280.42002174 66.838679427 
277.42387725 64.608810895 274.18187896 62.439501712 280.92894702 66.96750298 
277.98852145 64.754162903 274.74552634 62.586344201 281.49467507 67.111243562 
278.77081063 64.953460291 275.52653575 62.787557308 282.27835575 67.308469774 
279.27385759 65.081184551 276.02941684 62.915530054 282.78158307 67.435925384 
279.64344309 65.175881436 276.39880658 63.010520238 283.15138142 67.530305169 
279.80565005 65.217725796 276.56043838 63.05322668 283.31421376 67.571217488 
280.03150776 65.277195344 276.78518673 63.114360404 283.54127769 67.628887809 
280.52942174 65.403819879 277.28171289 63.243069436 284.04070067 67.753258681 
281.50677067 65.651559374 278.25765063 63.492931524 285.01958403 67.99870332 
282.96150188 66.017095824 279.71124978 63.860172901 286.47554618 68.362396471 
283.56618574 66.167928763 280.31500559 64.012404978 287.08123916 68.511716716 
283.84132288 66.226222707 280.59054036 64.07009928 287.35594392 68.570658972 
284.81969983 66.46731918 281.56703622 64.314034546 288.33636625 68.808686245 
285.33814714 66.59723735 282.08495315 64.444754124 288.85539029 68.93773796 
286.03317458 66.772301701 282.7790404 64.621240111 289.55144003 69.111265284 
286.58344758 66.909925639 283.32822657 64.760509106 290.1028948 69.247110637 
287.24254321 67.076183364 283.98628716 64.928335201 290.7631159 69.411672687 
287.78563001 67.211603305 284.52830218 65.065380889 291.30736811 69.545334914 
288.43856613 67.375655648 285.18012022 65.231131108 291.96151999 69.707551557 
289.10998188 67.541896655 285.85080672 65.398480574 292.63372872 69.872594123 
289.73827924 67.698233732 286.47816278 65.556249629 293.26304962 70.027382977 
290.28341969 67.833651318 287.02239478 65.693050526 293.80917791 70.161304954 
290.8727054 67.978971699 287.61103916 65.839348245 294.399161 70.305568655 
291.51640255 68.138609134 288.25384782 66.000340705 295.04382427 70.463741061 
292.07796941 68.277325599 288.81420001 66.140911659 295.60671195 70.600452479 
292.57383201 68.399526698 289.30885858 66.264953268 296.10388381 70.720663641 
293.33148805 68.554577342 290.06455056 66.423011102 296.86367559 70.872462942 
294.01625087 68.724122392 290.74709955 66.595953025 297.55084576 71.03833531 
294.56241877 68.857325152 291.29223951 66.730735674 298.09813146 71.1698299 
295.27387432 69.032369032 292.00209725 66.908238608 298.8113245 71.34221505 
295.90011974 69.18428188 292.62680388 67.062523524 299.43924326 71.491563211 
296.45039443 69.318586444 293.17612384 67.19830172 299.99055617 71.624274476 
297.12899834 69.482605196 293.85377028 67.363799782 300.67020127 71.786693787 
297.62588843 69.602591534 294.34979655 67.485121998 301.16803072 71.905235762 
298.31783868 69.771020555 295.04083288 67.65496569 301.86097482 72.072135227 
298.71309226 69.86679151 295.43600895 67.750856682 302.25631269 72.167776395 
299.59189009 70.078139248 296.31489819 67.962062842 303.1350111 72.379277211 
300.14216549 70.210230304 296.86541966 68.093772884 303.68501892 72.511780223 
300.80947714 70.370944286 297.5330029 68.25406645 304.35203523 72.672948764 
301.40287119 70.515154143 298.12638994 68.398287165 304.94543691 72.81714688 
301.32279382 70.495337015 298.04631338 68.378468772 304.86535865 72.79733112 
302.53833059 70.757145985 299.26177063 68.640400827 306.08098189 73.05900701 
303.23028262 70.914504951 299.95369986 68.797795091 306.77295873 73.216327812 
303.9222339 71.082935419 300.64564648 68.966232772 307.46491507 73.38475048 
304.54437432 71.232641725 301.26786394 69.115819821 308.08697171 73.534585727 
305.22092647 71.395558243 301.94440734 69.278749879 308.76353337 73.697487606 
305.93238428 71.567283556 302.65586581 69.450474193 309.47499048 73.869213999 
306.60791002 71.730201849 303.33138266 69.613406237 310.15052589 74.032117425 
307.12533402 71.855697126 303.84895752 69.738668021 310.66778583 74.157865156 
307.7320754 72.002104135 304.45569998 69.885073369 311.27452605 74.304273962 
308.31931079 72.144109803 305.04303139 70.026930424 311.861657 74.446440312 
308.8911467 72.282815554 305.61500064 70.165429853 312.43334791 74.585369139 
309.59747202 72.453441825 306.32161353 70.335611236 313.13936051 74.756476428 
309.8787702 72.521694094 306.60294982 70.403804564 313.42061725 74.824792424 
310.75962385 72.734149785 307.48429717 70.61549684 314.30093404 75.038073525 
311.56348 72.927891197 308.28878148 70.808267451 315.10410709 75.232864575 
312.16714639 73.021161127 308.89246684 70.901508077 315.70775286 75.32616619 
312.83856654 73.185193815 309.56472773 71.064242455 316.37825874 75.491602618 
313.2748871 73.290874233 310.00137046 71.169425667 316.81422897 75.597820619 
314.06745066 73.483524905 310.79490053 71.360585697 317.6057415 75.792082977 
314.78096337 73.65635686 311.50885812 71.532732029 318.31877044 75.96565623 
315.20496446 73.759840382 311.93284955 71.636230426 318.74278203 76.069123669 
315.95543617 73.943692817 312.68324426 71.820201509 319.49333747 76.252847821 
316.51598018 74.080201562 313.24405183 71.956304174 320.05359487 76.389795621 
316.87530326 74.168274989 313.60391176 72.043550799 320.41233417 76.478762988 
317.65965448 74.358723825 314.38891703 72.232992948 321.19597416 76.670300254 
318.46556525 74.554678737 315.19505525 72.428597929 322.00163758 76.866633511 
319.00249694 74.685684997 315.73188207 72.559765526 322.53868332 76.997465333 
319.60410685 74.833208931 316.33352282 72.707242016 323.1402597 77.145040564 
320.25088895 74.991741884 316.98060367 72.865315445 323.78671693 77.304070353 
320.78884756 75.122747083 317.51904998 72.995570781 324.32414519 77.435886304 
321.34939632 75.209435888 318.08021123 73.081318385 324.88402792 77.523592732 
322.13066867 75.397676028 318.86199053 73.268779976 325.66474902 77.712674636 
322.68094719 75.531985985 319.41248966 73.402751238 326.21478763 77.847350788 
323.07517666 75.627761957 319.80699256 73.498107556 326.60871978 77.943580489 
323.72709257 75.787395794 320.45910599 73.657438308 327.26042091 78.10354202 
324.40980786 75.95363006 321.14218128 73.823120316 327.94274471 78.270373383 
325.09046995 76.119867334 321.82335443 73.988573967 328.62285107 78.437457905 
325.67154808 76.261885318 322.40472384 74.130145523 329.20361248 78.579958565 
326.20026761 76.39179723 322.93380449 74.259504112 329.7319393 78.710468724 
326.93636862 76.571244056 323.67044428 74.438125817 330.46745445 78.890807664 
327.568779 76.726477217 324.3033504 74.592600176 331.09932577 79.046861232 
328.11700499 76.860791129 324.85185974 74.726480547 331.64724364 79.181643885 
328.73401584 77.013831541 325.46899692 74.87932769 332.2641171 79.334893257 
329.37771953 77.172370953 326.11291013 75.037546654 332.90759297 79.493779133 
329.95777166 77.314391287 326.69348096 75.17877394 333.48708106 79.636656901 
330.61893061 77.450764291 327.35450554 75.315352348 334.14838613 79.772807825 
331.20309049 77.581707912 327.93873087 75.446195917 334.73247484 79.903859622 
331.7513171 77.714915439 328.48714133 75.579122439 335.28050154 80.037370967 
332.30981015 77.85143033 329.04562312 75.715654527 335.83900682 80.173867266 
333.0387259 78.028674478 329.7745554 75.892873419 336.5679046 80.351138719 
333.68345708 78.186106383 330.41980619 76.049511419 337.21207077 80.509428983 
334.11362009 78.291798691 330.85014867 76.154929607 337.64203862 80.615417666 
334.63412777 78.418402187 331.37144868 76.280323531 338.16168473 80.743328933 
335.15155554 78.545010025 331.88923764 76.406380289 338.67871973 80.87053259 
335.88765822 78.725566456 332.62533124 76.586950568 339.41483228 81.051074049 
336.5323898 78.884106182 333.26986281 76.745795426 340.05978135 81.209283872 
336.64942708 78.912730565 333.38674864 76.774650919 340.17698333 81.237658382 
337.82801328 79.201177631 334.56584143 77.062325122 341.35501866 81.526941054 
338.29410927 79.31567824 335.03225669 77.176338866 341.82076749 81.641968054 
338.87005622 79.456599031 335.60921307 77.315721366 342.39561679 81.784552017 
339.37413975 79.561083398 336.11416962 77.41887659 342.89875101 81.890473426 
340.22317536 79.753664196 336.96546341 77.608024873 343.74533113 82.086765381 
340.79604261 79.894589637 337.54021097 77.74609817 344.3161538 82.230774483 
341.43564171 80.053137607 338.18208554 77.901201859 344.95327866 82.393046303 
342.03930837 80.202878046 338.78777224 78.047891267 345.55474884 82.546085409 
342.58548296 80.339412021 339.33554274 78.182019199 346.09918814 82.685220704 
343.20249609 80.493562916 339.95449807 78.333247186 346.71408946 82.842531726 
343.7127382 80.622396555 340.46651678 78.459412107 347.22239982 82.974250661 
344.44781553 80.807385291 341.20361663 78.641368499 347.95527803 83.162517819 
344.98269732 80.941721001 341.74023456 78.773106136 348.48827213 83.299662428 
345.60484391 81.099186803 342.36434933 78.92763204 349.1082787 83.460306684 
346.21364411 81.254456805 342.97493077 79.080246349 349.71514218 83.618447861 
346.83579081 81.413030026 343.5987134 79.236384653 350.33551015 83.779653562 
347.38812573 81.553985064 344.15264715 79.374963824 350.88610671 83.92317723 
348.03799189 81.721377593 344.80411807 79.539975443 351.53422806 84.093143834 
348.59546225 81.83907606 345.36167496 79.657545632 352.09160433 84.210980988 
349.31411495 82.010803086 346.08203501 79.826743912 352.80840071 84.385441909 
349.95268829 82.175997305 346.72214435 79.989666805 353.44530402 84.553091715 
350.58202191 82.33899008 347.35285424 80.150627367 354.07314129 84.71828156 
351.20622239 82.500882907 347.97832833 80.310642017 354.69595704 84.882204922 
351.70003899 82.628633461 348.47309614 80.436991363 355.18873944 85.011470345 
352.30986648 82.78833198 349.08384273 80.595337224 355.79756765 85.172631243 
353.06958443 82.986574926 349.84481337 80.791738525 356.55592364 85.372865216 
353.2297412 83.028426555 350.00525232 80.833175613 356.71577362 85.415165009 
354.30053313 83.308171532 351.07761149 81.110620329 357.78486161 85.697396823 
354.81488287 83.443644471 351.59256269 81.245211419 358.29855742 85.833823135 
355.33231268 83.579113293 352.11071865 81.379616279 358.81519775 85.970442215 
356.23781495 83.817014323 353.01722292 81.616050408 359.71961064 86.209929119 
356.60330121 83.912834605 353.38307206 81.711339784 360.08470236 86.306323365 
357.42051204 84.12871423 354.20141368 81.925566272 360.9006838 86.523990201 
358.04163512 84.272898762 354.82197349 82.070574036 361.52241927 86.667284734 
358.81470048 84.476660755 355.5953141 82.273933676 362.29518536 86.871481713 
359.44916847 84.645184271 356.23081801 82.440943917 362.9285271 87.041641231 
359.76742922 84.728891115 356.54947766 82.524068449 363.24635416 87.125977612 
360.69859849 84.976722762 357.4817538 82.770285491 364.17632006 87.375554807 
361.26428143 85.126519496 358.04798612 82.919281471 364.74140571 87.526217234 
361.9531621 85.310469092 358.73755923 83.102222408 365.42953356 87.711257285 
362.55683114 85.471285514 359.3417057 83.262343768 366.03268354 87.872825134 
363.15331366 85.63100476 359.93858394 83.421487152 366.62873584 88.033166941 
364.0218581 85.863423275 360.80788112 83.652810877 367.49646192 88.266769026 
364.42225102 85.970268282 361.20867748 83.759069449 367.89641623 88.374248023 
365.01565392 86.12888502 361.80248354 83.917100374 368.48938081 88.533498078 
365.42015345 86.237938836 362.20709275 84.025994867 368.8937611 88.642724136 
365.87393226 86.359103896 362.66131706 84.146512921 369.34705556 88.764588668 
367.02685907 86.668634463 363.81334664 84.457346804 370.50095782 89.072710233 
367.72806132 86.847033084 364.51254674 84.638657845 371.20433679 89.247960259 
368.43028936 87.037608946 365.21024646 84.835841712 371.91148802 89.431392212 
369.80805334 87.406619168 366.57650642 85.221771406 373.30175956 89.782110555 
369.78444051 87.398901443 366.55232098 85.214900851 373.2787693 89.773476932 
370.54621524 87.598253726 367.30728983 85.424359198 374.04794389 89.96190322 
371.08828701 87.738120558 367.84479759 85.571041505 374.59497809 90.094401548 
371.76382364 87.911019573 368.51547696 85.751228143 375.27579612 90.259421532 
372.63031775 88.131265254 369.37684892 85.97919746 376.14785974 90.471316713 
373.47319939 88.341579195 370.21577127 86.195509 376.99504654 90.675146226 
373.93108643 88.456097249 370.67159399 86.313163676 377.45517826 90.78627304 
374.66822321 88.638877295 371.4054044 86.501011858 378.19593209 90.963573513 
375.2770285 88.789725435 372.01141701 86.65612829 378.80777414 91.109806832 
376.11888435 88.99672022 372.84947021 86.868954628 379.65376503 91.31049658 
376.83446204 89.171780292 373.5620343 87.048652435 380.37261979 91.480542333 
377.45866781 89.322607977 374.18362161 87.203521479 380.99967299 91.627000479 
377.83647699 89.409557366 374.56260097 87.288663444 381.37620966 91.715904067 
378.81077244 89.641836862 375.53294457 87.527055621 382.35480254 91.941574475 
379.7049889 89.856511495 376.4236017 87.747257306 383.25288967 92.15027317 
380.33535531 90.00622435 377.05157515 87.900697567 383.88585838 92.295955872 
381.17926622 90.20657516 377.89245827 88.105778002 384.73306198 92.491192881 
381.91537852 90.380501565 378.62608752 88.283594322 385.4718746 92.660913384 
382.71001051 90.566527117 379.41821773 88.473549453 386.26922734 92.842690129 
383.31676452 90.708522841 380.02317181 88.61837876 386.87793881 92.981622067 
384.13603669 90.898943879 380.83967249 88.813173451 387.70022509 93.167314111 
384.82800367 91.058538334 381.52981982 88.975646472 388.39417103 93.323796115 
385.27665295 91.161999577 381.9779389 89.079947491 388.84339692 93.42634935 
385.97272684 91.321588757 382.67323165 89.240774804 389.54032036 93.584599792 
386.66264099 91.478972215 383.36310258 89.39822681 390.23028153 93.741909134 
387.71701902 91.718896238 384.41778932 89.637661364 391.2843238 93.982362396 
388.50035936 91.898296062 385.20131219 89.816771875 392.06746564 94.162075041 
389.08247479 92.031469478 385.78972027 89.940005179 392.64273752 94.305996178 
389.66664357 92.16574737 386.37733546 90.068866972 393.22315826 94.446130162 
390.63683607 92.390286869 387.34771734 90.293109446 394.19314483 94.670990817 
391.44994999 92.578504262 388.16131777 90.48056401 395.00572966 94.860033006 
391.77540098 92.653348159 388.48713945 90.554826943 395.33077752 94.935505059 
392.63368821 92.851468885 389.34645407 90.751338678 396.18794746 95.13536548 
393.45912254 93.04188447 390.17313882 90.939798309 397.01202195 95.3278959 
394.19729084 93.213597252 390.91243529 91.109748583 397.74896337 95.501514355 
395.00629882 93.401821304 391.72309577 91.295394718 398.55617427 95.692525713 
395.56069518 93.531712285 392.27884747 91.423174678 399.10909673 95.824699177 
394.86256648 93.367694829 391.5793419 91.261301807 398.41246536 95.658362949 
396.79371408 93.820111909 393.51427242 91.707834073 400.33949911 96.117142806 
397.67150867 94.027064935 394.39409246 91.911645782 401.21509111 96.327492267 
398.38914437 94.196592408 395.1133716 92.078629231 401.93093964 96.499770367 
398.8737283 94.309971544 395.59923425 92.19003195 402.41413305 96.615286421 
399.98765882 94.53321295 396.71540513 92.409816844 403.5256273 96.842265022 
400.52973669 94.652050314 397.25900631 92.526308572 404.06604869 96.963638491 
401.38597212 94.855712327 398.11771553 92.72616917 404.91959407 97.171410582 
402.09539499 95.026359042 398.82919645 92.893660691 405.626779 97.345468671 
402.81713801 95.199203569 399.55305877 93.063263037 406.34621747 97.521818607 
403.61177394 95.391878208 400.34996082 93.25247867 407.13838924 97.718233071 
404.22879755 95.541614799 400.96858527 93.399776545 407.75367213 97.870606356 
405.01419373 95.73319521 401.75542079 93.589167661 408.53750321 98.064553785 
404.99366054 95.727687273 401.73498216 93.583515998 408.51686719 98.05920124 
406.14865511 96.010660969 402.89110511 93.864775786 409.6706348 98.344027971 
406.27801451 96.042593196 403.02042567 93.896766971 409.80003642 98.375896454 
407.7943945 96.415864696 404.53777025 94.26857484 411.31536755 98.750750392 
408.47815168 96.584333496 405.22177916 94.436661916 411.99885102 98.919631902 
409.15882903 96.751699494 405.90246321 94.604017756 412.67952108 99.087008884 
409.92471924 96.943307677 406.66829015 94.795721872 413.44548009 99.278513345 
410.33846794 97.004749233 407.08270597 94.856152197 413.85850338 99.341048216 
411.2758138 97.208305116 408.0206472 95.058806184 414.79520185 99.545579203 
411.77477226 97.33052431 408.51970644 95.180872771 415.29405074 99.667963391 
412.46161024 97.498989994 409.20691443 95.348778273 415.98048638 99.837034727 
413.45542081 97.74343446 410.20105854 95.592717963 416.97393428 100.08202494 
414.26032552 97.940527014 411.00627494 95.789338951 417.77850006 100.27962734 
414.94819055 98.110099098 411.69450504 95.958358914 418.46596814 100.44979636 
415.7099756 98.297285965 412.45649222 96.145240177 419.22753342 100.63731363 
416.0405616 98.378768743 412.78727056 96.226432195 419.55791027 100.71911077 
416.39784091 98.466858427 413.14448206 96.314624368 419.9152633 100.80708965 
417.60827891 98.764155258 414.35558268 96.61091992 421.12498082 101.10546903 
418.49839756 98.984384237 415.24632232 96.830211113 422.01442423 101.32671191 
419.20063672 99.157259496 415.94885061 97.002649941 422.716349 101.50005902 
419.36695655 99.197999719 416.11524834 97.043272619 422.88258415 101.54092633 
420.70880862 99.529442356 417.4573747 97.37430137 424.22413795 101.87281644 
421.19955785 99.617353286 417.94929098 97.460452622 424.71361821 101.96262987 
422.08454693 99.803269287 418.83547237 97.644572978 425.59731084 102.15048725 
422.82785335 99.987161654 419.57898078 97.828161374 426.34039765 102.33470825 
423.62968004 100.18426122 420.38093998 98.025061553 427.14208026 102.53202338 
424.19024018 100.32189988 420.9418158 98.162225308 427.70229713 102.6701755 
423.93152014 100.25803367 420.6826713 98.098997665 427.44403861 102.6056189 
424.99822711 100.52120585 421.75007091 98.361127959 428.50999246 102.86991753 
426.5156414 100.89559391 423.26843574 98.734087344 430.02637321 103.2458502 
427.1172686 101.04424941 423.87037924 98.882267759 430.6276565 103.39501933 
427.80308295 101.21050622 424.55646509 99.048116873 431.31317564 103.56171692 
428.39855091 101.35142035 425.15248078 99.188208866 431.90804804 103.70351991 
428.9529524 101.48021124 425.70773224 99.315724842 432.46152533 103.83368917 
429.51762079 101.61009561 426.2735791 99.443843369 433.02491236 103.96548269 
430.14286277 101.75429161 426.9003546 99.585744633 433.64848693 104.11215964 
430.88103815 101.92933608 427.64044544 99.757927754 434.38457963 104.29029765 
431.78142722 102.14623441 428.54315925 99.971360674 435.28244104 104.51094257 
432.80912316 102.39839073 429.57326071 100.21993957 436.3075215 104.76696656 
433.43025815 102.55145007 430.19556943 100.37125648 436.92738033 104.92190971 
434.37582083 102.78489576 431.14340461 100.60133432 437.87047221 105.15899648 
435.15711639 102.97981208 431.92647201 100.79363 438.64984133 105.35674603 
435.75361155 103.12847643 432.52429355 100.94033557 439.24489438 105.50752807 
436.38912025 103.2870529 433.16114399 101.09693315 439.87894427 105.66824394 
437.23098975 103.49738862 434.0047373 101.30473035 440.71893959 105.88132411 
437.93528549 103.67469468 434.71056126 101.47978948 441.42157379 106.06105935 
438.67654144 103.86191568 435.45338058 101.66471536 442.16113001 106.25076163 
439.08412966 103.96433389 435.86168715 101.76608017 442.56793722 106.35431869 
440.02045327 104.20111538 436.79994654 102.00002664 443.50215621 106.59416512 
440.72885612 104.38063096 437.50917773 102.17833072 444.20965848 106.77499045 
441.43520581 104.55904234 438.2168179 102.35485667 444.91460516 106.95544018 
442.22368914 104.76059395 439.00635285 102.55487357 445.70194517 107.15865097 
442.6343602 104.83643744 439.41726616 102.63036374 446.11235285 107.23487642 
443.47109835 105.0390321 440.2548106 102.83178306 446.94821441 107.43874174 
444.32734242 105.25820796 441.11183777 103.04981827 447.80360711 107.65915076 
445.09015958 105.45315192 441.87534532 103.24375732 448.56567367 107.85518111 
445.67125592 105.60183909 442.45701245 103.39161419 449.14614946 108.00476592 
446.54906062 105.82652256 443.33564815 103.61508965 450.02305071 108.23075536 
447.19073087 105.99062909 443.97776428 103.77854842 450.6642362 108.39556218 
447.873468 106.16685945 444.66083712 103.95429125 451.34660835 108.57231961 
448.58392556 106.34858868 445.37198691 104.13501571 452.05631333 108.75513508 
449.32004998 106.53803381 446.10918641 104.32290168 452.79126895 108.94626579 
449.89396031 106.68451724 446.68381119 104.46834986 453.36440255 109.09386841 
450.61981832 106.87065502 447.41066399 104.65304737 454.08917906 109.28156325 
451.13828838 107.00392703 447.92966791 104.78554701 454.60706873 109.41567024 
452.09925481 107.25175132 448.89123306 105.03250557 
452.70909899 107.40925881 449.50114197 105.1899195 
453.31073138 107.54795614 450.10120283 105.33089013 
454.21009847 107.7737206 450.99931018 105.55847936 
454.91850377 107.95656142 451.70719587 105.74207349 
455.64538937 108.14380637 452.43403854 105.92938069 
456.19774031 108.28699848 452.98591483 106.07326129 
456.81682527 108.4467089 453.60381023 106.2346986 
457.70900602 108.67580552 454.49404709 106.46662146 
458.2172101 108.80909259 455.00244616 106.59962478 
458.2254229 108.81793872 455.01165574 106.6070213 
457.93692628 108.75300162 454.72433427 106.54037698 
457.55602905 108.66272341 454.34418407 106.44901452 
457.28395947 108.59997879 454.07182601 106.38668851 
457.32605303 108.61210125 454.11199017 106.40161372 
457.88456482 108.750857 454.66633351 106.54644269 
459.16277699 109.06690415 455.93755521 106.87273011 
461.36499935 109.60757898 458.12940748 107.42872597 
464.67603539 110.42135232 
465.41319054 110.60194357 
466.10722547 110.77041379 
466.78894032 110.93668627 
467.4747622 111.10184635 
468.13491725 111.26039785 
468.77145887 111.41233804 
469.37514692 111.55546488 
470.22421173 111.75694465 
470.67595128 111.86373781 
471.51680307 112.06190749 
472.15950561 112.21273322 
472.94697045 112.39658136 
473.51780568 112.52868134 
474.10712338 112.64193574 477.65246662 114.93964846 
474.84120134 112.81146241 478.38821805 115.10659094 
475.51059838 112.96668216 479.05902128 115.25963601 
476.27547706 113.14391841 479.82571098 115.43406722 
476.77239168 113.25840279 480.32350714 115.54718443 
477.47258962 113.42022509 481.02504481 115.70692678 
478.09886654 113.56443122 481.65268265 115.84901728 
478.63890222 113.68771599 482.19362868 115.97088534 
479.38735488 113.85833208 482.94334563 116.13953182 
479.8791365 113.97171671 483.43613827 116.25133968 
480.62656282 114.14122737 484.18488654 116.41878631 
481.13682501 114.25790921 484.69608578 116.5340035 
481.96330636 114.44502994 485.52418495 116.71859236 
482.59266427 114.58812594 479.29832737 112.499155 486.1546479 116.85995672 
483.12962072 114.70920146 479.83432034 112.6217507 486.69265216 116.97938854 
483.24974358 114.72897124 479.95340836 112.64315502 486.81390047 116.99739098 
484.5064092 114.9863813 481.20628115 112.9065712 488.07469099 117.24830692 
485.08956685 115.11736044 481.78859789 113.03888523 488.65876318 117.37784269 
485.62447035 115.23733204 482.32251622 113.16042229 489.19473813 117.49612164 
486.17066742 115.36061026 482.86780954 113.28513801 489.74191809 117.61784553 
486.748692 115.48938227 483.44495592 113.41530823 490.32089778 117.74510572 
487.35033045 115.62365893 484.04568268 113.5510378 490.92352777 117.87781141 
487.78872575 115.72161561 484.48337667 113.65011311 491.36268582 117.97455856 
488.75586514 115.93623134 485.44938852 113.86652907 492.33105151 118.18722776 
489.31746321 116.06059705 486.01011371 113.9922899 492.89359892 118.31008497 
489.94066257 116.19927443 486.63235562 114.13249909 493.5178396 118.44710604 
490.43860619 116.30933154 487.12964964 114.24359639 494.01648973 118.55603843 
491.17576832 116.47110885 487.86628351 114.40622012 494.75422641 118.71690051 
491.56693659 116.55694992 488.25724355 114.49239495 495.14562114 118.8023807 
492.23531074 116.70442541 488.92560994 114.63988288 495.81400373 118.94984273 
492.68808476 116.75697158 489.38429708 114.68297973 496.26034667 119.01260615 
493.09568096 116.83836273 489.79299288 114.76262029 496.66674696 119.09589015 
490.21889985 116.20776488 486.91410127 114.13538423 493.79226119 118.46165733 
494.25789292 117.09368759 490.9559746 115.0167209 497.82812175 119.35253875 
495.16548628 117.29288423 491.8641298 115.21502462 498.73510408 119.55270086 
495.60798949 117.3897297 492.30672257 115.3117278 499.17750989 119.64970018 
496.25275057 117.53170162 492.95218289 115.45258926 499.82151048 119.7928728 
496.84720405 117.66156141 493.54742373 115.58119966 500.41510767 119.9240835 
497.27533372 117.7562118 493.97617625 115.67486243 500.84255994 120.01980176 
498.11105949 117.94000412 494.81286134 115.8571349 501.67724241 120.20523741 
498.49401493 118.0247499 495.196349 115.94103816 502.05961903 120.29089418 
499.02789383 118.14361849 495.73106974 116.05857504 502.59258238 120.41120267 
499.59668039 118.26908411 496.3010513 116.18215236 503.16006932 120.53871002 
500.11207915 118.38244154 496.81821902 116.29271892 503.67354428 120.65508507 
500.56998324 118.48369615 497.27825657 116.39061451 504.12912817 120.75997158 
501.13364039 118.56709784 497.8497263 116.46177994 504.68428909 120.85660351 
501.72193543 118.68589552 498.44253623 116.57355177 505.2676743 120.98299768 
502.23630769 118.80036185 498.95976257 116.68359373 505.77894286 121.10224771 
502.8174148 118.93134767 499.54385976 116.80995836 506.35679843 121.23822997 
503.29585288 119.03921859 500.02475013 116.91404989 506.8325698 121.35018719 
503.73630346 119.1382824 500.467716 117.00924713 507.27028521 121.45343153 
504.38619896 119.2868924 501.1212259 117.15231841 507.91625036 121.60802996 
504.86053029 119.39587614 501.5984452 117.25689131 508.38744133 121.72178262 
505.3841428 119.51697377 502.12552505 117.37271035 508.90728352 121.84858736 
505.68907013 119.58743025 502.43252686 117.44001759 509.20995513 121.92244873 
506.38927351 119.75147462 503.13687727 117.59778617 509.90564921 122.09327828 
506.55149068 119.79001152 503.30033107 117.63445675 510.06652175 122.13383298 
507.15621189 119.93203866 503.90871908 117.77096355 510.66725593 122.28182849 
507.83485476 120.09389743 504.59131818 117.92688896 511.34159712 122.4501021 
508.35333382 120.21832378 505.11312822 118.04633786 511.85645442 122.5799098 
508.92520242 120.33935888 505.68513761 118.16716294 512.42816994 122.70117197 
509.44162811 120.46489528 506.2030076 118.29054655 512.94302525 122.82903583 
509.71678136 120.53206985 506.47996585 118.35503505 513.21621596 122.89911441 
510.43443844 120.70937803 507.20180143 118.52614347 513.92932988 123.08312534 
511.04737299 120.86246664 507.8171162 118.67571191 514.53967651 123.2400197 
511.36667388 120.94286916 508.1370531 118.75517521 514.85828591 123.32143762 
511.91184692 121.07943972 508.68244734 118.89141926 515.40321844 123.45836119 
512.45599322 121.21711888 509.22661303 119.02906978 515.94734365 123.5960713 
512.99500623 121.3525906 509.76564725 119.1645102 516.48633359 123.73157687 
513.5196456 121.48475985 510.29047348 119.29640371 517.01076983 123.86404422 
514.04428506 121.61692921 510.81529387 119.42830609 517.53521255 123.99650221 
514.51040321 121.73367538 511.2817545 119.54454708 518.00095835 124.11379455 
515.01450889 121.86144327 511.78632571 119.67162854 518.5045579 124.24230454 
515.55249567 121.99580973 512.32461185 119.80555376 519.04221919 124.37714806 
516.07200204 122.12577195 512.84419232 119.93540678 519.561645 124.50722833 
516.60896506 122.23024742 513.37327574 120.05153912 520.10717517 124.59910126 
517.08843056 122.350298 513.85153152 120.17338739 520.58795597 124.7172083 
517.80916863 122.53424699 514.57113368 120.35902635 521.30992911 124.8993302 
518.19520498 122.63338438 514.95638658 120.45933043 521.69681728 124.99720624 
518.53401372 122.71819082 515.29518677 120.54414961 522.03563532 125.08199889 
519.26193942 122.89880943 516.02222499 120.72609093 522.76452596 125.26118746 
519.79376663 123.03207769 516.55160504 120.86301258 523.29901396 125.3905059 
520.2763126 123.15323198 517.03324644 120.98551956 523.78254347 125.51019772 
520.84202093 123.29420613 517.59792718 121.12803186 524.3493691 125.64950893 
521.35639467 123.42196185 518.1114731 121.25702786 524.86464296 125.77592371 
521.8830887 123.55413012 518.63671341 121.39137663 525.39291765 125.90573452 
522.39540927 123.68078159 519.14764653 121.52011216 525.90674681 126.03013281 
522.90464986 123.80633005 519.65608303 121.64686975 526.4168617 126.15437401 
523.39027661 123.92526663 520.14088079 121.76705394 526.90338984 126.27196173 
523.92313125 124.05742728 520.67265545 121.90084147 527.43741877 126.40236345 
524.47138811 124.17517523 521.21756688 122.02364028 527.98931328 126.5146506 
525.11820783 124.31715167 521.86153592 122.16993409 528.6392327 126.65195922 
525.52272601 124.41515892 522.26525597 122.26915236 529.04461875 126.74865715 
526.27016059 124.59796833 523.01065425 122.45505591 529.79426754 126.92812125 
526.60691686 124.68056424 523.34616727 122.53954408 530.1323757 127.00867129 
527.45907482 124.88759439 524.19648938 122.74937282 530.98652993 127.21267565 
528.00733087 125.01973581 524.74321967 122.88384412 531.53644508 127.34229805 
528.66339014 125.17830807 525.39835044 123.04383601 532.19351401 127.49933542 
529.25168753 125.32036178 525.98534103 123.18789005 532.78323243 127.6392264 
529.83793169 125.46131117 526.57047607 123.33053925 533.37068265 127.77833795 
530.30302569 125.57252586 527.03465398 123.4431594 533.83677283 127.88803308 
530.79173382 125.68924556 527.52318765 123.56014689 534.32567065 128.00446325 
528.20651011 125.06708297 524.94098665 122.93335108 531.73716002 127.38731005 
532.38722236 126.07245084 529.11525157 123.94861884 535.92488321 128.3819742 
532.77326111 126.16273335 529.50089678 124.03950777 536.31134992 128.47160105 
533.494006 126.3079371 530.21485365 124.19521017 537.03947643 128.60545356 
534.26300466 126.4774352 530.98115278 124.36890409 537.81141075 128.77041507 
534.74247314 126.59084627 531.46128231 124.48128661 538.29016036 128.88493822 
535.69833034 126.81545842 532.41910459 124.70284541 539.24388058 129.1128517 
536.31434999 126.96190623 533.03727957 124.84595144 539.8575564 129.2629127 
536.90675574 127.10174208 533.63202108 124.98217417 540.44742214 129.40665509 
537.58232418 127.26250552 534.31038028 125.1386321 541.11995579 129.57207368 
538.41395112 127.46070892 535.14462227 125.33281229 541.94873906 129.77462695 
539.13777459 127.63469568 535.87117266 125.50261523 542.66959723 129.95313724 
539.98993563 127.84062284 536.72539473 125.70538798 543.51951711 130.16247492 
540.72915965 128.02123284 537.4666538 125.88288984 544.25652822 130.34644539 
541.48173092 128.20514713 538.22160266 126.06318099 545.00651413 130.53427696 
542.10801818 128.35822579 538.85022779 126.21270557 545.63025924 130.69119821 
542.80001424 128.52893348 539.54534609 126.37867989 546.31886031 130.86702347 
543.67886984 128.74700568 547.1927254 131.0925891 
