152.67326932 34.471728391 
153.0130717 34.55648687 
153.76761804 34.742502735 
154.59607926 34.947233364 
155.41119515 35.145340709 
156.04357781 35.292783872 
156.56200878 35.40939188 
157.03834956 35.513882246 
157.54138178 35.626084122 
158.14296695 35.765822266 
158.92317944 35.954016799 
159.58225376 36.11360075 
160.2033442 36.263275418 
160.79363687 36.405244687 
161.29461573 36.526307271 
162.04505759 36.706795665 
162.68565378 36.860871322 
163.05214876 36.948913988 
163.85392083 37.141507398 
164.27482555 37.242757461 
164.93595408 37.401232608 
165.45746545 37.52669492 
166.19764478 37.667342452 
166.936796 37.831241449 
167.60100475 37.990819939 
168.30730414 38.160302234 
168.90786405 38.304472744 
169.53716874 38.456351978 
170.1746863 38.610433814 
170.61304387 38.716088286 
171.1725401 38.851461271 
171.90142524 39.027554822 
172.53791649 39.182745815 
172.86950798 39.263090021 
173.70926595 39.468917327 
174.42480562 39.643923588 
175.12905277 39.816731989 
175.55304015 39.895836706 
176.4215451 40.08612371 
177.01594631 40.233626241 
177.61753386 40.382225719 
178.34026025 40.561651221 
178.95827358 40.714655955 
179.62351076 40.877557284 
180.18916768 41.017351808 
180.78459616 41.163746549 
181.24553999 41.277120265 
181.83378246 41.421311275 
182.55137677 41.597423849 
183.59337744 41.851678152 
183.90443779 41.927624588 
184.47522843 42.06741264 
184.89203058 42.145421969 
185.72871271 42.331328986 
186.25125333 42.459008054 
187.07972167 42.660427103 
187.71416233 42.813410299 
188.31575169 42.959797865 
188.95429895 43.113882605 
189.43166961 43.228341329 
190.18006366 43.40884037 
190.47059258 43.47817413 
190.87918096 43.576124506 
191.94582264 43.832561019 
192.44167255 43.951422376 
193.13360407 44.116503098 
193.90458437 44.29918514 
194.46614008 44.394703181 
195.07389063 44.535547771 
195.8448714 44.71712323 
196.33250915 44.831568495 
197.01417545 44.992236333 
197.60242078 45.129787942 
198.193746 45.268442415 
198.69678309 45.387294649 
199.4082215 45.553456252 
200.01186624 45.695414935 
200.50771736 45.812063493 
201.17295871 45.968327275 
201.64314483 46.078369855 
202.24473668 46.220331961 
202.9469362 46.385400531 
203.37914055 46.4523194 
204.11419189 46.622877099 
204.74452916 46.771441578 
205.36973357 46.917799253 
205.88714403 47.041060865 
206.34501113 47.152228942 
207.06774327 47.326126384 
207.54511617 47.440588279 
208.31404594 47.625491586 
208.83043009 47.749862352 
209.38377215 47.884144801 
209.87449109 48.004123768 
210.4175671 48.137313905 
211.25220007 48.34316006 
211.78090373 48.473049521 
212.32295567 48.575241787 
213.05184822 48.755774853 
213.57131256 48.884570668 
213.91522661 48.971545139 
214.73035455 49.17520583 
215.14202497 49.278691128 
215.95304657 49.483465156 
216.56285278 49.637597212 
217.07821091 49.768613798 
217.66440523 49.917243983 
218.16333784 50.042748442 
218.72797351 50.185873813 
219.32854073 50.336698213 
219.96093293 50.496334628 
220.63028334 50.663668662 
221.17541651 50.764751189 
221.82218176 50.925474773 
222.49563893 51.093910573 
223.14137777 51.254635926 
223.54278302 51.354815662 
224.16696318 51.510036173 
224.75315882 51.655346491 
225.43072312 51.822670063 
225.90809796 51.941563712 
226.41832459 52.067053681 
227.11642149 52.238777106 
227.76729426 52.399496288 
228.0085484 52.458939671 
228.90786194 52.679092351 
229.46839298 52.81779724 
230.02276637 52.928832654 
230.75884886 53.10714603 
231.40561579 53.266764765 
231.89017772 53.386756427 
232.52051912 53.540863011 
233.07591768 53.677361644 
233.58511863 53.802854413 
234.17028915 53.947061087 
234.62405307 54.058239735 
235.45253163 54.261887773 
236.01819679 54.400586759 
236.6146605 54.54699226 
237.25321558 54.7033026 
237.83428021 54.846408734 
238.43690393 54.993913064 
239.02618482 55.09715108 
239.65139413 55.252373706 
240.34538697 55.422999204 
240.91105278 55.562806345 
241.32991253 55.665178338 
241.94382946 55.817096038 
242.6265298 55.986630928 
243.26303253 56.144052716 
243.57409761 56.221113106 
244.07919339 56.346613643 
244.88200839 56.545872241 
245.60064081 56.725321397 
246.2083986 56.877248749 
246.9280579 57.05669681 
247.3756635 57.16788628 
248.04604868 57.290940337 
248.71951112 57.450525593 
249.40426586 57.621166433 
249.92989476 57.752174801 
250.61772963 57.922811611 
251.04275003 58.028497831 
251.80552832 58.21785067 
252.42252668 58.371980676 
252.99640704 58.516207314 
253.32800527 58.598775592 
254.12260909 58.798048491 
254.74679413 58.954383183 
255.12869687 59.050166508 
255.69539124 59.193296695 
256.42429174 59.377162821 
257.05977283 59.499161062 
257.73631653 59.662065633 
258.32970344 59.811801648 
258.84198732 59.941723375 
259.5606221 60.124497641 
260.05545357 60.250015587 
260.60264273 60.389852806 
261.2863727 60.563819498 
261.84280164 60.705858259 
262.40025731 60.847895694 
262.85402422 60.963507611 
263.46999746 61.120962981 
264.0972637 61.28061691 
264.77586107 61.454591689 
265.43700615 61.621948326 
265.59510465 61.680404576 
266.5950407 61.866107562 
267.22128081 62.025763657 
267.89577225 62.198637848 
268.41113716 62.330771339 
268.97064699 62.473914385 
269.48703869 62.606046644 
270.1861694 62.786636809 
270.75697231 62.933085804 
270.83602231 62.95401059 
271.91089779 63.230395434 
272.56075092 63.398876765 
272.95702803 63.500178155 
273.67874513 63.686273269 
274.19513738 63.819513562 
274.84294027 63.953677212 
275.41579786 64.091267262 
276.36850606 64.33793223 
276.91569747 64.478879893 
277.42387725 64.608810895 
277.98852145 64.754162903 
278.77081063 64.953460291 
279.27385759 65.081184551 
279.64344309 65.175881436 
279.80565005 65.217725796 
280.03150776 65.277195344 
280.52942174 65.403819879 
281.50677067 65.651559374 
282.96150188 66.017095824 
283.56618574 66.167928763 
283.84132288 66.226222707 
284.81969983 66.46731918 
285.33814714 66.59723735 
286.03317458 66.772301701 
286.58344758 66.909925639 
287.24254321 67.076183364 
287.78563001 67.211603305 
288.43856613 67.375655648 
289.10998188 67.541896655 
289.73827924 67.698233732 
290.28341969 67.833651318 
290.8727054 67.978971699 
291.51640255 68.138609134 
292.07796941 68.277325599 
292.57383201 68.399526698 
293.33148805 68.554577342 
294.01625087 68.724122392 
294.56241877 68.857325152 
295.27387432 69.032369032 
295.90011974 69.18428188 
296.45039443 69.318586444 
297.12899834 69.482605196 
297.62588843 69.602591534 
298.31783868 69.771020555 
298.71309226 69.86679151 
299.59189009 70.078139248 
300.14216549 70.210230304 
300.80947714 70.370944286 
301.40287119 70.515154143 
301.32279382 70.495337015 
302.53833059 70.757145985 
303.23028262 70.914504951 
303.9222339 71.082935419 
304.54437432 71.232641725 
305.22092647 71.395558243 
305.93238428 71.567283556 
306.60791002 71.730201849 
307.12533402 71.855697126 
307.7320754 72.002104135 
308.31931079 72.144109803 
308.8911467 72.282815554 
309.59747202 72.453441825 
309.8787702 72.521694094 
310.75962385 72.734149785 
311.56348 72.927891197 
312.16714639 73.021161127 
312.83856654 73.185193815 
313.2748871 73.290874233 
314.06745066 73.483524905 
314.78096337 73.65635686 
315.20496446 73.759840382 
315.95543617 73.943692817 
316.51598018 74.080201562 
316.87530326 74.168274989 
317.65965448 74.358723825 
318.46556525 74.554678737 
319.00249694 74.685684997 
319.60410685 74.833208931 
320.25088895 74.991741884 
320.78884756 75.122747083 
321.34939632 75.209435888 
322.13066867 75.397676028 
322.68094719 75.531985985 
323.07517666 75.627761957 
323.72709257 75.787395794 
324.40980786 75.95363006 
325.09046995 76.119867334 
325.67154808 76.261885318 
326.20026761 76.39179723 
326.93636862 76.571244056 
327.568779 76.726477217 
328.11700499 76.860791129 
328.73401584 77.013831541 
329.37771953 77.172370953 
329.95777166 77.314391287 
330.61893061 77.450764291 
331.20309049 77.581707912 
331.7513171 77.714915439 
332.30981015 77.85143033 
333.0387259 78.028674478 
333.68345708 78.186106383 
334.11362009 78.291798691 
334.63412777 78.418402187 
335.15155554 78.545010025 
335.88765822 78.725566456 
336.5323898 78.884106182 
336.64942708 78.912730565 
337.82801328 79.201177631 
338.29410927 79.31567824 
338.87005622 79.456599031 
339.37413975 79.561083398 
340.22317536 79.753664196 
340.79604261 79.894589637 
341.43564171 80.053137607 
342.03930837 80.202878046 
342.58548296 80.339412021 
343.20249609 80.493562916 
343.7127382 80.622396555 
344.44781553 80.807385291 
344.98269732 80.941721001 
345.60484391 81.099186803 
346.21364411 81.254456805 
346.83579081 81.413030026 
347.38812573 81.553985064 
348.03799189 81.721377593 
348.59546225 81.83907606 
349.31411495 82.010803086 
349.95268829 82.175997305 
350.58202191 82.33899008 
351.20622239 82.500882907 
351.70003899 82.628633461 
352.30986648 82.78833198 
353.06958443 82.986574926 
353.2297412 83.028426555 
354.30053313 83.308171532 
354.81488287 83.443644471 
355.33231268 83.579113293 
356.23781495 83.817014323 
356.60330121 83.912834605 
357.42051204 84.12871423 
358.04163512 84.272898762 
358.81470048 84.476660755 
359.44916847 84.645184271 
359.76742922 84.728891115 
360.69859849 84.976722762 
361.26428143 85.126519496 
361.9531621 85.310469092 
362.55683114 85.471285514 
363.15331366 85.63100476 
364.0218581 85.863423275 
364.42225102 85.970268282 
365.01565392 86.12888502 
365.42015345 86.237938836 
365.87393226 86.359103896 
367.02685907 86.668634463 
367.72806132 86.847033084 
368.43028936 87.037608946 
369.80805334 87.406619168 
369.78444051 87.398901443 
370.54621524 87.598253726 
371.08828701 87.738120558 
371.76382364 87.911019573 
372.63031775 88.131265254 
373.47319939 88.341579195 
373.93108643 88.456097249 
374.66822321 88.638877295 
375.2770285 88.789725435 
376.11888435 88.99672022 
376.83446204 89.171780292 
377.45866781 89.322607977 
377.83647699 89.409557366 
378.81077244 89.641836862 
379.7049889 89.856511495 
380.33535531 90.00622435 
381.17926622 90.20657516 
381.91537852 90.380501565 
382.71001051 90.566527117 
383.31676452 90.708522841 
384.13603669 90.898943879 
384.82800367 91.058538334 
385.27665295 91.161999577 
385.97272684 91.321588757 
386.66264099 91.478972215 
387.71701902 91.718896238 
388.50035936 91.898296062 
389.08247479 92.031469478 
389.66664357 92.16574737 
390.63683607 92.390286869 
391.44994999 92.578504262 
391.77540098 92.653348159 
392.63368821 92.851468885 
393.45912254 93.04188447 
394.19729084 93.213597252 
395.00629882 93.401821304 
395.56069518 93.531712285 
394.86256648 93.367694829 
396.79371408 93.820111909 
397.67150867 94.027064935 
398.38914437 94.196592408 
398.8737283 94.309971544 
399.98765882 94.53321295 
400.52973669 94.652050314 
401.38597212 94.855712327 
402.09539499 95.026359042 
402.81713801 95.199203569 
403.61177394 95.391878208 
404.22879755 95.541614799 
405.01419373 95.73319521 
404.99366054 95.727687273 
406.14865511 96.010660969 
406.27801451 96.042593196 
407.7943945 96.415864696 
408.47815168 96.584333496 
409.15882903 96.751699494 
409.92471924 96.943307677 
410.33846794 97.004749233 
411.2758138 97.208305116 
411.77477226 97.33052431 
412.46161024 97.498989994 
413.45542081 97.74343446 
414.26032552 97.940527014 
414.94819055 98.110099098 
415.7099756 98.297285965 
416.0405616 98.378768743 
416.39784091 98.466858427 
417.60827891 98.764155258 
418.49839756 98.984384237 
419.20063672 99.157259496 
419.36695655 99.197999719 
420.70880862 99.529442356 
421.19955785 99.617353286 
422.08454693 99.803269287 
422.82785335 99.987161654 
423.62968004 100.18426122 
424.19024018 100.32189988 
423.93152014 100.25803367 
424.99822711 100.52120585 
426.5156414 100.89559391 
427.1172686 101.04424941 
427.80308295 101.21050622 
428.39855091 101.35142035 
428.9529524 101.48021124 
429.51762079 101.61009561 
430.14286277 101.75429161 
430.88103815 101.92933608 
431.78142722 102.14623441 
432.80912316 102.39839073 
433.43025815 102.55145007 
434.37582083 102.78489576 
435.15711639 102.97981208 
435.75361155 103.12847643 
436.38912025 103.2870529 
437.23098975 103.49738862 
437.93528549 103.67469468 
438.67654144 103.86191568 
439.08412966 103.96433389 
440.02045327 104.20111538 
440.72885612 104.38063096 
441.43520581 104.55904234 
442.22368914 104.76059395 
442.6343602 104.83643744 
443.47109835 105.0390321 
444.32734242 105.25820796 
445.09015958 105.45315192 
445.67125592 105.60183909 
446.54906062 105.82652256 
447.19073087 105.99062909 
447.873468 106.16685945 
448.58392556 106.34858868 
449.32004998 106.53803381 
449.89396031 106.68451724 
450.61981832 106.87065502 
451.13828838 107.00392703 
452.09925481 107.25175132 455.56738424 109.66443046 
452.70909899 107.40925881 456.17715807 109.8220391 
453.31073138 107.54795614 456.78049897 109.9582788 
454.21009847 107.7737206 457.68123561 110.18207055 
454.91850377 107.95656142 458.3902058 110.36409697 
455.64538937 108.14380637 459.11713808 110.55127462 
456.19774031 108.28699848 459.67000505 110.6937224 
456.81682527 108.4467089 460.29038327 110.85156591 
457.70900602 108.67580552 461.1846774 111.07760712 
458.2172101 108.80909259 461.69266948 111.21120094 
458.2254229 108.81793872 461.69979859 111.22161424 
457.93692628 108.75300162 461.41002438 111.15852278 
457.55602905 108.66272341 461.02831499 111.06941675 
457.28395947 108.59997879 460.75655903 111.00621958 
457.32605303 108.61210125 460.80075021 111.01531201 
457.88456482 108.750857 461.36379391 111.14750202 
459.16277699 109.06690415 462.64960623 111.45247835 
461.36499935 109.60757898 464.8631035 111.97658928 
464.67603539 110.42135232 461.42624997 108.26372632 468.18957224 112.76741312 
465.41319054 110.60194357 462.1608008 108.44824532 468.92955919 112.94375783 
466.10722547 110.77041379 462.8523517 108.62047148 469.62629513 113.10816723 
466.78894032 110.93668627 463.53153374 108.79058338 470.31076405 113.27028865 
467.4747622 111.10184635 464.2150535 108.95924176 470.99908919 113.43166644 
468.13491725 111.26039785 464.87294687 109.12123811 471.66170356 113.58649346 
468.77145887 111.41233804 465.50766159 109.2759667 472.30023173 113.73541887 
469.37514692 111.55546488 466.10998997 109.42117219 472.90539829 113.87629829 
470.22421173 111.75694465 466.95715115 109.62556707 473.75653311 114.07462627 
470.67595128 111.86373781 467.40790202 109.7338765 474.20934778 114.17978005 
471.51680307 112.06190749 468.24684287 109.93498118 475.05227755 114.37477642 
472.15950561 112.21273322 468.88810842 110.08801778 475.6965427 114.52321175 
472.94697045 112.39658136 469.67395798 110.27435503 476.48576407 114.70436865 
473.51780568 112.52868134 470.24362851 110.40825235 477.05786583 114.83452535 
474.10712338 112.64193574 470.82808798 110.5290273 
474.84120134 112.81146241 471.56062709 110.70094405 
475.51059838 112.96668216 472.22873104 110.85817512 
476.27547706 113.14391841 472.99194439 111.03800568 
476.77239168 113.25840279 473.48804838 111.15375453 
477.47258962 113.42022509 474.18701438 111.31750053 
478.09886654 113.56443122 474.81203987 111.46366334 
478.63890222 113.68771599 475.35123846 111.5882584 
479.38735488 113.85833208 476.09852857 111.76069611 
479.8791365 113.97171671 476.58938052 111.87553904 
480.62656282 114.14122737 477.33559126 112.04695866 
481.13682501 114.25790921 477.84499182 112.16499511 
481.96330636 114.44502994 478.66998554 112.35445747 
482.59266427 114.58812594 
483.12962072 114.70920146 
483.24974358 114.72897124 
484.5064092 114.9863813 
485.08956685 115.11736044 
485.62447035 115.23733204 
486.17066742 115.36061026 
486.748692 115.48938227 
487.35033045 115.62365893 
487.78872575 115.72161561 
488.75586514 115.93623134 
489.31746321 116.06059705 
489.94066257 116.19927443 
490.43860619 116.30933154 
491.17576832 116.47110885 
491.56693659 116.55694992 
492.23531074 116.70442541 
492.68808476 116.75697158 
493.09568096 116.83836273 
490.21889985 116.20776488 
494.25789292 117.09368759 
495.16548628 117.29288423 
495.60798949 117.3897297 
496.25275057 117.53170162 
496.84720405 117.66156141 
497.27533372 117.7562118 
498.11105949 117.94000412 
498.49401493 118.0247499 
499.02789383 118.14361849 
499.59668039 118.26908411 
500.11207915 118.38244154 
500.56998324 118.48369615 
501.13364039 118.56709784 
501.72193543 118.68589552 
502.23630769 118.80036185 
502.8174148 118.93134767 
503.29585288 119.03921859 
503.73630346 119.1382824 
504.38619896 119.2868924 
504.86053029 119.39587614 
505.3841428 119.51697377 
505.68907013 119.58743025 
506.38927351 119.75147462 
506.55149068 119.79001152 
507.15621189 119.93203866 
507.83485476 120.09389743 
508.35333382 120.21832378 
508.92520242 120.33935888 
509.44162811 120.46489528 
509.71678136 120.53206985 
510.43443844 120.70937803 
511.04737299 120.86246664 
511.36667388 120.94286916 
511.91184692 121.07943972 
512.45599322 121.21711888 
512.99500623 121.3525906 
513.5196456 121.48475985 
514.04428506 121.61692921 
514.51040321 121.73367538 
515.01450889 121.86144327 
515.55249567 121.99580973 
516.07200204 122.12577195 
516.60896506 122.23024742 
517.08843056 122.350298 
517.80916863 122.53424699 
518.19520498 122.63338438 
518.53401372 122.71819082 
519.26193942 122.89880943 
519.79376663 123.03207769 
520.2763126 123.15323198 
520.84202093 123.29420613 
521.35639467 123.42196185 
521.8830887 123.55413012 
522.39540927 123.68078159 
522.90464986 123.80633005 
523.39027661 123.92526663 
523.92313125 124.05742728 
524.47138811 124.17517523 
525.11820783 124.31715167 
525.52272601 124.41515892 
526.27016059 124.59796833 
526.60691686 124.68056424 
527.45907482 124.88759439 
528.00733087 125.01973581 
528.66339014 125.17830807 
529.25168753 125.32036178 
529.83793169 125.46131117 
530.30302569 125.57252586 
530.79173382 125.68924556 
528.20651011 125.06708297 
532.38722236 126.07245084 
532.77326111 126.16273335 
533.494006 126.3079371 
534.26300466 126.4774352 
534.74247314 126.59084627 
535.69833034 126.81545842 
536.31434999 126.96190623 
536.90675574 127.10174208 
537.58232418 127.26250552 
538.41395112 127.46070892 
539.13777459 127.63469568 
539.98993563 127.84062284 
540.72915965 128.02123284 
541.48173092 128.20514713 
542.10801818 128.35822579 
542.80001424 128.52893348 
543.67886984 128.74700568 540.42879132 126.58982122 
