1564.3662028 599.89135986 
1565.1569633 600.31248782 
1565.9538855 600.73803921 
1566.7559427 601.1669078 
1567.5641619 601.59909271 
1568.37957 602.03459305 
1569.2001129 602.47451774 
1570.0278448 602.91775788 
1570.8617386 603.36542149 
1571.7017943 603.81640145 
1572.5490388 604.27180401 
1573.4034724 604.73052204 
1574.2640679 605.19366358 
1575.1318522 605.66122774 
1576.0068254 606.13321453 
1576.8879606 606.60851771 
1577.7773118 607.08824265 
1578.6738516 607.57349738 
1579.5775806 608.06206764 
1580.4884985 608.55506057 
1581.4076322 609.05358242 
1582.334982 609.55541895 
1583.2695206 610.06278531 
1584.2050863 610.5712583 
1584.3950749 610.67516472 
1585.4908479 611.26874916 
1585.8153694 611.44450325 
1586.8043385 611.97950244 
1587.610508 612.41391056 
1588.2513359 612.75878369 
1588.8141146 613.06054606 
1589.5617478 613.46068421 
1590.3217048 613.8674548 
1590.8916729 614.17142578 
1591.6074708 614.55277075 
1591.9042651 614.71083546 
1593.0041505 615.29445589 
1593.6819653 615.56844276 
1594.2098292 615.84366534 
1595.1895605 616.35874785 
1595.8447691 616.70139659 
1596.4712227 617.02857033 
1596.9087133 617.2573715 
1597.8535291 617.74923536 
1598.4738214 618.07198642 
1599.2276208 618.46215838 
1599.6394375 618.67658936 
1600.5575534 619.15076312 
1601.1655229 619.46466842 
1601.8679745 619.82609977 
1602.3629772 620.08031688 
1603.2975261 620.55890627 
1603.8346499 620.74444595 
1604.4847294 621.05942341 
1605.3350674 621.49158603 
1606.0221161 621.83974627 
1606.7091646 622.19012097 
1607.3879978 622.53386011 
1608.3358995 623.01576162 
1608.7620959 623.23239631 
1609.2766127 623.49324113 
1610.0591713 623.89003506 
1610.789354 624.2614098 
1611.2247936 624.48246562 
1611.9755164 624.86268033 
1612.732401 625.24731857 
1613.5108525 625.64190294 
1614.1681354 625.88491386 
1614.9311846 626.25958348 
1615.7075829 626.65195609 
1615.0482603 626.32037631 
1616.8578034 627.2311171 
1617.8170053 627.71412019 
1618.4537349 628.03464862 
1618.9641457 628.29107063 
1619.9069166 628.76523149 
1620.4943514 629.06033822 
1621.113623 629.37091801 
1621.7883516 629.71023647 
1622.3531931 629.99429149 
1622.4815662 630.05839656 
1623.8936706 630.76687412 
1624.5098705 631.02320823 
1624.9812583 631.2508792 
1626.0554855 631.78914526 
1626.7805377 632.15277965 
1627.4634835 632.49541428 
1628.0529738 632.79052127 
1628.6927866 633.11105003 
1629.3993535 633.46584379 
1630.1213255 633.8272676 
1630.7067084 634.12016448 
1631.4790031 634.50701038 
1632.0376843 634.78775164 
1632.7843045 635.16244114 
1632.911651 635.22654766 
1634.1347942 635.83887018 
1634.7396961 636.1085021 
1635.6013417 636.52848835 
1636.2072654 636.83133361 
1636.8758353 637.1673404 
1637.5998629 637.52987203 
1638.1123307 637.78740382 
1638.9513813 638.20851738 
1638.8456014 638.15546375 
1640.0091812 638.739054 
1640.6572121 639.06400781 
1641.4962633 639.48622946 
1642.3753675 639.92723915 
1642.976157 640.23009054 
1643.6991588 640.59373212 
1644.4180526 640.95627024 
1644.5115098 640.99715602 
1645.663796 641.56747311 
1646.5131181 641.99633085 
1647.156015 642.32129082 
1647.8358836 642.66504138 
1648.5414274 643.02094917 
1649.1781626 643.3437006 
1649.8446809 643.67971298 
1650.4464986 643.98477977 
1651.2444722 644.38821807 
1651.7384559 644.63801844 
1652.5579966 645.05251056 
1652.9626321 645.25699318 
1653.8550898 645.70796045 
1654.5308519 646.0495022 
1655.1645098 646.35565099 
1655.858758 646.70714195 
1656.6639214 647.11721899 
1657.1753646 647.37697025 
1657.9897715 647.79036149 
1658.664507 648.13411959 
1659.2591371 648.43698045 
1659.9359271 648.78073724 
1660.6876877 649.16318171 
1661.0389202 649.34224601 
1661.8471661 649.75232237 
1662.5937921 650.13255747 
1663.2931766 650.48847502 
1663.8672675 650.78138992 
1664.7484308 651.22904948 
1665.1900425 651.43571809 
1665.9911011 651.83805199 
1666.3803335 652.03369272 
1667.2727954 652.48134398 
1667.985533 652.83725201 
1668.7989172 653.2406839 
1669.5558164 653.61648438 
1670.2213134 653.94364668 
1670.8375144 654.2464929 
1671.4259866 654.53496943 
1672.1130514 654.86986446 
1672.8637908 655.23459985 
1673.4532911 655.51975469 
1674.2861917 655.92095833 
1674.8941784 656.21384827 
1675.4569818 656.45695473 
1676.3905321 656.89129045 
1676.9194403 657.14328205 
1677.6475879 657.49032354 
1678.3243854 657.81194338 
1678.7659986 658.02082893 
1679.5300923 658.38223427 
1680.3896981 658.78784685 
1681.1774138 659.15809046 
1681.7843762 659.44212612 
1682.4200953 659.73831685 
1683.0044639 660.01130002 
1683.5200231 660.2511257 
1684.2399577 660.58489053 
1685.0697828 660.96838669 
1685.5288677 661.11747452 
1686.4685853 661.54073818 
1687.0960901 661.82807993 
1687.8478641 662.16956989 
1688.7711496 662.5884194 
1689.1264965 662.74977076 
1689.8320557 663.06804933 
1690.4965345 663.36754037 
1691.0408528 663.61177293 
1691.8131686 663.95878317 
1691.7073858 663.91236978 
1693.0722909 664.52128814 
1693.7316358 664.81524868 
1694.6549246 665.22524363 
1695.2752434 665.50041513 
1695.969522 665.72459905 
1696.6689216 666.03402778 
1697.4124845 666.35559935 
1698.0132913 666.6175019 
1698.8071782 666.96228287 
1699.4747419 667.25180996 
1700.097117 667.52033839 
1700.9105186 667.86953284 
1701.5277591 668.13474444 
1702.4048368 668.5093519 
1702.9162945 668.72704287 
1703.5181304 668.98341045 
1704.2411556 669.28950112 
1704.3222905 669.32375659 
1705.651261 669.88399812 
1706.319865 670.10488461 
1707.2349505 670.45732083 
1707.858356 670.71588647 
1708.5207887 670.98992066 
1709.1791138 671.26063696 
1708.219869 670.86948605 
1710.5573866 671.82416316 
1711.1715503 672.07388015 
1711.967499 672.3943074 
1712.5744744 672.6373878 
1712.8969625 672.76555556 
1714.1078338 673.24396962 
1714.6377833 673.45057721 
1715.5970335 673.82180262 
1716.1855244 674.04939906 
1716.8952199 674.24147054 
1717.5648488 674.48893064 
1718.4891828 674.83472136 
1719.2645971 675.12195387 
1719.8982804 675.35505078 
1720.5021799 675.57599329 
1721.2899203 675.86100241 
1721.799333 676.04327134 
1722.6856704 676.36030888 
1723.4076817 676.61547882 
1724.1985053 676.89384376 
1724.8054887 677.10482085 
1725.2676592 677.2638786 
1726.2659478 677.60629225 
1727.0475301 677.87359431 
1727.5179306 677.95846851 
1727.6606913 678.00042567 
1729.3029426 678.54382517 
1729.8945235 678.73710189 
1730.5045913 678.93700684 
1731.3159616 679.19985823 
1731.9250034 679.39533588 
1732.8257286 679.68136653 
1733.3310387 679.84149886 
1734.3262538 680.15402618 
1734.9887042 680.35942646 
1735.7610498 680.59795365 
1736.405014 680.79451199 
1737.1804419 681.02971586 
1737.6939704 681.18541417 
1738.4765931 681.39293464 
1739.4790033 681.68553033 
1740.1537811 681.88538679 
1739.8456632 681.79484597 
1741.5505823 682.29724139 
1742.3373103 682.52911677 
1743.1538233 682.76982595 
1743.6827595 682.9255135 
1744.6451153 683.21039325 
1745.4154111 683.43785418 
1746.1179212 683.64433337 
1746.7968088 683.84529574 
1747.444885 684.03521132 
1748.3825927 684.31236222 
1749.142619 684.53540402 
1749.8112377 684.7275184 
1750.6708897 684.97926771 
1751.5161625 685.22992153 
1752.2320256 685.44192782 
1752.9992422 685.66828669 
1753.5179094 685.82177041 
1754.4052929 686.08346358 
1755.1848348 686.31424206 
1755.7640994 686.48428572 
1756.6638084 686.74929153 
1757.5121649 686.99662386 
1757.9270995 687.11808312 
1758.9490309 687.41399379 
1759.8199843 687.6635236 
1760.3838446 687.82472351 
1761.0730065 688.0267894 
1762.0394774 688.30613791 
1762.6988557 688.49383491 
1763.6191098 688.75550615 
1764.8064026 689.0922543 
1764.5773658 689.02821943 
1765.5797867 689.30975575 
1766.3531711 689.52725747 
1767.0567153 689.72267128 
1768.6486768 690.16649792 
1768.4412084 690.10798151 
1769.3060036 690.34755573 
1769.8328922 690.49217991 
1770.8281264 690.76597432 
1771.5604303 690.96579575 
1772.0636959 691.10822454 
1773.082554 691.38643015 
1773.7799384 691.57410101 
1774.6221409 691.79930219 
1775.2548203 691.96709537 
1776.0662113 692.18235683 
1776.7697597 692.36670249 
1777.5616373 692.5731226 
1778.1809661 692.73317706 
1777.964252 692.67909541 
1779.569578 693.08970585 
1780.4415697 693.31045776 
1781.0937664 693.47491618 
1782.0068422 693.70338689 
1782.6919066 693.87224894 
1783.4088122 694.03997954 
1784.0127369 694.19119052 
1784.8662433 694.40199429 
1785.8327298 694.63817536 
1786.4407642 694.78495533 
1787.1669136 694.96042993 
1787.6897007 695.08402616 
1788.3881198 695.24845122 
1789.0567539 695.40404237 
1788.6079159 695.30363866 
1790.5306263 695.74169148 
1791.4190588 695.943614 
1792.1195346 696.09918167 
1792.9566139 696.28453729 
1793.7433665 696.45553913 
1794.3452503 696.54364833 
1795.3230437 696.74993253 
1795.9434085 696.88120594 
1796.8071953 697.06100698 
1797.4131816 697.18675617 
1798.1660431 697.34007149 
1798.9250679 697.49227523 
1799.4242372 697.59264264 
1800.3517069 697.77571785 
1801.1045702 697.92349854 
1801.8204587 698.06134355 
1802.5034801 698.19257107 
1803.1628789 698.31717404 
1803.9681261 698.46934433 
1804.7928888 698.62371433 
1805.4677077 698.67745019 
1806.3376634 698.83953629 
1806.9734405 698.95530135 
1807.7026844 699.08649538 
1808.5058802 699.22981189 
1809.1940406 699.3521806 
1809.7805178 699.4558055 
1810.7100489 699.61784814 
1811.3982105 699.73689616 
1811.6210927 699.77547669 
1812.8310251 699.98380709 
1813.5582176 700.10725474 
1814.4014738 700.24943598 
1815.0896368 700.36516378 
1815.9061888 700.50183016 
1816.1578402 700.49056874 
1817.4746008 700.67889272 
1818.3188863 700.81553907 
1819.0491629 700.93234347 
1819.7743044 701.04693773 
1820.5651814 701.17144683 
1821.2913506 701.28493369 
1822.0904453 701.40833003 
1822.8587268 701.52732134 
1823.6300901 701.64520348 
1824.2894982 701.74545605 
1824.9807471 701.85011339 
1825.6432371 701.94925692 
1826.6128351 702.09466935 
1827.4047425 702.21143027 
1827.8207221 702.28972409 
1828.963926 702.33758023 
1829.8677902 702.46975787 
1830.740842 702.59310196 
1831.3951176 702.68450351 
1832.2537905 702.80343047 
1832.9357989 702.89813311 
1833.6630009 702.99833782 
1834.4682647 703.10734144 
1835.2406608 703.2119414 
1835.9976505 703.31323176 
1836.7905898 703.41892406 
1837.0278553 703.4508537 
1838.2994355 703.61597432 
1839.1406511 703.72384575 
1839.707639 703.71567349 
1840.746065 703.83889843 
1841.3941821 703.91923631 
1842.2621053 704.02266056 
1842.8537313 704.09307676 
1843.8099886 704.20418585 
1844.5577393 704.28887916 
1845.403068 704.38235731 
1846.3603548 704.48571688 
1846.6500061 704.51650158 
1847.6976817 704.62533033 
1848.3591559 704.69237487 
1848.6621604 704.72314995 
1849.9738118 704.85060543 
1850.6743183 704.9176218 
1851.3697003 704.92375024 
1852.2078453 704.99398671 
1853.0881025 705.07194227 
1853.70644 705.12462767 
1854.5456127 705.1959714 
1854.951333 705.2288858 
1855.8829493 705.30459035 
1856.9203619 705.38575297 
1857.6270356 705.43948151 
1858.4035555 705.49648025 
1859.1615873 705.55127861 
1859.9432436 705.60716699 
1860.5061189 705.64550247 
1861.1973874 705.69260075 
1862.2019358 705.75829028 
1862.9065665 705.75777287 
1863.3965181 705.77402013 
1864.5253532 705.84183377 
1865.3768592 705.89103012 
1865.8246961 705.9161658 
1866.6946916 705.964242 
1867.430131 706.00356003 
1868.3329966 706.04939856 
1868.6719564 706.06686461 
1869.7627914 706.12031614 
1869.8603709 706.12467331 
1871.3343351 706.19223826 
1871.9054325 706.21728519 
1872.6860697 706.24992925 
1873.6567309 706.28907778 
1874.2083176 706.28756852 
1875.1296794 706.30571825 
1875.9914637 706.33719727 
1876.6991748 706.36214599 
1877.5003577 706.38924121 
1878.1752006 706.41089295 
1878.5398418 706.42280623 
1879.6183588 706.45523627 
1880.4452223 706.47899254 
1881.1354741 706.49731264 
1881.9839087 706.51994672 
1882.6690253 706.5371639 
1883.4681571 706.55651292 
1883.9468145 706.5683445 
1885.0777216 706.58745379 
1885.3252691 706.58616748 
1886.4469346 706.59310579 
1887.1608136 706.60698221 
1888.1674348 706.62618298 
1888.8936407 706.63783681 
1889.7821393 706.65048088 
1890.5278621 706.66101405 
1891.1955208 706.66828239 
1892.0039019 706.6754495 
1892.5544642 706.67948128 
1893.5436288 706.68098311 
1894.2462137 706.67937023 
1895.0299458 706.67548496 
1895.8167602 706.66827638 
1896.6384994 706.65661448 
1897.3513624 706.62510283 
1898.3035543 706.60670512 
1899.0749635 706.5917589 
1900.013803 706.57226439 
1900.558207 706.55969573 
1901.3213999 706.54254195 
1901.9469518 706.525487 
1902.9977559 706.49705661 
1903.7475971 706.47548473 
1904.6443257 706.44716535 
1905.3684882 706.42450527 
1906.1440103 706.39848737 1910.1948279 707.8362617 
1906.8270864 706.37475 1910.8794881 707.80805342 
1907.6601314 706.3453702 1911.714471 707.77318263 
1908.4315459 706.31714181 1912.3837622 704.30824537 
1909.1659892 706.25129775 1913.1169266 704.23988737 
1909.7627832 706.22762281 
1910.8372183 706.18478675 
1911.5942536 706.15435546 
1912.1756408 706.12958502 
1913.1144887 706.09016793 
1913.9619177 706.05303046 
1914.677867 706.02152233 
1915.4174419 705.98889053 
1916.1518812 705.95515551 
1917.0403992 705.91356158 
1917.7203983 705.88097283 
1918.4794913 705.84389974 
1919.3197326 705.80234096 
1920.0973159 705.76193397 
1920.5924242 705.72394135 
1921.6607065 705.6501155 
1922.3540608 705.61419738 
1923.0607691 705.5760558 
1923.9523721 705.52892691 
1924.6508631 705.49189878 
1925.4736448 705.44814046 
1926.1567285 705.41112368 
1926.9528034 705.369599 
1927.8546798 705.32135736 
1928.1679743 705.30342277 
1929.0996396 705.25405355 
1929.4848376 705.23385432 
1930.4699179 705.18001962 
1931.2094988 705.13964335 
1932.0158532 705.06600666 
1932.4770656 705.0335762 
1933.7559255 704.9629299 
1934.4739362 704.92367701 
1935.153941 704.88555811 
1935.9705631 704.84070098 
1936.6577586 704.80257752 
1937.4476741 704.75884678 
1938.1184348 704.72184241 
1938.7306452 704.68820056 
1939.6407437 704.63774385 
1940.3690282 704.59737861 
1940.8189418 704.57160058 
1941.8995562 704.51216878 
1942.5384747 704.47740225 
1943.1404158 704.43601893 
1943.9560168 704.3723444 
1944.8589267 704.32300203 
1945.5707773 704.28375712 
1946.261057 704.24563457 
1946.9924249 704.20526943 
1947.8378126 704.15818255 
