-240.98610815,-53.124150908,0,-105.19819817,-19.433274983,0,134.12620877,39.218275269,0,353.28840839,92.753374781,0,448.08093065,115.85839048,0,
-238.24420643,-55.453468942,0,-101.7683645,-22.430014578,0,136.88079828,36.209522613,0,356.04218151,89.744848408,0,450.16025897,112.83757739,0,
-234.82068606,-58.110466211,0,-98.345730226,-25.086849291,0,140.30368809,33.552979596,0,359.4653173,87.087477327,0,453.58969405,109.84153885,0,
-230.72891958,-60.415339368,0,-94.241448587,-28.071328759,0,143.05210155,30.884131572,0,363.57019464,84.103682557,0,458.36202358,107.20907206,0,
476.01607439,119.46042333,0,515.97677023,129.25358314,0,547.73042492,137.28988913,0,
477.58094887,117.51201626,0,517.43185072,126.8647056,0,549.18655769,134.82795768,0,
479.03188051,115.34122727,0,519.00500468,124.4767817,0,550.88297337,132.07675477,0,
480.4900334,112.80618322,0,520.46215472,121.94065457,0,538.63060331,126.14623586,0,
474.3228035,122.06553024,0,514.28657337,131.63944764,0,546.15415261,139.89701123,0,
587.54892176,149.9329913,0,678.56916189,172.58740371,0,737.08629344,189.79761826,0,810.34533985,214.89319414,0,896.18339443,250.06785897,0,951.70050936,276.55330086,0,1035.2632601,320.09758962,0,1063.350668,334.79172846,0,1154.6191699,383.46667818,0,1249.389479,434.437798,0,1324.5190332,474.02065434,0,1416.4853128,523.36607858,0,1492.3147321,563.48738428,0,1592.7056409,617.32062504,0,1654.5022082,649.43830485,0,1708.6463312,673.5360697,0,1777.7117346,695.53553094,0,1812.3114549,702.7275123,0,1861.1174547,708.20347355,0,1910.7088658,709.35775325,0,1969.6107212,705.02982465,0,2000.8704417,700.86246173,0,2053.4638429,692.61077437,0,2114.5879902,682.93576961,0,
2106.1279885,680.41897162,0,2047.1272949,690.26333899,0,1995.2531896,697.87035115,0,1963.2909809,701.76260466,0,1912.1886527,705.83714739,0,1865.4269671,704.99628866,0,1821.5601734,700.79191406,0,1790.4811124,694.84591965,0,1755.2165166,685.14605632,0,1716.4492899,673.15006088,0,1661.5942577,649.17115447,0,1599.0888706,617.04059737,0,1538.7106555,584.81690745,0,1499.4043195,563.35257727,0,1423.5767973,523.09928464,0,1331.6092589,473.88532511,0,1256.4795339,434.30223877,0,1164.5101859,385.21998967,0,1070.4403099,334.65560903,0,1042.3528406,319.96138679,0,959.50153252,276.29979905,0,903.98635488,249.68242795,0,816.73626572,214.21909907,0,743.4905079,188.33614806,0,684.98255347,170.59988501,0,591.14691585,146.84392201,0,
595.44923199,144.0307413,0,692.10029511,168.88829305,0,751.31170196,186.89954384,0,825.25167334,213.58346633,0,911.79140529,249.16637816,0,968.01214847,275.92706023,0,1050.1540822,319.70817912,0,1078.2385216,334.53313785,0,1174.4219334,385.79312182,0,1264.9867941,434.19296063,0,1338.6964023,473.88176893,0,1432.0814155,523.12126824,0,1506.4939255,563.21668539,0,1546.5162651,584.30076643,0,1606.1787122,616.90612737,0,1669.4001935,648.65544329,0,1725.6769324,672.39648518,0,1764.4432614,684.39264407,0,1803.9592746,694.16802164,0,1831.5228622,698.47386205,0,1869.7364884,701.78911223,0,1913.6663624,702.44718475,0,1959.0840649,699.1914343,0,1988.9167786,695.5230883,0,2040.7970004,687.52178149,0,2096.2389785,678.53305529,0,
577.39218823,163.15186901,0,608.44618861,170.40929599,0,641.61138283,178.49368509,0,
585.21374976,153.72458353,0,616.4844566,161.26968568,0,651.35002686,169.67311483,0,
580.8024508,158.2484386,0,613.15838982,165.65482397,0,646.57927336,174.03234349,0,
583.36744815,156.07295947,0,615.35993364,163.6304085,0,648.78496692,171.84963226,0,
579.31034451,160.92075262,0,610.5892429,167.98970506,0,644.36944254,176.53280838,0,
669.46031013,186.62831214,0,691.15851184,190.6678314,0,736.61537601,205.31905859,0,783.51024756,220.76430333,0,864.94287147,252.77788837,0,920.38266323,277.40715588,0,1003.0894283,319.43675699,0,1123.8497735,384.4390771,0,1234.5591871,443.30538477,0,1294.2192756,475.50627017,0,1385.519283,524.03183789,0,1463.8678788,566.36848926,0,1563.0779272,619.07221775,0,1623.4668025,651.09394249,0,1673.8057064,676.97875445,0,1707.6810971,690.07841563,0,1735.8315081,698.65387212,0,1780.6189904,710.22041536,0,1840.6666294,720.71472747,0,1902.308134,723.16850098,0,1971.3047925,720.18189439,0,2019.3198989,713.55112339,0,2073.8983118,705.11705948,0,2130.6599328,696.33764057,0,
2124.9078462,693.35191282,0,2068.1525842,701.74730908,0,2014.2953525,710.38585955,0,1967.7421394,716.46660619,0,1903.092467,719.91631174,0,1847.9794763,717.58055938,0,1787.1899088,708.03210144,0,1743.1201958,696.86342273,0,1716.4209993,688.31328094,0,1686.1596917,676.04752514,0,1632.1825952,650.67476077,0,1571.0643064,618.83057238,0,1472.5842316,565.94868725,0,1393.5062201,523.79067245,0,1300.7621289,474.85435839,0,1239.6549849,442.43555673,0,1130.3922685,383.78779542,0,1006.7514654,317.58046101,0,925.48208032,276.34622282,0,870.77126525,251.53663374,0,787.89072912,219.30538073,0,742.45386325,203.50178043,0,696.27098858,188.83805911,0,676.77634105,183.30001867,0,
681.89189533,181.27867954,0,702.83430134,187.03418459,0,793.72518557,217.68086885,0,877.32047922,250.50158748,0,932.02417217,275.69550608,0,1008.9749661,314.93084683,0,1137.6566676,383.34169598,0,1247.6487912,441.81081289,0,1307.3122424,473.8193917,0,1400.7712345,523.344289,0,1479.8556585,565.11837764,0,1579.0548487,618.39852613,0,1640.1733035,650.24182626,0,1696.3300707,675.46244909,0,1723.6930367,687.4837657,0,1751.1278164,695.47099807,0,1795.9331874,706.07574807,0,1853.8316337,714.99552094,0,1905.3261381,716.68965759,0,1965.6340333,712.58536288,0,2010.0074358,706.65769692,0,2063.864588,698.01903802,0,2120.6197659,689.62352693,0,
2115.5856735,687.03484184,0,2058.115759,694.84084924,0,2004.2618379,703.28811845,0,1963.5259278,708.70412151,0,1909.7509126,712.7340618,0,1861.8728102,711.68040033,0,1805.4016528,704.1321635,0,1759.8678634,693.7060359,0,1733.8801534,685.93675705,0,1705.7784739,674.67096903,0,1648.8891515,649.82160284,0,1588.4925038,618.18336922,0,1487.1239941,564.47962716,0,1409.484301,523.1168883,0,1316.0312625,473.20745695,0,1257.0926658,441.21231814,0,1147.0981318,382.93540032,0,1014.1045263,312.14073149,0,939.29328435,275.05726498,0,885.31751176,249.68409016,0,801.73234362,216.2873793,0,710.12253108,185.24382732,0,686.29186413,178.66703059,0,
601.31830756,141.78685057,0,698.12774587,166.00561681,0,758.73449294,185.73137256,0,835.17177689,213.04363147,0,919.44141032,248.76013704,0,975.5626335,275.89974699,0,1057.5127333,319.64479802,0,1086.2780781,334.38053983,0,1184.7846223,385.72590849,0,1274.6443305,433.64857267,0,1346.5076579,473.37047071,0,1440.6856563,523.29376088,0,1514.0005319,563.04169436,0,1554.2684659,583.9408041,0,1613.918715,616.71909394,0,1677.2205187,648.21724667,0,1734.8583719,671.73487623,0,1772.3820062,683.74655337,0,1815.7571613,693.17373096,0,1841.0972649,696.51153186,0,1873.7059127,699.21103969,0,1914.3334657,699.9412851,0,1954.2997976,697.00927263,0,1982.6686989,693.29203239,0,2034.335118,685.3814982,0,2089.6495822,676.38493385,0,
-254.07151992,-40.126704262,0,-213.46955059,-29.270101797,0,
-252.05742159,-42.470379551,0,-212.54966366,-32.15341624,0,
-250.98049643,-45.331812778,0,-211.39264847,-35.106852767,0,
-249.74754458,-48.134815021,0,-210.31261668,-38.154274197,0,
-247.72315461,-50.997749342,0,-208.28305265,-41.332722258,0,
-188.0594326,-24.140765274,0,20.797756843,26.484723866,0,329.05741592,101.3979477,0,437.38579352,128.25594259,0,536.77789097,153.07850461,0,
-184.64201358,-27.026870321,0,30.918844492,25.058050145,0,332.47643966,98.378515667,0,444.16218913,125.69826909,0,536.84705011,149.19459852,0,
-177.05899765,-29.274017762,0,42.963734041,24.246337599,0,340.06058103,96.054172933,0,451.7403984,123.723003,0,543.31461592,146.64865749,0,
-168.0460175,-31.491266583,0,56.430456357,23.862141029,0,349.06353352,94.461934045,0,460.74262371,122.13114792,0,544.49566863,143.29030403,0,
