346.91975446418 95.688255468849 0
348.6599041149 96.27375516016 0
349.32634660229 94.624322006945 0
347.90446235565 94.043920902535 0
346.91975446418 95.688255468849 0
345.09502654802 99.866860878654 0
347.15137808444 100.56817429513 0
347.81163259363 99.249781697523 0
345.90616344754 98.994434741791 0
345.09502654802 99.866860878654 0
343.58547691256 104.1601761817 0
345.48475667695 104.7487765844 0
346.14707298996 103.31966762431 0
344.08659751108 102.83978700265 0
343.58547691256 104.1601761817 0
533.42378272023 151.10442203097 0
534.94941923302 151.83868017187 0
535.83254827047 150.26429864904 0
534.13544912357 149.52804869739 0
533.42378272023 151.10442203097 0
535.69830869883 147.51546634547 0
537.22394654341 148.24972585775 0
538.10707664629 146.67534506507 0
536.40997600928 145.93909358978 0
535.69830869883 147.51546634547 0
537.96767375991 144.24205167126 0
539.49331300566 144.97520541865 0
540.37644404918 143.40193249006 0
538.67934195977 142.66567949764 0
537.96767375991 144.24205167126 0
467.88424568949 134.62118106009 0
469.40985623375 135.35429355549 0
470.29296148336 133.78099657455 0
468.59589178814 133.04368235078 0
467.88424568949 134.62118106009 0
470.15871277545 131.03106013779 0
471.68432453228 131.76528112171 0
472.56743084081 130.19198486302 0
470.87138637528 129.45466777217 0
470.15871277545 131.03106013779 0
472.18470651237 127.59626858169 0
473.71134626493 128.32938228501 0
474.59445353085 126.75608666567 0
472.89738092618 126.01987672318 0
472.18470651237 127.59626858169 0
465.8520678333 138.37151638977 0
467.37870374648 139.10573343933 0
468.2618080196 137.5324358209 0
466.56473970506 136.79512294754 0
465.8520678333 138.37151638977 0
406.49664253602 119.47361177439 0
408.0232555801 120.20779430773 0
408.90633884212 118.63447638741 0
407.20929626562 117.8972018999 0
406.49664253602 119.47361177439 0
408.77724218182 115.56900328491 0
410.3028298784 116.30318855168 0
411.1859142133 114.72987134242 0
409.48887013597 113.99259535735 0
408.77724218182 115.56900328491 0
410.80111921998 112.29137916537 0
412.32670808211 113.02556562982 0
413.20979345171 111.45114192273 0
411.51274797181 110.71497174073 0
410.80111921998 112.29137916537 0
536.87642590003 153.39723034203 0
540.97809578385 154.26432301663 0
548.52238230547 144.33796840953 0
544.42070065299 143.46975649614 0
536.87642590003 153.39723034203 0
441.99593921192 113.31346801249 0
443.52154094586 114.04767263308 0
444.40463785874 112.47325945692 0
442.70757789304 111.73706907406 0
441.99593921192 113.31346801249 0
428.07433877932 109.50475147413 0
429.59993509157 110.23894800246 0
430.48302704329 108.66453007283 0
428.78597317869 107.92834869726 0
428.07433877932 109.50475147413 0
430.64644336607 106.7035809136 0
432.17204103293 107.43777895812 0
433.05513400212 105.86446898896 0
431.35807872005 105.1271787961 0
430.64644336607 106.7035809136 0
432.99785439949 103.42442754796 0
434.52448016126 104.15751847904 0
435.40757419821 102.58420925681 0
433.71051735105 101.84802464861 0
432.99785439949 103.42442754796 0
417.56639159191 107.18060592562 0
419.09198377188 107.91479635425 0
419.97507185396 106.34148198366 0
418.27802274562 105.60420026444 0
417.56639159191 107.18060592562 0
332.8521349621 86.561580596026 0
334.37769437814 87.29572224943 0
335.26075239154 85.722379275132 0
333.56374017475 84.985151834786 0
332.8521349621 86.561580596026 0
335.4262151327 83.641850741114 0
336.95280255144 84.37599247694 0
337.83483501757 82.802651728503 0
336.13884795923 82.065421214327 0
335.4262151327 83.641850741114 0
338.23439663276 80.489303596318 0
339.75995884929 81.223448374774 0
340.64301918866 79.650107103866 0
338.94600382727 78.912876189686 0
338.23439663276 80.489303596318 0
-214.07720494317 -30.159280683845 0
-212.55081512732 -29.426545718219 0
-211.66794234561 -31.000063254032 0
-213.36473350646 -31.735852007754 0
-214.07720494317 -30.159280683845 0
-212.87502184184 -33.162609802093 0
-211.34863130143 -32.429874193855 0
-210.46575794462 -34.00339141069 0
-212.16254991852 -34.73918087827 0
-212.87502184184 -33.162609802093 0
-211.80218441039 -36.037307646591 0
-210.27681976743 -35.303462714888 0
-209.39394588536 -36.876979649998 0
-211.09073855355 -37.613876886666 0
-211.80218441039 -36.037307646591 0
-210.7231690851 -39.306154281367 0
-209.1978037362 -38.572308768518 0
-208.31492930045 -40.145825425629 0
-210.01172276307 -40.882723306771 0
-210.7231690851 -39.306154281367 0
-243.92667579837 -38.154376119375 0
-242.40132221719 -37.420547777787 0
-241.518458948 -38.994074357208 0
-243.21523914253 -39.730953133665 0
-243.92667579837 -38.154376119375 0
-242.08295412455 -40.875307166018 0
-240.55657307012 -40.142586615402 0
-239.67370902793 -41.71611268213 0
-241.37049030187 -42.451885400806 0
-242.08295412455 -40.875307166018 0
-240.2402630141 -43.468915182166 0
-238.71388110612 -42.735086531378 0
-237.83101625089 -44.309719216544 0
-239.5277985367 -45.045493009035 0
-240.2402630141 -43.468915182166 0
-238.16658967175 -46.442634145264 0
-236.64020669321 -45.709911538754 0
-235.75734102074 -47.28343651304 0
-237.45412445767 -48.019211515319 0
-238.16658967175 -46.442634145264 0
-256.70856314944 -41.033688561991 0
-253.85492578195 -40.179083256517 0
-246.21010932699 -50.488651421387 0
-249.06478037033 -51.343262533657 0
-256.70856314944 -41.033688561991 0
481.41621678136 123.01049798727 0
482.94286088413 123.74361714348 0
483.82597187301 122.17032459704 0
482.12889438588 121.43410859583 0
481.41621678136 123.01049798727 0
482.76964466833 120.4944149605 0
484.29526288528 121.22753628436 0
485.17837452702 119.654244164 0
483.48129621986 118.91692012921 0
482.76964466833 120.4944149605 0
483.98236663966 118.50440577697 0
485.50798556767 119.23752782401 0
486.39109777892 117.66423608828 0
484.6940185749 116.92801838042 0
483.98236663966 118.50440577697 0
485.59657963365 115.9924084451 0
487.12219938915 116.72663858999 0
488.00531235011 115.15334736928 0
486.30823220359 114.41602145787 0
485.59657963365 115.9924084451 0
542.49918801896 138.07830484957 0
544.02482970851 138.812568455 0
544.90796282236 137.23929699603 0
543.21085797809 136.50193384243 0
542.49918801896 138.07830484957 0
544.24176792149 135.67578411987 0
545.76843742607 136.40894031292 0
546.65157133713 134.83566941973 0
544.95446538692 134.09830509918 0
544.24176792149 135.67578411987 0
545.7276888527 133.05549226282 0
547.25333242351 133.78975781659 0
548.13646715274 132.21538026538 0
546.43936009426 131.47912207851 0
545.7276888527 133.05549226282 0
547.21258425713 130.43520253384 0
548.73925544927 131.16946765641 0
549.62239078851 129.5961977113 0
547.92528282758 128.85883139586 0
547.21258425713 130.43520253384 0
594.6323394035 150.45203822898 0
596.15800234862 151.18522567581 0
597.04115453037 149.61197236786 0
595.34402578138 148.87568187807 0
594.6323394035 150.45203822898 0
596.3452743995 147.0852798149 0
597.87093830807 147.81957544014 0
598.75409133965 146.24632267747 0
597.05696149403 145.50892389519 0
596.3452743995 147.0852798149 0
598.1927605439 143.2500343062 0
599.7194524873 143.98322262196 0
600.60157970153 142.40997175453 0
598.90547516197 141.67367753899 0
598.1927605439 143.2500343062 0
669.81633429974 169.35109011177 0
671.34202796035 170.08542979602 0
672.22520784149 168.5122029339 0
670.52804451203 167.77475511935 0
669.81633429974 169.35109011177 0
671.27572416142 165.88616451342 0
672.80244557513 166.62050382374 0
673.68562633405 165.04617029428 0
671.98846177943 164.30982860457 0
671.27572416142 165.88616451342 0
672.98871581722 162.52056545811 0
674.51441166922 163.25379997538 0
675.39759316714 161.68057412934 0
673.70042751124 160.94312413502 0
672.98871581722 162.52056545811 0
1300.0001974669 460.18566252245 0
1301.5261559077 460.92039914383 0
1302.4085448505 459.34630108345 0
1300.7121104533 458.60951758688 0
1300.0001974669 460.18566252245 0
1303.1430361602 457.87863321183 0
1304.6689963806 458.61337192124 0
1305.5513867633 457.03927502735 0
1303.8549503717 456.30248921085 0
1303.1430361602 457.87863321183 0
1306.8497646549 455.00752568292 0
1308.3757271571 455.74115972919 0
1309.2591462107 454.16706320224 0
1307.5616804808 453.43027565442 0
1306.8497646549 455.00752568292 0
1355.6391581851 489.86784258485 0
1357.1651413771 490.60150871286 0
1358.0485788062 489.02743137022 0
1356.3510898026 488.29060810851 0
1355.6391581851 489.86784258485 0
1358.8929752549 487.56189035904 0
1360.4189601266 488.29666579049 0
1361.3023990546 486.72258966742 0
1359.6049079774 485.98576398659 0
1358.8929752549 487.56189035904 0
1362.3727705819 485.00551516656 0
1363.8987576067 485.73918579891 0
1364.7821979751 484.16621810663 0
1363.0847046706 483.42938983673 0
1362.3727705819 485.00551516656 0
1441.5690270406 535.67948646797 0
1443.0950486911 536.41320966231 0
1443.9785194732 534.84027328854 0
1442.280987238 534.10338650784 0
1441.5690270406 535.67948646797 0
1444.6093994859 532.92325362843 0
1446.1354229413 533.65697888052 0
1447.0178681612 532.08404459525 0
1445.3213609084 531.34715458099 0
1444.6093994859 532.92325362843 0
1447.75759234 530.29756650282 0
1449.2836176455 531.03129388578 0
1450.1670915312 529.45725271339 0
1448.469555194 528.72036127839 0
1447.75759234 530.29756650282 0
784.00281956838 204.90628031595 0
785.52856047312 205.63958231872 0
786.41178259533 204.06639628997 0
784.71456624242 203.32887118775 0
784.00281956838 204.90628031595 0
785.92530642543 202.03096708702 0
787.45207528118 202.76426905766 0
788.33427152038 201.19108490786 0
786.63808067748 200.45355723752 0
785.92530642543 202.03096708702 0
788.62816171208 199.16911168024 0
790.15390526783 199.90241656685 0
791.03712952882 198.32923210645 0
789.33991008392 197.59281093162 0
788.62816171208 199.16911168024 0
537.03555535432 153.52655791165 0
540.97706853459 154.26986000547 0
557.77439821232 131.79327790532 0
553.66048027622 129.89322046703 0
537.03555535432 153.52655791165 0
577.27615472162 163.28155229939 0
595.06363684218 139.38238933776 0
591.59223535378 139.31928873295 0
573.72581318812 162.25758757442 0
577.27615472162 163.28155229939 0
545.47960935766 139.74177991552 0
546.91697560623 140.24809059687 0
553.46539304033 129.98647174332 0
552.1193740163 129.77010761341 0
545.47960935766 139.74177991552 0
577.28028035071 163.09001332801 0
578.33573217737 163.3975482313 0
585.64187988034 153.91778326174 0
584.29998515407 153.41243573697 0
577.28028035071 163.09001332801 0
1410.2834099159 535.91896071751 0
1411.8094158024 536.65266295895 0
1412.6928735357 535.07860733103 0
1410.9953589989 534.34174386086 0
1410.2834099159 535.91896071751 0
1413.4706022199 533.16808427684 0
1414.9966099807 533.90178866591 0
1415.879042217 532.3277351954 0
1414.1825525756 531.59086837573 0
1413.4706022199 533.16808427684 0
1416.9289152613 530.49556483189 0
1418.4549250235 531.22927155113 0
1419.3373587029 529.65632650815 0
1417.6408668165 528.91945709987 0
1416.9289152613 530.49556483189 0
1173.3978348747 410.21744663222 0
1174.9237367171 410.95099359751 0
1175.8071030146 409.3779529999 0
1174.1097054658 408.64126236131 0
1173.3978348747 410.21744663222 0
1176.0815626029 407.39147908567 0
1177.607466022 408.12502781069 0
1178.490833587 406.55198818259 0
1176.7934344197 405.81418845849 0
1176.0815626029 407.39147908567 0
1179.8651449392 404.43373227911 0
1181.3910504794 405.16728348099 0
1182.2744199215 403.59313810617 0
1180.577018219 402.85644275742 0
1179.8651449392 404.43373227911 0
1056.0150698936 347.13977313787 0
1057.5409219679 347.87324488768 0
1058.4242440807 346.30015963688 0
1056.7269025091 345.56355271954 0
1056.0150698936 347.13977313787 0
1058.4820262566 344.15780162206 0
1060.007879653 344.8923820979 0
1060.8912030784 343.31819058908 0
1059.193859865 342.58158189757 0
1058.4820262566 344.15780162206 0
1061.1687382925 341.18002212001 0
1062.6945932563 341.9146043323 0
1063.5768910586 340.34041489288 0
1061.8805729686 339.60380315501 0
1061.1687382925 341.18002212001 0
1025.3586956095 331.00596325938 0
1026.8845347054 331.74052268639 0
1027.7678455105 330.16631876025 0
1026.0705183796 329.42973349616 0
1025.3586956095 331.00596325938 0
1027.3923217133 327.71444073226 0
1028.9181622327 328.44789434457 0
1029.8014739067 326.87479825271 0
1028.1041453374 326.13821152644 0
1027.3923217133 327.71444073226 0
1030.0821019155 324.58605284756 0
1031.6079440145 325.31950819446 0
1032.4902302185 323.74530704925 0
1030.7939267559 323.00871726777 0
1030.0821019155 324.58605284756 0
847.47037069825 245.12152921595 0
848.99613625929 245.8548701955 0
849.87938097026 244.28170744237 0
848.18316368014 243.54413774144 0
847.47037069825 245.12152921595 0
833.55251075607 239.78606534796 0
835.07827040553 240.52050485695 0
835.9615100692 238.9462298993 0
834.26427234197 238.20977810863 0
833.55251075607 239.78606534796 0
678.31511817547 186.58738993108 0
679.84081384679 187.32173464913 0
680.7239961219 185.74740387499 0
679.02683039615 185.01105757989 0
678.31511817547 186.58738993108 0
682.43063908489 184.22962113982 0
683.95633679954 184.96396836638 0
684.83952068118 183.39074613433 0
683.14235277381 182.65328991739 0
682.43063908489 184.22962113982 0
686.55339639587 181.46774728689 0
688.07909631636 182.20098990016 0
688.96228194842 180.6277690772 0
687.26511169644 179.8903100621 0
686.55339639587 181.46774728689 0
637.69549427833 177.06820273399 0
639.22117312904 177.80252298294 0
640.10434034001 176.22817787295 0
638.40719354479 175.49185880786 0
637.69549427833 177.06820273399 0
640.12911982648 174.87744692573 0
641.65480006626 175.61066152202 0
642.53796822624 174.03742436226 0
640.84081999306 173.30110365152 0
640.12911982648 174.87744692573 0
642.56688023917 172.43869087473 0
644.0935885408 173.17190566519 0
644.97675777692 171.59866932267 0
643.27960818727 170.86123983096 0
642.56688023917 172.43869087473 0
645.00153785152 170.24683123548 0
646.52722056955 170.98115592869 0
647.41039086226 169.40792040387 0
645.7132398379 168.67048926651 0
645.00153785152 170.24683123548 0
582.36869370891 163.90940617677 0
583.89434990706 164.64369334141 0
584.77749675512 163.06932884688 0
583.08037544833 162.33304659696 0
582.36869370891 163.90940617677 0
584.3320755926 161.21324054524 0
585.85773290694 161.94752889872 0
586.74088054895 160.37427217793 0
585.04375810223 159.63688147394 0
584.3320755926 161.21324054524 0
586.76565502957 159.02243338991 0
588.29234034941 159.75672189752 0
589.17548915045 158.18235885538 0
587.47836517124 157.44607365225 0
586.76565502957 159.02243338991 0
