2050.000000,752.000000,0.000000,-115.941499
2049.000000,752.000000,0.000000,-116.072017
2049.000000,752.000000,0.000000,-116.199132
2048.000000,751.000000,0.000000,-116.326853
2048.000000,751.000000,0.000000,-116.439907
2047.000000,751.000000,0.000000,-116.544773
2046.000000,751.000000,0.000000,-116.683482
2046.000000,751.000000,0.000000,-116.812295
2045.000000,751.000000,0.000000,-116.940839
2044.000000,750.000000,0.000000,-117.027542
2044.000000,750.000000,0.000000,-117.107014
2043.000000,750.000000,0.000000,-117.183545
2043.000000,750.000000,0.000000,-117.261426
2042.000000,750.000000,0.000000,-117.344947
2041.000000,749.000000,0.000000,-117.438396
2041.000000,749.000000,0.000000,-117.495139
2040.000000,749.000000,0.000000,-117.552836
2039.000000,749.000000,0.000000,-117.594664
2039.000000,749.000000,0.000000,-117.630149
2039.000000,749.000000,0.000000,-117.655336
2037.000000,748.000000,0.000000,-117.769657
2037.000000,748.000000,0.000000,-117.824265
2036.000000,748.000000,0.000000,-117.876626
2035.000000,748.000000,0.000000,-117.939820
2035.000000,747.000000,0.000000,-118.003284
2034.000000,747.000000,0.000000,-118.055805
2033.000000,747.000000,0.000000,-118.121861
2033.000000,747.000000,0.000000,-118.180884
2032.000000,747.000000,0.000000,-118.249490
2032.000000,746.000000,0.000000,-118.302483
2031.000000,746.000000,0.000000,-118.360381
2030.000000,746.000000,0.000000,-118.419146
2029.000000,746.000000,0.000000,-118.481086
2029.000000,746.000000,0.000000,-118.531215
2028.000000,745.000000,0.000000,-118.574741
2028.000000,745.000000,0.000000,-118.629942
2027.000000,745.000000,0.000000,-118.657146
2026.000000,745.000000,0.000000,-118.740715
2026.000000,745.000000,0.000000,-118.803921
2025.000000,744.000000,0.000000,-118.870463
2025.000000,744.000000,0.000000,-118.928098
2025.000000,744.000000,0.000000,-118.943373
2023.000000,744.000000,0.000000,-119.044383
2023.000000,744.000000,0.000000,-119.102834
2022.000000,743.000000,0.000000,-119.159572
2021.000000,743.000000,0.000000,-119.221855
2021.000000,743.000000,0.000000,-119.267172
2020.000000,743.000000,0.000000,-119.334227
2019.000000,743.000000,0.000000,-119.402408
2019.000000,742.000000,0.000000,-119.449678
2019.000000,742.000000,0.000000,-119.462407
2018.000000,742.000000,0.000000,-119.582355
2017.000000,742.000000,0.000000,-119.650109
2016.000000,741.000000,0.000000,-119.702214
2016.000000,741.000000,0.000000,-119.746683
2015.000000,741.000000,0.000000,-119.813699
2014.000000,741.000000,0.000000,-119.886806
2014.000000,741.000000,0.000000,-119.871741
2013.000000,740.000000,0.000000,-120.073132
2012.000000,740.000000,0.000000,-120.197286
2012.000000,740.000000,0.000000,-120.303541
2011.000000,740.000000,0.000000,-120.456645
2011.000000,740.000000,0.000000,-120.587975
2010.000000,739.000000,0.000000,-120.687752
2009.000000,739.000000,0.000000,-120.795414
2009.000000,739.000000,0.000000,-120.861458
2008.000000,739.000000,0.000000,-121.017804
2008.000000,738.000000,0.000000,-121.149556
2007.000000,738.000000,0.000000,-121.218637
2006.000000,738.000000,0.000000,-121.313467
2006.000000,738.000000,0.000000,-121.414160
2005.000000,738.000000,0.000000,-121.498523
2004.000000,737.000000,0.000000,-121.578061
2004.000000,737.000000,0.000000,-121.657047
2003.000000,737.000000,0.000000,-121.705689
2003.000000,737.000000,0.000000,-121.769909
2002.000000,736.000000,0.000000,-121.805842
2002.000000,736.000000,0.000000,-121.830177
2001.000000,736.000000,0.000000,-121.899187
2001.000000,736.000000,0.000000,-121.909149
2000.000000,736.000000,0.000000,-121.976731
1999.000000,735.000000,0.000000,-122.014314
1998.000000,735.000000,0.000000,-122.058202
1998.000000,735.000000,0.000000,-122.092438
1997.000000,735.000000,0.000000,-122.120909
1996.000000,734.000000,0.000000,-122.169380
1996.000000,734.000000,0.000000,-122.218002
1995.000000,734.000000,0.000000,-122.260321
1995.000000,734.000000,0.000000,-122.305367
1994.000000,733.000000,0.000000,-122.342999
1993.000000,733.000000,0.000000,-122.389133
1993.000000,733.000000,0.000000,-122.436752
1992.000000,733.000000,0.000000,-122.489777
1992.000000,732.000000,0.000000,-122.524935
1991.000000,732.000000,0.000000,-122.564901
1990.000000,732.000000,0.000000,-122.602363
1990.000000,732.000000,0.000000,-122.646710
1989.000000,731.000000,0.000000,-122.696140
1988.000000,731.000000,0.000000,-122.749437
1988.000000,731.000000,0.000000,-122.800396
1987.000000,731.000000,0.000000,-122.847824
1986.000000,730.000000,0.000000,-122.890523
1986.000000,730.000000,0.000000,-122.927299
1985.000000,730.000000,0.000000,-122.956957
1985.000000,730.000000,0.000000,-122.979055
1985.000000,730.000000,0.000000,-123.000310
1984.000000,730.000000,0.000000,-123.023235
1984.000000,729.000000,0.000000,-123.047863
1983.000000,729.000000,0.000000,-123.074227
1982.000000,729.000000,0.000000,-123.102357
1982.000000,729.000000,0.000000,-123.132288
1981.000000,728.000000,0.000000,-123.164050
1980.000000,728.000000,0.000000,-123.197677
1980.000000,728.000000,0.000000,-123.233200
1979.000000,727.000000,0.000000,-123.270629
1978.000000,727.000000,0.000000,-123.304527
1978.000000,727.000000,0.000000,-123.333189
1977.000000,727.000000,0.000000,-123.361139
1977.000000,727.000000,0.000000,-123.392243
1976.000000,726.000000,0.000000,-123.426020
1975.000000,726.000000,0.000000,-123.459736
1975.000000,726.000000,0.000000,-123.495359
1974.000000,726.000000,0.000000,-123.537371
1974.000000,725.000000,0.000000,-123.570844
1973.000000,725.000000,0.000000,-123.637629
1972.000000,725.000000,0.000000,-123.699237
1972.000000,725.000000,0.000000,-123.766260
1971.000000,724.000000,0.000000,-123.830675
1971.000000,724.000000,0.000000,-123.904845
1971.000000,724.000000,0.000000,-123.822514
1969.000000,724.000000,0.000000,-124.029773
1969.000000,723.000000,0.000000,-124.108713
1968.000000,723.000000,0.000000,-124.174238
1968.000000,723.000000,0.000000,-124.262692
1967.000000,723.000000,0.000000,-124.340669
1966.000000,722.000000,0.000000,-124.432342
1966.000000,722.000000,0.000000,-124.505346
1965.000000,722.000000,0.000000,-124.583732
1965.000000,722.000000,0.000000,-124.655982
1964.000000,721.000000,0.000000,-124.739087
1965.000000,722.000000,0.000000,-124.618634
1963.000000,721.000000,0.000000,-124.914108
1962.000000,721.000000,0.000000,-124.990688
1962.000000,720.000000,0.000000,-125.008052
1961.000000,720.000000,0.000000,-125.069417
1961.000000,720.000000,0.000000,-125.146663
1960.000000,720.000000,0.000000,-125.165553
1959.000000,719.000000,0.000000,-125.310916
1959.000000,719.000000,0.000000,-125.382813
1958.000000,719.000000,0.000000,-125.459880
1958.000000,719.000000,0.000000,-125.535472
1957.000000,718.000000,0.000000,-125.609264
1957.000000,718.000000,0.000000,-125.664280
1956.000000,718.000000,0.000000,-125.761888
1955.000000,718.000000,0.000000,-125.844652
1955.000000,717.000000,0.000000,-125.907054
1954.000000,717.000000,0.000000,-125.980024
1953.000000,717.000000,0.000000,-126.116278
1953.000000,717.000000,0.000000,-126.159691
1953.000000,716.000000,0.000000,-126.223637
1952.000000,716.000000,0.000000,-126.294678
1951.000000,716.000000,0.000000,-126.372175
1951.000000,716.000000,0.000000,-126.421911
1950.000000,715.000000,0.000000,-126.478449
1950.000000,715.000000,0.000000,-126.542779
1949.000000,715.000000,0.000000,-126.597928
1949.000000,714.000000,0.000000,-126.651621
1948.000000,714.000000,0.000000,-126.707029
1947.000000,714.000000,0.000000,-126.760628
1947.000000,714.000000,0.000000,-126.802152
1947.000000,713.000000,0.000000,-126.826986
1946.000000,713.000000,0.000000,-126.892495
1945.000000,713.000000,0.000000,-126.936602
1945.000000,713.000000,0.000000,-126.954029
1944.000000,712.000000,0.000000,-126.984602
1943.000000,712.000000,0.000000,-127.038791
1943.000000,712.000000,0.000000,-127.080199
1942.000000,711.000000,0.000000,-127.128511
1942.000000,711.000000,0.000000,-127.167480
1941.000000,711.000000,0.000000,-127.205542
1941.000000,711.000000,0.000000,-127.251882
1940.000000,710.000000,0.000000,-127.293679
1940.000000,710.000000,0.000000,-127.335099
1939.000000,710.000000,0.000000,-127.386596
1938.000000,710.000000,0.000000,-127.427147
1938.000000,709.000000,0.000000,-127.458284
1937.000000,709.000000,0.000000,-127.501189
1937.000000,709.000000,0.000000,-127.548412
1936.000000,708.000000,0.000000,-127.515834
1936.000000,708.000000,0.000000,-127.437309
1935.000000,708.000000,0.000000,-127.465925
1934.000000,708.000000,0.000000,-127.525704
1934.000000,707.000000,0.000000,-127.550267
1933.000000,707.000000,0.000000,-127.580262
1933.000000,707.000000,0.000000,-127.617131
1932.000000,707.000000,0.000000,-127.666944
1932.000000,706.000000,0.000000,-127.705572
1931.000000,706.000000,0.000000,-127.744326
1930.000000,706.000000,0.000000,-127.795828
1930.000000,705.000000,0.000000,-127.830979
1929.000000,705.000000,0.000000,-127.874050
1929.000000,705.000000,0.000000,-127.918853
1928.000000,705.000000,0.000000,-127.958800
1928.000000,704.000000,0.000000,-127.969657
1927.000000,704.000000,0.000000,-127.831556
1926.000000,704.000000,0.000000,-127.871976
1926.000000,703.000000,0.000000,-127.909337
1925.000000,703.000000,0.000000,-127.939387
1925.000000,703.000000,0.000000,-127.974427
1924.000000,703.000000,0.000000,-128.020656
1924.000000,702.000000,0.000000,-128.058715
1923.000000,702.000000,0.000000,-128.093649
1923.000000,702.000000,0.000000,-128.133988
1922.000000,701.000000,0.000000,-128.173939
1922.000000,701.000000,0.000000,-128.210932
1921.000000,701.000000,0.000000,-128.241965
1920.000000,701.000000,0.000000,-128.283703
1920.000000,700.000000,0.000000,-128.309776
1919.000000,700.000000,0.000000,-128.353076
1919.000000,700.000000,0.000000,-128.341605
1918.000000,700.000000,0.000000,-128.320514
1918.000000,699.000000,0.000000,-128.304393
1917.000000,699.000000,0.000000,-128.307829
1917.000000,699.000000,0.000000,-128.345411
1916.000000,698.000000,0.000000,-128.411770
1915.000000,698.000000,0.000000,-128.459440
1915.000000,698.000000,0.000000,-128.490419
1914.000000,698.000000,0.000000,-128.528139
1914.000000,697.000000,0.000000,-128.557821
1913.000000,697.000000,0.000000,-128.594152
1912.000000,697.000000,0.000000,-128.627248
1912.000000,696.000000,0.000000,-128.648909
1911.000000,696.000000,0.000000,-128.672258
1911.000000,696.000000,0.000000,-128.696393
1910.000000,696.000000,0.000000,-128.645601
1910.000000,695.000000,0.000000,-128.686567
1909.000000,695.000000,0.000000,-128.714257
1908.000000,695.000000,0.000000,-128.751801
1908.000000,694.000000,0.000000,-128.779090
1907.000000,694.000000,0.000000,-128.811186
1907.000000,694.000000,0.000000,-128.834256
1906.000000,694.000000,0.000000,-128.853686
1906.000000,693.000000,0.000000,-128.895596
1905.000000,693.000000,0.000000,-128.921264
1905.000000,693.000000,0.000000,-128.959099
1904.000000,692.000000,0.000000,-128.976067
1903.000000,692.000000,0.000000,-129.001814
1903.000000,692.000000,0.000000,-129.028111
1902.000000,691.000000,0.000000,-129.033423
1902.000000,691.000000,0.000000,-129.033081
1901.000000,691.000000,0.000000,-129.047243
1901.000000,691.000000,0.000000,-129.071980
1900.000000,690.000000,0.000000,-129.084625
1900.000000,690.000000,0.000000,-129.079373
1899.000000,690.000000,0.000000,-129.053958
1898.000000,689.000000,0.000000,-129.021912
1898.000000,689.000000,1.000000,-128.991270
1897.000000,689.000000,1.000000,-128.964853
1897.000000,689.000000,1.000000,-128.949367
1896.000000,688.000000,1.000000,-128.938434
1896.000000,688.000000,1.000000,-128.925643
1895.000000,688.000000,1.000000,-128.878435
1894.000000,687.000000,1.000000,-128.851283
1894.000000,687.000000,1.000000,-128.822481
1893.000000,687.000000,1.000000,-128.798379
1893.000000,686.000000,1.000000,-128.780304
1892.000000,686.000000,1.000000,-128.762031
1891.000000,686.000000,1.000000,-128.744582
1891.000000,686.000000,1.000000,-128.727593
1890.000000,685.000000,1.000000,-128.710732
1890.000000,685.000000,1.000000,-128.693692
1889.000000,685.000000,1.000000,-128.689726
1889.000000,684.000000,1.000000,-128.690212
1888.000000,684.000000,1.000000,-128.703869
1888.000000,684.000000,1.000000,-128.718917
1887.000000,683.000000,1.000000,-128.753215
1886.000000,683.000000,1.000000,-128.781030
1886.000000,683.000000,1.000000,-128.802341
1885.000000,682.000000,1.000000,-128.822920
1884.000000,682.000000,1.000000,-128.604355
1884.000000,682.000000,1.000000,-128.632344
1883.000000,681.000000,1.000000,-128.662742
1883.000000,681.000000,1.000000,-128.697181
1882.000000,681.000000,1.000000,-128.741488
1881.000000,681.000000,1.000000,-128.781009
1881.000000,680.000000,1.000000,-128.828807
1880.000000,680.000000,1.000000,-128.892653
1879.000000,680.000000,1.000000,-128.957256
1879.000000,679.000000,1.000000,-129.004659
1878.000000,679.000000,1.000000,-129.056305
1878.000000,679.000000,1.000000,-129.093954
1877.000000,678.000000,1.000000,-129.167619
1876.000000,678.000000,1.000000,-129.214500
1876.000000,678.000000,1.000000,-129.374548
1875.000000,677.000000,1.000000,-128.540121
1875.000000,677.000000,1.000000,-128.568839
1874.000000,677.000000,1.000000,-128.592174
1873.000000,676.000000,1.000000,-128.609837
1873.000000,676.000000,1.000000,-128.634851
1872.000000,676.000000,1.000000,-128.655362
1871.000000,675.000000,1.000000,-128.674281
1871.000000,675.000000,1.000000,-128.696114
1870.000000,675.000000,1.000000,-128.707728
1870.000000,674.000000,1.000000,-128.736538
1870.000000,674.000000,1.000000,-128.741750
1868.000000,674.000000,1.000000,-128.768102
1868.000000,673.000000,1.000000,-128.786500
1867.000000,673.000000,1.000000,-128.801959
1867.000000,673.000000,1.000000,-128.741321
1866.000000,672.000000,1.000000,-128.023684
1865.000000,672.000000,1.000000,-128.026201
1864.000000,672.000000,1.000000,-128.025959
1864.000000,671.000000,1.000000,-128.021979
1863.000000,671.000000,1.000000,-128.016798
1863.000000,671.000000,1.000000,-128.015786
1862.000000,670.000000,1.000000,-128.016699
1861.000000,670.000000,1.000000,-128.017027
1861.000000,670.000000,1.000000,-128.013871
1860.000000,669.000000,1.000000,-128.012174
1859.000000,669.000000,1.000000,-128.005033
1860.000000,669.000000,1.000000,-128.000182
1858.000000,668.000000,1.000000,-128.000574
1857.000000,668.000000,1.000000,-128.002016
1857.000000,668.000000,1.000000,-128.172522
1856.000000,667.000000,1.000000,-127.508165
1855.000000,667.000000,1.000000,-127.493854
1855.000000,666.000000,1.000000,-127.495081
1854.000000,666.000000,1.000000,-127.500867
1853.000000,666.000000,1.000000,-127.509942
1853.000000,665.000000,1.000000,-127.521804
1852.000000,665.000000,1.000000,-127.530963
1851.000000,665.000000,1.000000,-127.542641
1851.000000,664.000000,1.000000,-127.551041
1850.000000,664.000000,1.000000,-127.576003
1850.000000,664.000000,1.000000,-127.579537
1849.000000,663.000000,1.000000,-127.592518
1848.000000,663.000000,1.000000,-127.606764
1847.000000,663.000000,1.000000,-127.621600
1847.000000,662.000000,1.000000,-127.617753
1846.000000,662.000000,1.000000,-127.601583
1845.000000,662.000000,1.000000,-127.611577
1845.000000,661.000000,1.000000,-127.618342
1844.000000,661.000000,1.000000,-127.632737
1843.000000,661.000000,1.000000,-127.643170
1843.000000,660.000000,1.000000,-127.650868
1842.000000,660.000000,1.000000,-127.664877
1841.000000,659.000000,1.000000,-127.676361
1841.000000,659.000000,1.000000,-127.695617
1840.000000,659.000000,1.000000,-127.721106
1839.000000,658.000000,1.000000,-127.749801
1839.000000,658.000000,1.000000,-127.777857
1838.000000,658.000000,1.000000,-127.797052
1837.000000,657.000000,1.000000,-127.831195
1837.000000,657.000000,1.000000,-127.832547
1836.000000,657.000000,1.000000,-127.590618
1835.000000,656.000000,1.000000,-127.613020
1835.000000,656.000000,1.000000,-127.635164
1834.000000,656.000000,1.000000,-127.664340
1833.000000,655.000000,1.000000,-127.690105
1833.000000,655.000000,1.000000,-127.710424
1832.000000,654.000000,1.000000,-127.727007
1831.000000,654.000000,1.000000,-127.742788
1831.000000,654.000000,1.000000,-127.754457
1830.000000,653.000000,1.000000,-127.768869
1830.000000,653.000000,1.000000,-127.768143
1829.000000,653.000000,1.000000,-127.804803
1828.000000,652.000000,1.000000,-127.841823
1827.000000,652.000000,1.000000,-127.848075
1827.000000,652.000000,1.000000,-127.645357
1826.000000,652.000000,1.000000,-127.259858
1826.000000,651.000000,1.000000,-126.913753
1825.000000,650.000000,1.000000,-126.814747
1824.000000,650.000000,1.000000,-126.828141
1823.000000,650.000000,1.000000,-126.844856
1823.000000,649.000000,1.000000,-126.865833
1822.000000,649.000000,1.000000,-126.885526
1821.000000,649.000000,1.000000,-126.895947
1821.000000,648.000000,1.000000,-126.904923
1820.000000,648.000000,1.000000,-126.917641
1819.000000,648.000000,1.000000,-126.919089
1819.000000,647.000000,1.000000,-126.942479
1818.000000,647.000000,1.000000,-126.955156
1817.000000,646.000000,1.000000,-126.982404
1817.000000,646.000000,1.000000,-126.809393
1816.000000,646.000000,1.000000,-125.775187
1815.000000,645.000000,1.000000,-125.780163
1814.000000,645.000000,1.000000,-125.794516
1814.000000,645.000000,1.000000,-125.801370
1813.000000,644.000000,1.000000,-125.809060
1813.000000,644.000000,1.000000,-125.812435
1812.000000,643.000000,1.000000,-125.819100
1811.000000,643.000000,1.000000,-125.828137
1811.000000,643.000000,1.000000,-125.842447
1810.000000,642.000000,1.000000,-125.848720
1809.000000,642.000000,1.000000,-125.849963
1808.000000,641.000000,1.000000,-125.851581
1808.000000,641.000000,1.000000,-125.860925
1807.000000,641.000000,1.000000,-125.863069
1806.000000,640.000000,1.000000,-125.806879
1806.000000,640.000000,1.000000,-125.181535
1805.000000,640.000000,1.000000,-125.183867
1804.000000,639.000000,1.000000,-125.182203
1804.000000,639.000000,1.000000,-125.168563
1803.000000,638.000000,1.000000,-125.143725
1802.000000,638.000000,1.000000,-125.105740
1802.000000,638.000000,1.000000,-125.066298
1801.000000,637.000000,1.000000,-125.022956
1801.000000,637.000000,1.000000,-124.988530
1800.000000,636.000000,1.000000,-124.909468
1799.000000,636.000000,1.000000,-124.899414
1798.000000,636.000000,1.000000,-124.801196
1798.000000,635.000000,1.000000,-124.725145
1797.000000,635.000000,1.000000,-124.651581
1796.000000,635.000000,1.000000,-124.556238
1796.000000,634.000000,1.000000,-124.284343
1795.000000,634.000000,1.000000,-124.196744
1794.000000,633.000000,1.000000,-124.125346
1794.000000,633.000000,1.000000,-124.043097
1793.000000,633.000000,1.000000,-123.973376
1792.000000,632.000000,1.000000,-123.901510
1792.000000,632.000000,1.000000,-123.828179
1791.000000,632.000000,1.000000,-123.766461
1790.000000,631.000000,1.000000,-123.719800
1790.000000,631.000000,1.000000,-123.651732
1789.000000,631.000000,1.000000,-123.633903
1788.000000,630.000000,1.000000,-123.594748
1788.000000,630.000000,1.000000,-123.591052
1787.000000,630.000000,1.000000,-123.591148
1786.000000,629.000000,1.000000,-123.624639
1786.000000,629.000000,1.000000,-123.690460
1785.000000,628.000000,1.000000,-123.679923
1784.000000,628.000000,1.000000,-123.670172
1784.000000,628.000000,1.000000,-123.663279
1783.000000,627.000000,1.000000,-123.649258
1782.000000,627.000000,1.000000,-123.634711
1782.000000,627.000000,1.000000,-123.619698
1781.000000,626.000000,1.000000,-123.605680
1780.000000,626.000000,1.000000,-123.587952
1780.000000,626.000000,1.000000,-123.569482
1779.000000,625.000000,1.000000,-123.555992
1779.000000,625.000000,1.000000,-123.544169
1778.000000,625.000000,1.000000,-123.526258
1777.000000,624.000000,1.000000,-123.509434
1776.000000,624.000000,1.000000,-123.510464
1776.000000,624.000000,1.000000,-123.863824
1775.000000,623.000000,1.000000,-123.848929
1774.000000,623.000000,1.000000,-123.832755
1774.000000,623.000000,1.000000,-123.821672
1773.000000,622.000000,1.000000,-123.809051
1773.000000,622.000000,1.000000,-123.795190
1772.000000,622.000000,1.000000,-123.777589
1771.000000,621.000000,1.000000,-123.764366
1771.000000,621.000000,1.000000,-123.752616
1770.000000,621.000000,1.000000,-123.750495
1770.000000,620.000000,1.000000,-123.748340
1769.000000,620.000000,1.000000,-123.745469
1768.000000,620.000000,1.000000,-123.741877
1767.000000,619.000000,1.000000,-123.743705
1767.000000,619.000000,1.000000,-123.753617
1766.000000,619.000000,1.000000,-123.953833
1766.000000,619.000000,1.000000,-123.939050
1765.000000,618.000000,1.000000,-123.862311
1764.000000,618.000000,1.000000,-123.860182
1764.000000,617.000000,1.000000,-123.879349
1763.000000,617.000000,1.000000,-123.898106
1762.000000,617.000000,1.000000,-123.923953
1762.000000,616.000000,1.000000,-123.946168
1761.000000,616.000000,1.000000,-123.966506
1760.000000,616.000000,1.000000,-123.986875
1760.000000,615.000000,1.000000,-124.005220
1759.000000,615.000000,1.000000,-124.019409
1759.000000,615.000000,1.000000,-124.055871
1758.000000,614.000000,1.000000,-124.074396
1758.000000,614.000000,1.000000,-124.010296
1757.000000,614.000000,1.000000,-124.231824
1756.000000,613.000000,1.000000,-124.256241
1756.000000,613.000000,1.000000,-124.274495
1755.000000,613.000000,1.000000,-124.290598
1754.000000,612.000000,1.000000,-124.318790
1754.000000,612.000000,1.000000,-124.332440
1753.000000,612.000000,1.000000,-124.356598
1753.000000,612.000000,1.000000,-124.375959
1752.000000,611.000000,1.000000,-124.397184
1751.000000,611.000000,1.000000,-124.417363
1750.000000,610.000000,1.000000,-124.433101
1750.000000,610.000000,1.000000,-124.445359
1749.000000,610.000000,1.000000,-124.455099
1748.000000,609.000000,1.000000,-124.463283
1748.000000,609.000000,1.000000,-124.470872
1747.000000,609.000000,1.000000,-124.478828
1747.000000,608.000000,1.000000,-124.498457
1746.000000,608.000000,1.000000,-124.513277
1745.000000,608.000000,1.000000,-124.533441
1745.000000,607.000000,1.000000,-124.553514
1744.000000,607.000000,1.000000,-124.566569
1744.000000,607.000000,1.000000,-124.584952
1743.000000,606.000000,1.000000,-124.597319
1742.000000,606.000000,1.000000,-124.612425
1742.000000,606.000000,1.000000,-124.625310
1741.000000,605.000000,1.000000,-124.640510
1741.000000,605.000000,1.000000,-124.652414
1740.000000,605.000000,1.000000,-124.666087
1739.000000,604.000000,1.000000,-124.677626
1739.000000,604.000000,1.000000,-124.657745
1738.000000,604.000000,1.000000,-124.255605
1737.000000,603.000000,1.000000,-124.265718
1737.000000,603.000000,1.000000,-124.247878
1736.000000,603.000000,1.000000,-124.219358
1735.000000,602.000000,1.000000,-124.190176
1735.000000,602.000000,1.000000,-124.159521
1734.000000,602.000000,1.000000,-124.124259
1734.000000,601.000000,1.000000,-124.091843
1733.000000,601.000000,1.000000,-124.055832
1732.000000,601.000000,1.000000,-124.026672
1732.000000,600.000000,1.000000,-124.000816
1731.000000,600.000000,1.000000,-123.966254
1731.000000,600.000000,1.000000,-123.928328
1730.000000,599.000000,1.000000,-123.901913
1729.000000,599.000000,1.000000,-123.833736
1729.000000,599.000000,1.000000,-123.390775
1728.000000,598.000000,1.000000,-123.349881
1727.000000,598.000000,1.000000,-123.317082
1727.000000,598.000000,1.000000,-123.285444
1726.000000,597.000000,1.000000,-123.255278
1726.000000,597.000000,1.000000,-123.221570
1725.000000,597.000000,1.000000,-123.181361
1724.000000,596.000000,1.000000,-123.144641
1724.000000,596.000000,1.000000,-123.123343
1723.000000,596.000000,1.000000,-123.084836
1722.000000,595.000000,1.000000,-123.043234
1722.000000,595.000000,1.000000,-123.011064
1721.000000,595.000000,1.000000,-122.979169
1721.000000,595.000000,1.000000,-122.959528
1720.000000,594.000000,1.000000,-122.952428
1719.000000,594.000000,1.000000,-122.930668
1719.000000,594.000000,1.000000,-122.904337
1718.000000,593.000000,1.000000,-122.875163
1717.000000,593.000000,1.000000,-122.837377
1717.000000,593.000000,1.000000,-122.807625
1716.000000,592.000000,1.000000,-122.776705
1716.000000,592.000000,1.000000,-122.743885
1715.000000,592.000000,1.000000,-122.718576
1714.000000,591.000000,1.000000,-122.693090
1714.000000,591.000000,1.000000,-122.668797
1714.000000,591.000000,1.000000,-122.655630
1713.000000,590.000000,1.000000,-122.615877
1712.000000,590.000000,1.000000,-122.590670
1711.000000,590.000000,1.000000,-122.559029
1711.000000,589.000000,1.000000,-122.559683
1710.000000,589.000000,1.000000,-122.657139
1710.000000,589.000000,1.000000,-122.640476
1709.000000,588.000000,1.000000,-122.622886
1708.000000,588.000000,1.000000,-122.596120
1708.000000,588.000000,1.000000,-122.567285
1707.000000,588.000000,1.000000,-122.552903
1707.000000,587.000000,1.000000,-122.518502
1706.000000,587.000000,1.000000,-122.501875
1705.000000,587.000000,1.000000,-122.482057
1705.000000,586.000000,1.000000,-122.456200
1704.000000,586.000000,1.000000,-122.429250
1704.000000,586.000000,1.000000,-122.414860
1703.000000,585.000000,1.000000,-122.375310
1702.000000,585.000000,1.000000,-122.358082
1702.000000,585.000000,1.000000,-122.324277
1701.000000,584.000000,1.000000,-122.187485
1700.000000,584.000000,1.000000,-122.168848
1700.000000,584.000000,1.000000,-122.144100
1699.000000,583.000000,1.000000,-122.131022
1698.000000,583.000000,1.000000,-122.131108
1698.000000,583.000000,1.000000,-122.143844
1697.000000,583.000000,1.000000,-122.177358
1697.000000,582.000000,1.000000,-122.218090
1696.000000,582.000000,1.000000,-122.262217
1695.000000,582.000000,1.000000,-122.296879
1695.000000,581.000000,1.000000,-122.339872
1694.000000,581.000000,1.000000,-122.383290
1694.000000,581.000000,1.000000,-122.442693
1693.000000,580.000000,1.000000,-122.498886
1692.000000,580.000000,1.000000,-122.521602
1692.000000,580.000000,1.000000,-122.552080
1691.000000,579.000000,1.000000,-122.617312
1690.000000,579.000000,1.000000,-122.676779
1690.000000,579.000000,1.000000,-122.738627
1689.000000,578.000000,1.000000,-122.792904
1689.000000,578.000000,1.000000,-122.843680
1688.000000,578.000000,1.000000,-122.898717
1687.000000,577.000000,1.000000,-122.932697
1687.000000,577.000000,1.000000,-122.961794
1686.000000,577.000000,1.000000,-122.973658
1685.000000,576.000000,1.000000,-122.973963
