2339.000000,756.000000,0.000000,-78.398422
2338.000000,756.000000,0.000000,-78.367416
2338.000000,756.000000,0.000000,-78.345152
2337.000000,756.000000,0.000000,-78.322128
2336.000000,756.000000,0.000000,-78.284595
2336.000000,756.000000,0.000000,-78.260949
2335.000000,756.000000,0.000000,-78.245356
2335.000000,756.000000,0.000000,-78.240329
2334.000000,756.000000,0.000000,-78.235096
2333.000000,757.000000,0.000000,-78.229670
2333.000000,757.000000,0.000000,-78.224064
2332.000000,757.000000,0.000000,-78.218291
2331.000000,757.000000,0.000000,-78.212363
2330.000000,757.000000,0.000000,-78.206294
2329.000000,757.000000,0.000000,-78.200097
2328.000000,757.000000,0.000000,-78.193784
2328.000000,757.000000,0.000000,-78.187369
2327.000000,758.000000,0.000000,-78.180864
2326.000000,758.000000,0.000000,-78.174283
2325.000000,758.000000,0.000000,-78.167638
2325.000000,758.000000,0.000000,-78.160942
2324.000000,758.000000,0.000000,-78.154209
2324.000000,758.000000,0.000000,-78.147450
2324.000000,758.000000,0.000000,-78.140680
2324.000000,758.000000,0.000000,-78.133910
2323.000000,758.000000,0.000000,-78.134918
2323.000000,758.000000,0.000000,-78.250943
2322.000000,758.000000,0.000000,-78.257771
2321.000000,759.000000,0.000000,-78.260249
2321.000000,759.000000,0.000000,-78.265939
2320.000000,759.000000,0.000000,-78.265918
2319.000000,759.000000,0.000000,-78.274071
2319.000000,759.000000,0.000000,-78.266932
2318.000000,759.000000,0.000000,-78.288730
2318.000000,759.000000,0.000000,-78.295635
2317.000000,759.000000,0.000000,-78.305708
2316.000000,759.000000,0.000000,-78.314926
2316.000000,759.000000,0.000000,-78.334728
2315.000000,759.000000,0.000000,-78.343173
2314.000000,760.000000,0.000000,-78.358352
2314.000000,760.000000,0.000000,-78.354535
2313.000000,760.000000,0.000000,-78.484956
2313.000000,760.000000,0.000000,-78.484880
2312.000000,760.000000,0.000000,-78.504545
2312.000000,760.000000,0.000000,-78.502969
2311.000000,760.000000,0.000000,-78.511083
2310.000000,760.000000,0.000000,-78.521847
2309.000000,760.000000,0.000000,-78.530365
2309.000000,760.000000,0.000000,-78.539783
2308.000000,761.000000,0.000000,-78.549323
2307.000000,761.000000,0.000000,-78.554780
2307.000000,761.000000,0.000000,-78.558229
2306.000000,761.000000,0.000000,-78.570032
2305.000000,761.000000,0.000000,-78.575667
2305.000000,761.000000,0.000000,-78.580022
2304.000000,761.000000,0.000000,-78.585197
2304.000000,761.000000,0.000000,-78.629079
2303.000000,761.000000,0.000000,-78.635913
2302.000000,761.000000,0.000000,-78.650425
2301.000000,762.000000,0.000000,-78.652467
2301.000000,762.000000,0.000000,-78.653644
2301.000000,762.000000,0.000000,-78.667335
2300.000000,762.000000,0.000000,-78.678983
2299.000000,762.000000,0.000000,-78.682584
2298.000000,762.000000,0.000000,-78.689918
2298.000000,762.000000,0.000000,-78.694396
2298.000000,762.000000,0.000000,-78.694483
2295.000000,763.000000,0.000000,-78.694983
2295.000000,762.000000,0.000000,-78.678094
2295.000000,763.000000,0.000000,-78.651216
2294.000000,763.000000,0.000000,-78.626687
2294.000000,763.000000,0.000000,-78.613775
2293.000000,763.000000,0.000000,-78.598600
2292.000000,763.000000,0.000000,-78.591750
2292.000000,763.000000,0.000000,-78.574973
2291.000000,763.000000,0.000000,-78.564633
2290.000000,763.000000,0.000000,-78.544785
2290.000000,763.000000,0.000000,-78.548423
2289.000000,763.000000,0.000000,-78.552597
2288.000000,764.000000,0.000000,-78.562671
2288.000000,764.000000,0.000000,-78.572843
2287.000000,764.000000,0.000000,-78.605587
2286.000000,764.000000,0.000000,-78.633693
2286.000000,764.000000,0.000000,-78.656778
2285.000000,764.000000,0.000000,-78.693053
2284.000000,764.000000,0.000000,-78.706708
2283.000000,764.000000,0.000000,-78.751384
2283.000000,764.000000,0.000000,-78.776422
2282.000000,764.000000,0.000000,-78.809224
2282.000000,764.000000,0.000000,-78.826184
2281.000000,765.000000,0.000000,-78.866440
2280.000000,765.000000,0.000000,-78.904239
2279.000000,765.000000,0.000000,-78.936454
2279.000000,765.000000,0.000000,-78.973544
2278.000000,765.000000,0.000000,-79.000906
2277.000000,765.000000,0.000000,-79.045238
2277.000000,765.000000,0.000000,-79.103628
2276.000000,765.000000,0.000000,-79.136413
2275.000000,765.000000,0.000000,-79.172057
2275.000000,765.000000,0.000000,-79.194446
2274.000000,765.000000,0.000000,-79.259460
2273.000000,766.000000,0.000000,-79.301400
2273.000000,766.000000,0.000000,-79.340970
2272.000000,766.000000,0.000000,-79.386588
2271.000000,766.000000,0.000000,-79.410848
2271.000000,766.000000,0.000000,-79.470253
2270.000000,766.000000,0.000000,-79.525055
2269.000000,766.000000,0.000000,-79.558016
2268.000000,766.000000,0.000000,-79.595746
2268.000000,766.000000,0.000000,-79.613770
2267.000000,766.000000,0.000000,-79.658822
2266.000000,766.000000,0.000000,-79.696064
2266.000000,766.000000,0.000000,-79.713277
2265.000000,766.000000,0.000000,-79.728950
2264.000000,767.000000,0.000000,-79.730083
2264.000000,767.000000,0.000000,-79.728839
2263.000000,767.000000,0.000000,-79.728733
2262.000000,767.000000,0.000000,-79.737802
2262.000000,767.000000,0.000000,-79.747328
2261.000000,767.000000,0.000000,-79.757660
2260.000000,767.000000,0.000000,-79.764876
2259.000000,767.000000,0.000000,-79.780267
2259.000000,767.000000,0.000000,-79.780184
2258.000000,767.000000,0.000000,-79.786189
2258.000000,767.000000,0.000000,-79.798083
2257.000000,767.000000,0.000000,-79.821669
2256.000000,767.000000,0.000000,-79.843288
2256.000000,768.000000,0.000000,-79.836675
2255.000000,768.000000,0.000000,-79.851073
2254.000000,768.000000,0.000000,-79.912565
2254.000000,768.000000,0.000000,-79.915978
2253.000000,768.000000,0.000000,-79.932023
2252.000000,768.000000,0.000000,-79.974518
2251.000000,768.000000,0.000000,-79.993059
2251.000000,768.000000,0.000000,-80.038160
2250.000000,768.000000,0.000000,-80.070021
2249.000000,768.000000,0.000000,-80.094736
2249.000000,768.000000,0.000000,-80.115592
2248.000000,768.000000,0.000000,-80.128825
2247.000000,768.000000,0.000000,-80.176175
2246.000000,769.000000,0.000000,-80.225318
2246.000000,769.000000,0.000000,-80.258038
2245.000000,769.000000,0.000000,-80.297771
2244.000000,769.000000,0.000000,-80.330871
2244.000000,769.000000,0.000000,-80.364896
2243.000000,769.000000,0.000000,-80.391669
2242.000000,769.000000,0.000000,-80.431519
2242.000000,769.000000,0.000000,-80.457201
2241.000000,769.000000,0.000000,-80.490821
2240.000000,769.000000,0.000000,-80.510667
2239.000000,769.000000,0.000000,-80.539405
2239.000000,769.000000,0.000000,-80.559940
2238.000000,769.000000,0.000000,-80.588208
2238.000000,769.000000,0.000000,-80.605754
2237.000000,769.000000,0.000000,-80.643607
2236.000000,770.000000,0.000000,-80.683051
2235.000000,770.000000,0.000000,-80.717734
2235.000000,770.000000,0.000000,-80.761875
2234.000000,770.000000,0.000000,-80.791856
2233.000000,770.000000,0.000000,-80.835352
2233.000000,770.000000,0.000000,-80.892297
2232.000000,770.000000,0.000000,-80.936280
2231.000000,770.000000,0.000000,-80.970851
2231.000000,770.000000,0.000000,-81.014580
2230.000000,770.000000,0.000000,-81.062947
2229.000000,770.000000,0.000000,-81.126343
2229.000000,770.000000,0.000000,-81.106055
2228.000000,770.000000,0.000000,-81.205598
2227.000000,770.000000,0.000000,-81.238963
2226.000000,770.000000,0.000000,-81.302679
2226.000000,770.000000,0.000000,-81.347353
2225.000000,770.000000,0.000000,-81.395416
2224.000000,770.000000,0.000000,-81.454034
2224.000000,770.000000,0.000000,-81.476238
2223.000000,771.000000,0.000000,-81.519722
2222.000000,771.000000,0.000000,-81.560609
2222.000000,771.000000,0.000000,-81.592221
2221.000000,771.000000,0.000000,-81.630756
2220.000000,771.000000,0.000000,-81.663521
2219.000000,771.000000,0.000000,-81.705579
2219.000000,771.000000,0.000000,-81.737824
2218.000000,771.000000,0.000000,-81.781638
2217.000000,771.000000,0.000000,-81.810326
2217.000000,771.000000,0.000000,-81.837405
2216.000000,771.000000,0.000000,-81.897837
2215.000000,771.000000,0.000000,-81.935216
2215.000000,771.000000,0.000000,-81.971713
2214.000000,771.000000,0.000000,-82.003467
2213.000000,771.000000,0.000000,-82.053110
2212.000000,771.000000,0.000000,-82.098905
2212.000000,771.000000,0.000000,-82.146431
2211.000000,771.000000,0.000000,-82.171927
2210.000000,771.000000,0.000000,-82.241535
2210.000000,771.000000,0.000000,-82.278263
2209.000000,772.000000,0.000000,-82.340732
2208.000000,772.000000,0.000000,-82.387111
2208.000000,772.000000,0.000000,-82.447685
2207.000000,772.000000,0.000000,-82.494745
2207.000000,772.000000,0.000000,-82.479642
2206.000000,772.000000,0.000000,-82.607292
2205.000000,772.000000,0.000000,-82.645582
2204.000000,772.000000,0.000000,-82.729845
2205.000000,772.000000,0.000000,-82.711994
2203.000000,772.000000,0.000000,-82.862365
2202.000000,772.000000,0.000000,-82.932205
2201.000000,772.000000,0.000000,-82.996293
2200.000000,772.000000,0.000000,-83.059956
2200.000000,772.000000,0.000000,-83.111802
2199.000000,772.000000,0.000000,-83.167304
2199.000000,772.000000,0.000000,-83.181317
2198.000000,772.000000,0.000000,-83.264738
2197.000000,772.000000,0.000000,-83.335253
2196.000000,772.000000,0.000000,-83.385639
2196.000000,772.000000,0.000000,-83.445761
2195.000000,772.000000,0.000000,-83.500909
2194.000000,772.000000,0.000000,-83.540652
2194.000000,772.000000,0.000000,-83.583538
2193.000000,772.000000,0.000000,-83.614254
2192.000000,772.000000,0.000000,-83.645535
2192.000000,772.000000,0.000000,-83.666710
2191.000000,772.000000,0.000000,-83.704724
2190.000000,772.000000,0.000000,-83.715640
2189.000000,772.000000,0.000000,-83.762225
2189.000000,772.000000,0.000000,-83.798402
2188.000000,772.000000,0.000000,-83.831746
2188.000000,772.000000,0.000000,-83.867270
2187.000000,772.000000,0.000000,-83.902051
2187.000000,772.000000,0.000000,-83.933137
2186.000000,772.000000,0.000000,-84.004614
2185.000000,772.000000,0.000000,-84.053086
2184.000000,772.000000,0.000000,-84.117914
2184.000000,772.000000,0.000000,-84.157348
2183.000000,772.000000,0.000000,-84.192611
2182.000000,772.000000,0.000000,-84.271823
2182.000000,772.000000,0.000000,-84.372196
2181.000000,772.000000,0.000000,-84.436313
2180.000000,772.000000,0.000000,-84.540340
2180.000000,772.000000,0.000000,-84.616964
2179.000000,772.000000,0.000000,-84.703927
2178.000000,772.000000,0.000000,-84.763657
2178.000000,772.000000,0.000000,-84.837169
2177.000000,772.000000,0.000000,-84.890087
2176.000000,772.000000,0.000000,-84.942552
2176.000000,772.000000,0.000000,-85.018965
2175.000000,772.000000,0.000000,-85.112307
2174.000000,772.000000,0.000000,-85.133497
2174.000000,772.000000,0.000000,-85.181092
2173.000000,772.000000,0.000000,-85.241651
2173.000000,772.000000,0.000000,-85.256025
2172.000000,772.000000,0.000000,-85.336897
2171.000000,772.000000,0.000000,-85.366069
2171.000000,772.000000,0.000000,-85.464183
2170.000000,772.000000,0.000000,-85.619393
2169.000000,772.000000,0.000000,-85.675061
2168.000000,772.000000,0.000000,-85.716171
2167.000000,772.000000,0.000000,-85.775471
2167.000000,772.000000,0.000000,-85.829807
2166.000000,772.000000,0.000000,-85.867378
2166.000000,772.000000,0.000000,-85.938000
2166.000000,772.000000,0.000000,-85.866346
2164.000000,772.000000,0.000000,-86.073617
2164.000000,772.000000,0.000000,-86.123031
2164.000000,772.000000,0.000000,-86.105159
2162.000000,772.000000,0.000000,-86.286567
2162.000000,772.000000,0.000000,-86.354644
2161.000000,772.000000,0.000000,-86.433256
2160.000000,772.000000,0.000000,-86.491066
2159.000000,772.000000,0.000000,-86.596659
2159.000000,772.000000,0.000000,-86.675886
2158.000000,772.000000,0.000000,-86.755743
2157.000000,772.000000,0.000000,-86.855222
2157.000000,772.000000,0.000000,-86.956662
2156.000000,772.000000,0.000000,-87.061251
2155.000000,772.000000,0.000000,-87.134171
2155.000000,772.000000,0.000000,-87.230537
2154.000000,772.000000,0.000000,-87.294331
2153.000000,772.000000,0.000000,-87.432551
2153.000000,772.000000,0.000000,-87.545169
2152.000000,772.000000,0.000000,-87.645959
2151.000000,772.000000,0.000000,-87.755540
2151.000000,772.000000,0.000000,-87.860590
2150.000000,772.000000,0.000000,-87.966065
2149.000000,772.000000,0.000000,-88.065054
2149.000000,772.000000,0.000000,-88.173379
2148.000000,772.000000,0.000000,-88.272009
2147.000000,772.000000,0.000000,-88.362601
2147.000000,772.000000,0.000000,-88.483830
2146.000000,772.000000,0.000000,-88.548003
2145.000000,772.000000,0.000000,-88.689045
2145.000000,771.000000,0.000000,-88.770853
2144.000000,771.000000,0.000000,-88.905107
2143.000000,771.000000,0.000000,-89.008916
2143.000000,771.000000,0.000000,-89.104263
2142.000000,771.000000,0.000000,-89.184589
2142.000000,771.000000,0.000000,-89.253559
2141.000000,771.000000,0.000000,-89.303431
2140.000000,771.000000,0.000000,-89.575214
2139.000000,771.000000,0.000000,-89.655379
2138.000000,771.000000,0.000000,-89.721779
2138.000000,771.000000,0.000000,-89.776356
2137.000000,771.000000,0.000000,-89.822815
2137.000000,771.000000,0.000000,-89.866591
2136.000000,771.000000,0.000000,-89.948588
2135.000000,771.000000,0.000000,-89.976794
2134.000000,771.000000,0.000000,-90.056455
2134.000000,771.000000,0.000000,-90.118101
2133.000000,770.000000,0.000000,-90.175829
2133.000000,770.000000,0.000000,-90.219216
2132.000000,770.000000,0.000000,-90.259309
2131.000000,770.000000,0.000000,-90.343675
2130.000000,770.000000,0.000000,-90.378611
2130.000000,770.000000,0.000000,-90.641312
2129.000000,770.000000,0.000000,-90.667670
2129.000000,770.000000,0.000000,-90.691802
2128.000000,770.000000,0.000000,-90.719101
2127.000000,770.000000,0.000000,-90.731128
2127.000000,770.000000,0.000000,-90.735579
2126.000000,770.000000,0.000000,-90.756882
2125.000000,770.000000,0.000000,-90.777346
2125.000000,770.000000,0.000000,-90.794005
2124.000000,769.000000,0.000000,-90.832263
2123.000000,769.000000,0.000000,-90.854397
2123.000000,769.000000,0.000000,-90.879541
2122.000000,769.000000,0.000000,-90.911577
2121.000000,769.000000,0.000000,-90.943666
2120.000000,769.000000,0.000000,-90.979324
2120.000000,769.000000,0.000000,-91.098082
2119.000000,769.000000,0.000000,-91.129196
2118.000000,769.000000,0.000000,-91.181677
2118.000000,769.000000,0.000000,-91.226518
2117.000000,769.000000,0.000000,-91.258598
2117.000000,769.000000,0.000000,-91.280816
2116.000000,769.000000,0.000000,-91.375707
2115.000000,768.000000,0.000000,-91.429700
2114.000000,768.000000,0.000000,-91.478609
2114.000000,768.000000,0.000000,-91.522226
2113.000000,768.000000,0.000000,-91.584938
2113.000000,768.000000,0.000000,-91.622973
2112.000000,768.000000,0.000000,-91.684713
2111.000000,768.000000,0.000000,-91.729208
2110.000000,768.000000,0.000000,-91.841453
2110.000000,768.000000,0.000000,-91.956564
2109.000000,768.000000,0.000000,-92.030798
2108.000000,768.000000,0.000000,-92.096416
2108.000000,767.000000,0.000000,-92.164994
2107.000000,767.000000,0.000000,-92.208867
2106.000000,767.000000,0.000000,-92.307088
2106.000000,767.000000,0.000000,-92.335709
2105.000000,767.000000,0.000000,-92.464753
2104.000000,767.000000,0.000000,-92.522714
2104.000000,767.000000,0.000000,-92.606462
2103.000000,767.000000,0.000000,-92.672012
2102.000000,767.000000,0.000000,-92.740539
2102.000000,767.000000,0.000000,-92.820408
2101.000000,766.000000,0.000000,-92.889112
2100.000000,766.000000,0.000000,-92.980191
2100.000000,766.000000,0.000000,-93.122344
2099.000000,766.000000,0.000000,-93.216790
2098.000000,766.000000,0.000000,-93.292221
2098.000000,766.000000,0.000000,-93.367260
2097.000000,766.000000,0.000000,-93.432650
2096.000000,766.000000,0.000000,-93.537022
2096.000000,766.000000,0.000000,-93.615377
2095.000000,766.000000,0.000000,-93.692881
2095.000000,765.000000,0.000000,-93.739465
2094.000000,765.000000,0.000000,-93.835129
2093.000000,765.000000,0.000000,-93.944396
2093.000000,765.000000,0.000000,-94.005306
2092.000000,765.000000,0.000000,-94.098326
2091.000000,765.000000,0.000000,-94.149311
2090.000000,765.000000,0.000000,-94.266916
2090.000000,765.000000,0.000000,-94.402300
2089.000000,765.000000,0.000000,-94.458856
2088.000000,764.000000,0.000000,-94.583406
2088.000000,764.000000,0.000000,-94.659402
2087.000000,764.000000,0.000000,-94.750145
2087.000000,764.000000,0.000000,-94.814907
2086.000000,764.000000,0.000000,-94.890181
2085.000000,764.000000,0.000000,-94.996442
2085.000000,764.000000,0.000000,-95.076299
2084.000000,764.000000,0.000000,-95.142352
2083.000000,763.000000,0.000000,-95.232216
2083.000000,763.000000,0.000000,-95.295016
2082.000000,763.000000,0.000000,-95.360780
2081.000000,763.000000,0.000000,-95.449631
2081.000000,763.000000,0.000000,-95.507373
2080.000000,763.000000,0.000000,-95.600747
2079.000000,763.000000,0.000000,-95.643759
2078.000000,762.000000,0.000000,-95.757239
2078.000000,762.000000,0.000000,-95.748744
2077.000000,762.000000,0.000000,-95.845819
2077.000000,762.000000,0.000000,-95.898124
2076.000000,762.000000,0.000000,-95.909168
2075.000000,762.000000,0.000000,-95.961198
2075.000000,762.000000,0.000000,-96.017299
2074.000000,762.000000,0.000000,-96.060380
2074.000000,761.000000,0.000000,-96.111896
2074.000000,762.000000,0.000000,-96.059783
2072.000000,761.000000,0.000000,-96.207072
2071.000000,761.000000,0.000000,-96.251790
2071.000000,761.000000,0.000000,-96.284313
2070.000000,761.000000,0.000000,-96.351919
2070.000000,761.000000,0.000000,-96.385805
2069.000000,760.000000,0.000000,-96.454308
2068.000000,760.000000,0.000000,-96.504183
2068.000000,760.000000,0.000000,-96.541468
2067.000000,760.000000,0.000000,-96.612336
2066.000000,760.000000,0.000000,-96.666957
2066.000000,760.000000,0.000000,-96.704361
2065.000000,760.000000,0.000000,-96.749960
2064.000000,759.000000,0.000000,-96.791073
2064.000000,759.000000,0.000000,-96.829722
2063.000000,759.000000,0.000000,-96.898430
2063.000000,759.000000,0.000000,-96.958910
2062.000000,759.000000,0.000000,-96.996276
2062.000000,759.000000,0.000000,-97.034942
2061.000000,759.000000,0.000000,-97.088911
2060.000000,758.000000,0.000000,-97.150192
2059.000000,758.000000,0.000000,-97.197803
2059.000000,758.000000,0.000000,-97.228409
2058.000000,758.000000,0.000000,-97.316116
2057.000000,758.000000,0.000000,-97.368053
2057.000000,758.000000,0.000000,-97.412575
2056.000000,758.000000,0.000000,-97.458101
2056.000000,757.000000,0.000000,-97.456931
2055.000000,757.000000,0.000000,-97.548429
2054.000000,757.000000,0.000000,-97.598646
2054.000000,757.000000,0.000000,-97.664039
2053.000000,757.000000,0.000000,-97.745954
2052.000000,757.000000,0.000000,-97.787643
2052.000000,756.000000,0.000000,-97.850658
2051.000000,756.000000,0.000000,-97.915448
2050.000000,756.000000,0.000000,-97.969836
2050.000000,756.000000,0.000000,-98.030530
2049.000000,756.000000,0.000000,-98.124421
2048.000000,756.000000,0.000000,-98.212563
2048.000000,755.000000,0.000000,-98.259981
2047.000000,755.000000,0.000000,-98.349870
2047.000000,755.000000,0.000000,-98.431128
2046.000000,755.000000,0.000000,-98.510199
2045.000000,755.000000,0.000000,-98.581729
2045.000000,755.000000,0.000000,-98.668437
2044.000000,754.000000,0.000000,-98.744315
2043.000000,754.000000,0.000000,-98.850478
2043.000000,754.000000,0.000000,-98.931286
2042.000000,754.000000,0.000000,-99.010192
2041.000000,754.000000,0.000000,-99.122845
2041.000000,754.000000,0.000000,-99.186027
2040.000000,753.000000,0.000000,-99.315959
2040.000000,753.000000,0.000000,-99.401957
2039.000000,753.000000,0.000000,-99.460963
2039.000000,753.000000,0.000000,-99.542161
2038.000000,753.000000,0.000000,-99.716820
2037.000000,753.000000,0.000000,-99.780470
2037.000000,752.000000,0.000000,-99.863325
2036.000000,752.000000,0.000000,-99.995995
2035.000000,752.000000,0.000000,-100.075397
2035.000000,752.000000,0.000000,-100.196574
2034.000000,752.000000,0.000000,-100.276910
2033.000000,751.000000,0.000000,-100.390211
2033.000000,751.000000,0.000000,-100.495376
2032.000000,751.000000,0.000000,-100.592180
2032.000000,751.000000,0.000000,-100.690905
2031.000000,751.000000,0.000000,-100.826221
2030.000000,750.000000,0.000000,-100.942980
2029.000000,750.000000,0.000000,-101.053151
2029.000000,750.000000,0.000000,-101.157586
2028.000000,750.000000,0.000000,-101.257138
2028.000000,750.000000,0.000000,-101.352659
2027.000000,749.000000,0.000000,-101.445000
2027.000000,749.000000,0.000000,-101.535015
2026.000000,749.000000,0.000000,-101.623555
2025.000000,749.000000,0.000000,-101.711473
2025.000000,749.000000,0.000000,-101.799620
2024.000000,748.000000,0.000000,-101.888850
2023.000000,748.000000,0.000000,-101.959179
2023.000000,748.000000,0.000000,-102.045464
2022.000000,748.000000,0.000000,-102.115241
2021.000000,747.000000,0.000000,-102.171697
2021.000000,747.000000,0.000000,-102.218020
2020.000000,747.000000,0.000000,-102.257397
2020.000000,747.000000,0.000000,-102.293016
2019.000000,747.000000,0.000000,-102.328064
2018.000000,746.000000,0.000000,-102.365728
2018.000000,746.000000,0.000000,-102.401090
2017.000000,746.000000,0.000000,-102.438513
2016.000000,746.000000,0.000000,-102.466935
2016.000000,746.000000,0.000000,-102.492913
2015.000000,745.000000,0.000000,-102.519117
2015.000000,745.000000,0.000000,-102.541922
2014.000000,745.000000,0.000000,-102.569065
2013.000000,745.000000,0.000000,-102.583131
2013.000000,745.000000,0.000000,-102.615085
2012.000000,744.000000,0.000000,-102.635375
2011.000000,744.000000,0.000000,-102.673607
2011.000000,744.000000,0.000000,-102.695630
2010.000000,744.000000,0.000000,-102.712323
2010.000000,743.000000,0.000000,-102.750189
2009.000000,743.000000,0.000000,-102.806433
2009.000000,743.000000,0.000000,-102.809829
2007.000000,743.000000,0.000000,-102.904239
2008.000000,743.000000,0.000000,-102.867165
2007.000000,742.000000,0.000000,-102.957275
2006.000000,742.000000,0.000000,-103.025963
2005.000000,742.000000,0.000000,-103.076168
2005.000000,742.000000,0.000000,-103.119324
2004.000000,741.000000,0.000000,-103.154907
2003.000000,741.000000,0.000000,-103.195067
2003.000000,741.000000,0.000000,-103.238809
2002.000000,741.000000,0.000000,-103.296842
2001.000000,740.000000,0.000000,-103.355147
2001.000000,740.000000,0.000000,-103.415996
2000.000000,740.000000,0.000000,-103.455512
1999.000000,740.000000,0.000000,-103.517313
1999.000000,740.000000,0.000000,-103.555832
1998.000000,739.000000,0.000000,-103.611878
1998.000000,739.000000,0.000000,-103.688021
1997.000000,739.000000,0.000000,-103.728080
1996.000000,738.000000,0.000000,-103.805302
1996.000000,738.000000,0.000000,-103.843587
1995.000000,738.000000,0.000000,-103.838482
1995.000000,738.000000,0.000000,-104.030254
1994.000000,738.000000,0.000000,-104.123395
1993.000000,737.000000,0.000000,-104.177681
1993.000000,737.000000,0.000000,-104.227780
1992.000000,737.000000,0.000000,-104.256042
1991.000000,737.000000,0.000000,-104.356249
1991.000000,736.000000,0.000000,-104.389942
1990.000000,736.000000,0.000000,-104.464564
1989.000000,736.000000,0.000000,-104.526024
1989.000000,736.000000,0.000000,-104.587332
1988.000000,735.000000,0.000000,-104.626776
1987.000000,735.000000,0.000000,-104.690203
1987.000000,735.000000,0.000000,-104.734474
1986.000000,735.000000,0.000000,-104.796585
1986.000000,734.000000,0.000000,-104.860299
1985.000000,734.000000,0.000000,-104.985438
1984.000000,734.000000,0.000000,-105.039044
1984.000000,734.000000,0.000000,-105.107878
1983.000000,733.000000,0.000000,-105.150065
1982.000000,733.000000,0.000000,-105.204139
1982.000000,733.000000,0.000000,-105.203985
1981.000000,733.000000,0.000000,-105.304205
1981.000000,732.000000,0.000000,-105.361799
1980.000000,732.000000,0.000000,-105.408883
1979.000000,732.000000,0.000000,-105.464421
1979.000000,731.000000,0.000000,-105.521042
1978.000000,731.000000,0.000000,-105.580147
1977.000000,731.000000,0.000000,-105.627498
1977.000000,731.000000,0.000000,-105.680847
1976.000000,730.000000,0.000000,-105.728517
1975.000000,730.000000,0.000000,-105.815064
1975.000000,730.000000,0.000000,-105.842923
1974.000000,730.000000,0.000000,-105.882937
1974.000000,729.000000,0.000000,-105.925259
1973.000000,729.000000,0.000000,-105.955211
1972.000000,729.000000,0.000000,-105.978968
1972.000000,728.000000,0.000000,-106.011765
1971.000000,728.000000,0.000000,-106.045254
1971.000000,728.000000,0.000000,-106.071013
1970.000000,728.000000,0.000000,-106.078426
1969.000000,727.000000,0.000000,-106.146391
1969.000000,727.000000,0.000000,-106.178455
1968.000000,727.000000,0.000000,-106.214535
1967.000000,727.000000,0.000000,-106.244732
1967.000000,726.000000,0.000000,-106.292932
1966.000000,726.000000,0.000000,-106.339016
1965.000000,726.000000,0.000000,-106.371724
1965.000000,726.000000,0.000000,-106.403859
1964.000000,725.000000,0.000000,-106.457348
1963.000000,725.000000,0.000000,-106.494986
1963.000000,725.000000,0.000000,-106.527550
1962.000000,724.000000,0.000000,-106.561006
1962.000000,724.000000,0.000000,-106.590132
1961.000000,724.000000,0.000000,-106.625296
1960.000000,724.000000,0.000000,-106.667663
1960.000000,723.000000,0.000000,-106.694150
1959.000000,723.000000,0.000000,-106.759271
1958.000000,723.000000,0.000000,-106.785724
1958.000000,722.000000,0.000000,-106.824628
1957.000000,722.000000,0.000000,-106.874111
1956.000000,722.000000,0.000000,-106.892061
1956.000000,722.000000,0.000000,-106.941965
1955.000000,721.000000,0.000000,-106.975127
