206.000000,35.000000,1.000000,74.658436
207.000000,35.000000,1.000000,74.677720
208.000000,35.000000,1.000000,74.692139
208.000000,35.000000,1.000000,74.709720
209.000000,35.000000,1.000000,74.728189
210.000000,36.000000,1.000000,74.743318
211.000000,36.000000,1.000000,74.757666
212.000000,36.000000,1.000000,74.776373
212.000000,36.000000,1.000000,74.797980
213.000000,36.000000,1.000000,74.821027
214.000000,37.000000,1.000000,74.844055
214.000000,37.000000,1.000000,74.865604
215.000000,37.000000,1.000000,74.884215
216.000000,37.000000,1.000000,74.898427
216.000000,37.000000,1.000000,74.906782
217.000000,37.000000,1.000000,74.925965
217.000000,37.000000,1.000000,74.946143
218.000000,38.000000,1.000000,74.968540
219.000000,38.000000,1.000000,74.988674
219.000000,38.000000,1.000000,74.999648
220.000000,38.000000,1.000000,75.021987
221.000000,38.000000,1.000000,75.036449
222.000000,38.000000,1.000000,75.050228
222.000000,39.000000,1.000000,75.059527
223.000000,39.000000,1.000000,75.059995
224.000000,39.000000,1.000000,75.047639
224.000000,39.000000,1.000000,75.028130
225.000000,39.000000,1.000000,75.002504
226.000000,39.000000,1.000000,74.980579
226.000000,40.000000,1.000000,74.969432
226.000000,40.000000,1.000000,74.952390
228.000000,40.000000,1.000000,74.878733
228.000000,40.000000,1.000000,74.839639
229.000000,40.000000,1.000000,74.801878
230.000000,41.000000,1.000000,74.752828
230.000000,41.000000,1.000000,74.716163
231.000000,41.000000,1.000000,74.655458
232.000000,41.000000,1.000000,74.637332
233.000000,41.000000,1.000000,74.589191
233.000000,41.000000,1.000000,74.553705
234.000000,42.000000,1.000000,74.522028
235.000000,42.000000,1.000000,74.503604
235.000000,42.000000,1.000000,74.500634
236.000000,42.000000,1.000000,74.480553
237.000000,42.000000,1.000000,74.471020
237.000000,42.000000,1.000000,74.459460
237.000000,42.000000,1.000000,74.461854
239.000000,43.000000,1.000000,74.445321
239.000000,43.000000,1.000000,74.442142
240.000000,43.000000,1.000000,74.432176
241.000000,43.000000,1.000000,74.425921
242.000000,43.000000,1.000000,74.417322
242.000000,44.000000,1.000000,74.426017
243.000000,44.000000,1.000000,74.434109
243.000000,44.000000,1.000000,74.434373
244.000000,44.000000,1.000000,74.425697
245.000000,44.000000,1.000000,74.420776
246.000000,45.000000,1.000000,74.414520
246.000000,45.000000,1.000000,74.410096
246.000000,45.000000,1.000000,74.402980
248.000000,45.000000,1.000000,74.401734
248.000000,45.000000,1.000000,74.399426
249.000000,45.000000,1.000000,74.397416
250.000000,45.000000,1.000000,74.394921
251.000000,46.000000,1.000000,74.393147
251.000000,46.000000,1.000000,74.397373
252.000000,46.000000,1.000000,74.416563
253.000000,46.000000,1.000000,74.436172
253.000000,46.000000,1.000000,74.456192
254.000000,47.000000,1.000000,74.482092
255.000000,47.000000,1.000000,74.505418
255.000000,47.000000,1.000000,74.525293
256.000000,47.000000,1.000000,74.553740
257.000000,47.000000,1.000000,74.582025
258.000000,47.000000,1.000000,74.607848
258.000000,48.000000,1.000000,74.622396
259.000000,48.000000,1.000000,74.650726
259.000000,48.000000,1.000000,74.664447
261.000000,48.000000,1.000000,74.708588
259.000000,48.000000,1.000000,74.671475
262.000000,49.000000,1.000000,74.753479
262.000000,49.000000,1.000000,74.769121
263.000000,49.000000,1.000000,74.788012
264.000000,49.000000,1.000000,74.804512
265.000000,49.000000,1.000000,74.824813
265.000000,49.000000,1.000000,74.841847
266.000000,50.000000,1.000000,74.859035
267.000000,50.000000,1.000000,74.875389
268.000000,50.000000,1.000000,74.896889
268.000000,50.000000,1.000000,74.913536
269.000000,50.000000,1.000000,74.925875
270.000000,51.000000,1.000000,74.947101
270.000000,51.000000,1.000000,74.957371
271.000000,51.000000,1.000000,74.991990
272.000000,51.000000,1.000000,75.002874
271.000000,51.000000,1.000000,74.979030
283.000000,54.000000,1.000000,75.326690
296.000000,57.000000,1.000000,75.707159
297.000000,57.000000,1.000000,75.728084
290.000000,55.000000,1.000000,75.541899
282.000000,53.000000,1.000000,75.301036
277.000000,52.000000,1.000000,75.157926
277.000000,52.000000,1.000000,75.172431
278.000000,53.000000,1.000000,75.191861
279.000000,53.000000,1.000000,75.212082
280.000000,53.000000,1.000000,75.232375
280.000000,53.000000,1.000000,75.251743
281.000000,53.000000,1.000000,75.268868
282.000000,53.000000,1.000000,75.286084
283.000000,54.000000,1.000000,75.303580
282.000000,53.000000,1.000000,75.286048
284.000000,54.000000,1.000000,75.337475
285.000000,54.000000,1.000000,75.357597
286.000000,54.000000,1.000000,75.394892
286.000000,54.000000,1.000000,75.401821
287.000000,55.000000,1.000000,75.402072
288.000000,55.000000,1.000000,75.399122
288.000000,55.000000,1.000000,75.395152
289.000000,55.000000,1.000000,75.393254
290.000000,55.000000,1.000000,75.391100
291.000000,55.000000,1.000000,75.387424
291.000000,56.000000,1.000000,75.376464
292.000000,56.000000,1.000000,75.374187
293.000000,56.000000,1.000000,75.362621
293.000000,56.000000,1.000000,75.351354
294.000000,56.000000,1.000000,75.337947
295.000000,57.000000,1.000000,75.311990
295.000000,57.000000,1.000000,75.290673
296.000000,57.000000,1.000000,75.264955
297.000000,57.000000,1.000000,75.221244
298.000000,57.000000,1.000000,75.180568
298.000000,57.000000,1.000000,75.148552
299.000000,58.000000,1.000000,75.104571
300.000000,58.000000,1.000000,75.077221
301.000000,58.000000,1.000000,75.020095
302.000000,58.000000,1.000000,74.970392
302.000000,58.000000,1.000000,74.914950
303.000000,58.000000,1.000000,74.856932
304.000000,59.000000,1.000000,74.802905
304.000000,59.000000,1.000000,74.750009
305.000000,59.000000,1.000000,74.713465
306.000000,59.000000,1.000000,74.667891
307.000000,59.000000,1.000000,74.651236
307.000000,60.000000,1.000000,74.650003
308.000000,60.000000,1.000000,74.650013
309.000000,60.000000,1.000000,74.649986
310.000000,60.000000,1.000000,74.649913
310.000000,60.000000,1.000000,74.649883
311.000000,60.000000,1.000000,74.649524
312.000000,61.000000,1.000000,74.665426
313.000000,61.000000,1.000000,74.693318
313.000000,61.000000,1.000000,74.721166
314.000000,61.000000,1.000000,74.745364
315.000000,61.000000,1.000000,74.770873
315.000000,61.000000,1.000000,74.784644
316.000000,62.000000,1.000000,74.812277
317.000000,62.000000,1.000000,74.832415
318.000000,62.000000,1.000000,74.841126
318.000000,62.000000,1.000000,74.856886
319.000000,62.000000,1.000000,74.878448
320.000000,63.000000,1.000000,74.901809
321.000000,63.000000,1.000000,74.936249
322.000000,63.000000,1.000000,74.959963
322.000000,63.000000,1.000000,74.978406
323.000000,63.000000,1.000000,74.998382
324.000000,64.000000,1.000000,75.021836
325.000000,64.000000,1.000000,75.045475
325.000000,64.000000,1.000000,75.068281
326.000000,64.000000,1.000000,75.093898
327.000000,64.000000,1.000000,75.112034
328.000000,64.000000,1.000000,75.121203
328.000000,65.000000,1.000000,75.123317
329.000000,65.000000,1.000000,75.117900
330.000000,65.000000,1.000000,75.105929
331.000000,65.000000,1.000000,75.100862
331.000000,65.000000,1.000000,75.098059
332.000000,66.000000,1.000000,75.091960
333.000000,66.000000,1.000000,75.080241
333.000000,66.000000,1.000000,75.055999
334.000000,66.000000,1.000000,75.030389
335.000000,66.000000,1.000000,75.000165
336.000000,67.000000,1.000000,74.972489
337.000000,67.000000,1.000000,74.947049
337.000000,67.000000,1.000000,74.936135
337.000000,67.000000,1.000000,74.936486
338.000000,67.000000,1.000000,74.937610
339.000000,67.000000,1.000000,74.940249
340.000000,68.000000,1.000000,74.962727
341.000000,68.000000,1.000000,74.980314
342.000000,68.000000,1.000000,74.996505
342.000000,68.000000,1.000000,75.013471
343.000000,68.000000,1.000000,75.024836
344.000000,68.000000,1.000000,75.041856
344.000000,69.000000,1.000000,75.053743
346.000000,69.000000,1.000000,75.078105
346.000000,69.000000,1.000000,75.088265
347.000000,69.000000,1.000000,75.102447
348.000000,69.000000,1.000000,75.105116
348.000000,70.000000,1.000000,75.112772
349.000000,70.000000,1.000000,75.117429
350.000000,70.000000,1.000000,75.118643
351.000000,70.000000,1.000000,75.110147
351.000000,70.000000,1.000000,75.093745
352.000000,71.000000,1.000000,75.065814
353.000000,71.000000,1.000000,75.043197
354.000000,71.000000,1.000000,75.007143
354.000000,71.000000,1.000000,74.977785
355.000000,71.000000,1.000000,74.937290
356.000000,71.000000,1.000000,74.895302
357.000000,72.000000,1.000000,74.882855
357.000000,72.000000,1.000000,74.866180
358.000000,72.000000,1.000000,74.845868
359.000000,72.000000,1.000000,74.823071
360.000000,72.000000,1.000000,74.798946
360.000000,72.000000,1.000000,74.774646
361.000000,73.000000,1.000000,74.751359
362.000000,73.000000,1.000000,74.731976
363.000000,73.000000,1.000000,74.721911
363.000000,73.000000,1.000000,74.722118
364.000000,73.000000,1.000000,74.729585
365.000000,74.000000,1.000000,74.737896
366.000000,74.000000,1.000000,74.740025
366.000000,74.000000,1.000000,74.749355
367.000000,74.000000,1.000000,74.754963
368.000000,74.000000,1.000000,74.761465
369.000000,75.000000,1.000000,74.774541
369.000000,75.000000,1.000000,74.791664
370.000000,75.000000,1.000000,74.789642
371.000000,75.000000,1.000000,74.788485
371.000000,75.000000,1.000000,74.788118
371.000000,75.000000,1.000000,74.788438
370.000000,75.000000,1.000000,74.789341
370.000000,75.000000,1.000000,74.790724
369.000000,75.000000,1.000000,74.792485
369.000000,75.000000,1.000000,74.794520
368.000000,74.000000,1.000000,74.796725
368.000000,74.000000,1.000000,74.798997
368.000000,74.000000,1.000000,74.801234
368.000000,74.000000,1.000000,74.803331
369.000000,75.000000,1.000000,74.805187
371.000000,75.000000,1.000000,74.806696
373.000000,76.000000,1.000000,74.807757
376.000000,76.000000,1.000000,74.808266
379.000000,77.000000,1.000000,74.808119
383.000000,78.000000,1.000000,74.808036
384.000000,78.000000,1.000000,74.801334
384.000000,78.000000,1.000000,74.798355
385.000000,79.000000,1.000000,74.797432
386.000000,79.000000,1.000000,74.816578
387.000000,79.000000,1.000000,74.820779
387.000000,79.000000,1.000000,74.821244
388.000000,79.000000,1.000000,74.821504
389.000000,80.000000,1.000000,74.828162
390.000000,80.000000,1.000000,74.848747
390.000000,80.000000,1.000000,74.869023
391.000000,80.000000,1.000000,74.888023
392.000000,80.000000,1.000000,74.907431
393.000000,80.000000,1.000000,74.923100
393.000000,81.000000,1.000000,74.936356
394.000000,81.000000,1.000000,74.949808
395.000000,81.000000,1.000000,74.954147
396.000000,81.000000,1.000000,74.963285
396.000000,81.000000,1.000000,74.970905
397.000000,82.000000,1.000000,74.973433
397.000000,82.000000,1.000000,74.967963
398.000000,82.000000,1.000000,74.959876
399.000000,82.000000,1.000000,74.943374
400.000000,82.000000,1.000000,74.926340
401.000000,82.000000,1.000000,74.913533
402.000000,83.000000,1.000000,74.899742
402.000000,83.000000,1.000000,74.892314
403.000000,83.000000,1.000000,74.877995
404.000000,83.000000,1.000000,74.864741
404.000000,83.000000,1.000000,74.867706
405.000000,83.000000,1.000000,74.839300
406.000000,84.000000,1.000000,74.818295
407.000000,84.000000,1.000000,74.795984
407.000000,84.000000,1.000000,74.774245
408.000000,84.000000,1.000000,74.754361
409.000000,84.000000,1.000000,74.728623
410.000000,85.000000,1.000000,74.705781
410.000000,85.000000,1.000000,74.687607
411.000000,85.000000,1.000000,74.670472
412.000000,85.000000,1.000000,74.651328
412.000000,85.000000,1.000000,74.632375
413.000000,85.000000,1.000000,74.616655
414.000000,86.000000,1.000000,74.586666
415.000000,86.000000,1.000000,74.560269
415.000000,86.000000,1.000000,74.540469
416.000000,86.000000,1.000000,74.523380
417.000000,86.000000,1.000000,74.496747
418.000000,87.000000,1.000000,74.481330
418.000000,87.000000,1.000000,74.476358
419.000000,87.000000,1.000000,74.471011
420.000000,87.000000,1.000000,74.474324
420.000000,87.000000,1.000000,74.480208
421.000000,88.000000,1.000000,74.516075
422.000000,88.000000,1.000000,74.532773
422.000000,88.000000,1.000000,74.556049
423.000000,88.000000,1.000000,74.584847
424.000000,88.000000,1.000000,74.615653
425.000000,88.000000,1.000000,74.635694
425.000000,89.000000,1.000000,74.655340
426.000000,89.000000,1.000000,74.681794
427.000000,89.000000,1.000000,74.704328
427.000000,89.000000,1.000000,74.716356
428.000000,89.000000,1.000000,74.739353
429.000000,89.000000,1.000000,74.749642
430.000000,90.000000,1.000000,74.757932
430.000000,90.000000,1.000000,74.765740
431.000000,90.000000,1.000000,74.789662
432.000000,90.000000,1.000000,74.821403
432.000000,90.000000,1.000000,74.847650
433.000000,90.000000,1.000000,74.861653
434.000000,91.000000,1.000000,74.886380
435.000000,91.000000,1.000000,74.916679
435.000000,91.000000,1.000000,74.945502
436.000000,91.000000,1.000000,74.955373
437.000000,91.000000,1.000000,74.971763
437.000000,91.000000,1.000000,74.992256
438.000000,92.000000,1.000000,74.997362
439.000000,92.000000,1.000000,75.013263
439.000000,92.000000,1.000000,75.032834
440.000000,92.000000,1.000000,75.037712
441.000000,92.000000,1.000000,75.046093
442.000000,92.000000,1.000000,75.060178
442.000000,93.000000,1.000000,75.070656
443.000000,93.000000,1.000000,75.094055
444.000000,93.000000,1.000000,75.109863
444.000000,93.000000,1.000000,75.114622
445.000000,93.000000,1.000000,75.104855
446.000000,94.000000,1.000000,75.086705
447.000000,94.000000,1.000000,75.066888
447.000000,94.000000,1.000000,75.044390
448.000000,94.000000,1.000000,75.018454
449.000000,94.000000,1.000000,74.988950
449.000000,94.000000,1.000000,74.938153
450.000000,95.000000,1.000000,74.880128
451.000000,95.000000,1.000000,74.831639
452.000000,95.000000,1.000000,74.777428
452.000000,95.000000,1.000000,74.757050
453.000000,95.000000,1.000000,74.731316
454.000000,95.000000,1.000000,74.705161
454.000000,96.000000,1.000000,74.687439
455.000000,96.000000,1.000000,74.682418
456.000000,96.000000,1.000000,74.658610
456.000000,96.000000,1.000000,74.635710
457.000000,96.000000,1.000000,74.628621
458.000000,96.000000,1.000000,74.625985
459.000000,97.000000,1.000000,74.623231
459.000000,97.000000,1.000000,74.623787
460.000000,97.000000,1.000000,74.627626
460.000000,97.000000,1.000000,74.630419
461.000000,97.000000,1.000000,74.622859
462.000000,97.000000,1.000000,74.622841
463.000000,98.000000,1.000000,74.625841
463.000000,98.000000,1.000000,74.634536
464.000000,98.000000,1.000000,74.647581
465.000000,98.000000,1.000000,74.660793
465.000000,98.000000,1.000000,74.672049
466.000000,98.000000,1.000000,74.682537
467.000000,99.000000,1.000000,74.693119
467.000000,99.000000,1.000000,74.705785
468.000000,99.000000,1.000000,74.720876
469.000000,99.000000,1.000000,74.740494
470.000000,99.000000,1.000000,74.753819
470.000000,99.000000,1.000000,74.773002
471.000000,100.000000,1.000000,74.789364
471.000000,100.000000,1.000000,74.806242
472.000000,100.000000,1.000000,74.818318
473.000000,100.000000,1.000000,74.837762
474.000000,100.000000,1.000000,74.851281
474.000000,100.000000,1.000000,74.868638
475.000000,101.000000,1.000000,74.879664
476.000000,101.000000,1.000000,74.891612
476.000000,101.000000,1.000000,74.920520
477.000000,101.000000,1.000000,74.935571
478.000000,101.000000,1.000000,74.955923
478.000000,101.000000,1.000000,74.985147
479.000000,102.000000,1.000000,74.997368
480.000000,102.000000,1.000000,75.015497
480.000000,102.000000,1.000000,75.036924
481.000000,102.000000,1.000000,75.056501
482.000000,102.000000,1.000000,75.071800
482.000000,102.000000,1.000000,75.073118
482.000000,102.000000,1.000000,75.074426
483.000000,103.000000,1.000000,75.082585
484.000000,103.000000,1.000000,75.104455
485.000000,103.000000,1.000000,75.146897
486.000000,103.000000,1.000000,75.175050
486.000000,103.000000,1.000000,75.194110
487.000000,104.000000,1.000000,75.196049
488.000000,104.000000,1.000000,75.194377
488.000000,104.000000,1.000000,75.194778
489.000000,104.000000,1.000000,75.197818
490.000000,104.000000,1.000000,75.204568
490.000000,104.000000,1.000000,75.203601
491.000000,104.000000,1.000000,75.208705
492.000000,105.000000,1.000000,75.213350
492.000000,105.000000,1.000000,75.206288
493.000000,105.000000,1.000000,75.198998
494.000000,105.000000,1.000000,75.182133
495.000000,105.000000,1.000000,75.159347
495.000000,105.000000,1.000000,75.141667
496.000000,106.000000,1.000000,75.126659
497.000000,106.000000,1.000000,75.112544
497.000000,106.000000,1.000000,75.097543
498.000000,106.000000,1.000000,75.079876
498.000000,106.000000,1.000000,75.057766
499.000000,106.000000,1.000000,75.044237
500.000000,106.000000,1.000000,75.038610
500.000000,107.000000,1.000000,75.022558
501.000000,107.000000,1.000000,74.997324
501.000000,107.000000,1.000000,74.964149
502.000000,107.000000,1.000000,74.924276
503.000000,107.000000,1.000000,74.878946
503.000000,107.000000,1.000000,74.829402
504.000000,108.000000,1.000000,74.776886
505.000000,108.000000,1.000000,74.722640
506.000000,108.000000,1.000000,74.671736
506.000000,108.000000,1.000000,74.632016
507.000000,108.000000,1.000000,74.585598
508.000000,108.000000,1.000000,74.544332
508.000000,109.000000,1.000000,74.490561
509.000000,109.000000,1.000000,74.447445
510.000000,109.000000,1.000000,74.394912
510.000000,109.000000,1.000000,74.341985
511.000000,109.000000,1.000000,74.294584
511.000000,109.000000,1.000000,74.293352
512.000000,110.000000,1.000000,74.239643
513.000000,110.000000,1.000000,74.205181
514.000000,110.000000,1.000000,74.172510
514.000000,110.000000,1.000000,74.138013
515.000000,110.000000,1.000000,74.135582
515.000000,110.000000,1.000000,74.137003
516.000000,110.000000,1.000000,74.140456
516.000000,111.000000,1.000000,74.145862
517.000000,111.000000,1.000000,74.153142
518.000000,111.000000,1.000000,74.162217
518.000000,111.000000,1.000000,74.173008
519.000000,111.000000,1.000000,74.185436
520.000000,111.000000,1.000000,74.199423
521.000000,112.000000,1.000000,74.214888
522.000000,112.000000,1.000000,74.231754
523.000000,112.000000,1.000000,74.249941
523.000000,112.000000,1.000000,74.261869
524.000000,112.000000,1.000000,74.279408
525.000000,113.000000,1.000000,74.302958
525.000000,113.000000,1.000000,74.325641
526.000000,113.000000,1.000000,74.338266
527.000000,113.000000,1.000000,74.351480
527.000000,113.000000,1.000000,74.369226
528.000000,114.000000,1.000000,74.388531
529.000000,114.000000,1.000000,74.409862
530.000000,114.000000,1.000000,74.431172
530.000000,114.000000,1.000000,74.448409
531.000000,114.000000,1.000000,74.465792
532.000000,114.000000,1.000000,74.471106
532.000000,115.000000,1.000000,74.481240
533.000000,115.000000,1.000000,74.502251
533.000000,115.000000,1.000000,74.517928
534.000000,115.000000,1.000000,74.532356
534.000000,115.000000,1.000000,74.553501
535.000000,115.000000,1.000000,74.589328
536.000000,116.000000,1.000000,74.628188
538.000000,116.000000,1.000000,74.676748
539.000000,116.000000,1.000000,74.709092
539.000000,116.000000,1.000000,74.727880
539.000000,116.000000,1.000000,74.735771
540.000000,116.000000,1.000000,74.758368
541.000000,117.000000,1.000000,74.788780
541.000000,117.000000,1.000000,74.799086
542.000000,117.000000,1.000000,74.808243
543.000000,117.000000,1.000000,74.835211
543.000000,117.000000,1.000000,74.863914
544.000000,118.000000,1.000000,74.892011
545.000000,118.000000,1.000000,74.916140
546.000000,118.000000,1.000000,74.944436
546.000000,118.000000,1.000000,74.974837
547.000000,118.000000,1.000000,74.998236
548.000000,118.000000,1.000000,75.029416
548.000000,119.000000,1.000000,75.055924
548.000000,119.000000,1.000000,75.064579
550.000000,119.000000,1.000000,75.100543
550.000000,119.000000,1.000000,75.111822
551.000000,119.000000,1.000000,75.113614
551.000000,119.000000,1.000000,75.110235
552.000000,120.000000,1.000000,75.108224
553.000000,120.000000,1.000000,75.107582
554.000000,120.000000,1.000000,75.063813
555.000000,120.000000,1.000000,75.040603
555.000000,120.000000,1.000000,75.008297
556.000000,120.000000,1.000000,74.977367
557.000000,121.000000,1.000000,74.944880
558.000000,121.000000,1.000000,74.925083
558.000000,121.000000,1.000000,74.912408
559.000000,121.000000,1.000000,74.892491
559.000000,121.000000,1.000000,74.862724
560.000000,121.000000,1.000000,74.827336
561.000000,122.000000,1.000000,74.808657
562.000000,122.000000,1.000000,74.789914
562.000000,122.000000,1.000000,74.774819
563.000000,122.000000,1.000000,74.784308
564.000000,122.000000,1.000000,74.811419
565.000000,122.000000,1.000000,74.786762
565.000000,123.000000,1.000000,74.773586
566.000000,123.000000,1.000000,74.758592
567.000000,123.000000,1.000000,74.750475
567.000000,123.000000,1.000000,74.734465
568.000000,123.000000,1.000000,74.712311
569.000000,123.000000,1.000000,74.704852
569.000000,124.000000,1.000000,74.694983
570.000000,124.000000,1.000000,74.683720
571.000000,124.000000,1.000000,74.671497
572.000000,124.000000,1.000000,74.661565
572.000000,124.000000,1.000000,74.650769
573.000000,125.000000,1.000000,74.635187
574.000000,125.000000,1.000000,74.634058
574.000000,125.000000,1.000000,74.633404
575.000000,125.000000,1.000000,74.617263
576.000000,125.000000,1.000000,74.605153
576.000000,125.000000,1.000000,74.598826
577.000000,125.000000,1.000000,74.591861
578.000000,126.000000,1.000000,74.583525
579.000000,126.000000,1.000000,74.581381
579.000000,126.000000,1.000000,74.579396
580.000000,126.000000,1.000000,74.577639
581.000000,126.000000,1.000000,74.575819
581.000000,127.000000,1.000000,74.571515
582.000000,127.000000,1.000000,74.569006
583.000000,127.000000,1.000000,74.574685
583.000000,127.000000,1.000000,74.585446
584.000000,127.000000,1.000000,74.586386
585.000000,127.000000,1.000000,74.574345
585.000000,128.000000,1.000000,74.582823
586.000000,128.000000,1.000000,74.589879
587.000000,128.000000,1.000000,74.606980
587.000000,128.000000,1.000000,74.620845
588.000000,128.000000,1.000000,74.629047
589.000000,128.000000,1.000000,74.636502
589.000000,129.000000,1.000000,74.648054
590.000000,129.000000,1.000000,74.646780
591.000000,129.000000,1.000000,74.653684
591.000000,129.000000,1.000000,74.651080
592.000000,129.000000,1.000000,74.649050
593.000000,129.000000,1.000000,74.638780
594.000000,130.000000,1.000000,74.637774
594.000000,130.000000,1.000000,74.658756
595.000000,130.000000,1.000000,74.684074
