1504.000000,482.000000,1.000000,-115.333660
1503.000000,482.000000,1.000000,-115.345105
1503.000000,482.000000,1.000000,-115.357212
1502.000000,482.000000,1.000000,-115.369845
1502.000000,481.000000,1.000000,-115.382870
1501.000000,481.000000,1.000000,-115.396152
1501.000000,481.000000,1.000000,-115.409555
1500.000000,481.000000,1.000000,-115.422944
1500.000000,480.000000,1.000000,-115.436183
1499.000000,480.000000,1.000000,-115.449137
1499.000000,480.000000,1.000000,-115.461672
1498.000000,480.000000,1.000000,-115.473652
1498.000000,479.000000,1.000000,-115.484941
1497.000000,479.000000,1.000000,-115.495404
1497.000000,479.000000,1.000000,-115.504906
1496.000000,478.000000,1.000000,-115.513312
1496.000000,478.000000,1.000000,-115.520487
1495.000000,478.000000,1.000000,-115.526295
1494.000000,477.000000,1.000000,-115.530600
1494.000000,477.000000,1.000000,-115.533268
1493.000000,477.000000,1.000000,-115.534164
1492.000000,476.000000,1.000000,-115.533152
1492.000000,476.000000,1.000000,-115.530097
1491.000000,476.000000,1.000000,-115.524863
1491.000000,475.000000,1.000000,-115.524828
1490.000000,475.000000,1.000000,-115.485622
1489.000000,475.000000,1.000000,-115.763100
1489.000000,474.000000,1.000000,-115.699640
1488.000000,474.000000,1.000000,-115.647850
1487.000000,474.000000,1.000000,-115.602324
1487.000000,473.000000,1.000000,-115.580913
1486.000000,473.000000,1.000000,-115.540961
1486.000000,473.000000,1.000000,-115.514119
1485.000000,472.000000,1.000000,-115.476032
1485.000000,472.000000,1.000000,-115.441514
1484.000000,472.000000,1.000000,-115.415383
1484.000000,471.000000,1.000000,-115.361616
1483.000000,471.000000,1.000000,-115.340122
1482.000000,471.000000,1.000000,-115.294785
1482.000000,470.000000,1.000000,-115.251693
1481.000000,470.000000,1.000000,-115.235631
1481.000000,470.000000,1.000000,-115.255516
1480.000000,470.000000,1.000000,-115.231736
1480.000000,469.000000,1.000000,-115.219381
1479.000000,469.000000,1.000000,-115.188823
1478.000000,469.000000,1.000000,-115.166424
1478.000000,468.000000,1.000000,-115.149592
1478.000000,468.000000,1.000000,-115.133334
1477.000000,468.000000,1.000000,-115.096888
1476.000000,467.000000,1.000000,-115.072202
1476.000000,467.000000,1.000000,-115.057815
1475.000000,467.000000,1.000000,-115.030814
1475.000000,467.000000,1.000000,-115.013516
1474.000000,466.000000,1.000000,-114.982196
1473.000000,466.000000,1.000000,-114.960180
1473.000000,466.000000,1.000000,-114.943540
1472.000000,465.000000,1.000000,-114.779075
1472.000000,465.000000,1.000000,-114.763005
1471.000000,465.000000,1.000000,-114.751295
1470.000000,464.000000,1.000000,-114.751525
1470.000000,464.000000,1.000000,-114.756309
1469.000000,464.000000,1.000000,-114.767957
1469.000000,463.000000,1.000000,-114.782563
1468.000000,463.000000,1.000000,-114.791199
1468.000000,463.000000,1.000000,-114.803265
1467.000000,462.000000,1.000000,-114.813804
1466.000000,462.000000,1.000000,-114.835662
1466.000000,462.000000,1.000000,-114.856750
1465.000000,462.000000,1.000000,-114.868064
1465.000000,461.000000,1.000000,-114.889883
1464.000000,461.000000,1.000000,-114.906532
1463.000000,461.000000,1.000000,-114.897492
1463.000000,460.000000,1.000000,-114.901203
1462.000000,460.000000,1.000000,-114.913961
1462.000000,460.000000,1.000000,-114.930558
1461.000000,459.000000,1.000000,-114.944430
1461.000000,459.000000,1.000000,-114.956786
1460.000000,459.000000,1.000000,-114.971985
1459.000000,458.000000,1.000000,-114.984991
1459.000000,458.000000,1.000000,-114.991434
1458.000000,458.000000,1.000000,-115.008376
1458.000000,458.000000,1.000000,-115.022881
1457.000000,457.000000,1.000000,-115.032100
1457.000000,457.000000,1.000000,-115.043024
1456.000000,457.000000,1.000000,-115.048723
1455.000000,456.000000,1.000000,-115.060382
1455.000000,456.000000,1.000000,-115.165473
1454.000000,456.000000,1.000000,-115.170851
1454.000000,455.000000,1.000000,-115.187296
1453.000000,455.000000,1.000000,-115.194427
1453.000000,455.000000,1.000000,-115.198845
1452.000000,455.000000,1.000000,-115.212266
1451.000000,454.000000,1.000000,-115.214813
1451.000000,454.000000,1.000000,-115.215685
1450.000000,454.000000,1.000000,-115.202188
1450.000000,453.000000,1.000000,-115.189660
1449.000000,453.000000,1.000000,-115.146778
1449.000000,453.000000,1.000000,-115.113480
1448.000000,452.000000,1.000000,-115.068690
1448.000000,452.000000,1.000000,-115.041062
1447.000000,452.000000,1.000000,-114.922949
1447.000000,452.000000,1.000000,-115.761234
1446.000000,451.000000,1.000000,-115.761689
1445.000000,451.000000,1.000000,-115.707503
1445.000000,451.000000,1.000000,-115.678678
1444.000000,450.000000,1.000000,-115.647405
1444.000000,450.000000,1.000000,-115.609731
1444.000000,450.000000,1.000000,-115.601712
1443.000000,450.000000,1.000000,-115.572267
1442.000000,449.000000,1.000000,-115.556988
1442.000000,449.000000,1.000000,-115.543595
1441.000000,449.000000,1.000000,-115.528209
1441.000000,448.000000,1.000000,-115.514933
1440.000000,448.000000,1.000000,-115.504972
1439.000000,448.000000,1.000000,-115.495931
1439.000000,447.000000,1.000000,-115.314275
1438.000000,447.000000,1.000000,-116.153487
1438.000000,447.000000,1.000000,-116.169743
1437.000000,447.000000,1.000000,-116.161668
1437.000000,446.000000,1.000000,-116.149001
1436.000000,446.000000,1.000000,-116.135929
1436.000000,446.000000,1.000000,-116.128306
1435.000000,446.000000,1.000000,-116.119499
1434.000000,445.000000,1.000000,-116.102733
1434.000000,445.000000,1.000000,-116.087916
1433.000000,445.000000,1.000000,-116.083061
1433.000000,445.000000,1.000000,-116.077432
1432.000000,444.000000,1.000000,-116.071318
1432.000000,444.000000,1.000000,-116.056065
1431.000000,443.000000,1.000000,-116.046720
1431.000000,443.000000,1.000000,-116.047377
1430.000000,443.000000,1.000000,-116.304281
1429.000000,443.000000,1.000000,-116.294091
1429.000000,443.000000,1.000000,-116.298927
1428.000000,442.000000,1.000000,-116.309015
1428.000000,442.000000,1.000000,-116.321418
1427.000000,442.000000,1.000000,-116.332270
1427.000000,441.000000,1.000000,-116.350823
1426.000000,441.000000,1.000000,-116.366452
1426.000000,441.000000,1.000000,-116.384037
1425.000000,440.000000,1.000000,-116.399140
1424.000000,440.000000,1.000000,-116.419980
1424.000000,440.000000,1.000000,-116.435781
1423.000000,440.000000,1.000000,-116.451463
1423.000000,439.000000,1.000000,-116.466626
1422.000000,439.000000,1.000000,-116.477974
1422.000000,439.000000,1.000000,-116.551030
1421.000000,438.000000,1.000000,-116.573601
1421.000000,438.000000,1.000000,-116.589951
1420.000000,438.000000,1.000000,-116.612854
1420.000000,438.000000,1.000000,-116.632299
1419.000000,437.000000,1.000000,-116.653038
1418.000000,437.000000,1.000000,-116.678779
1418.000000,437.000000,1.000000,-116.698005
1417.000000,436.000000,1.000000,-116.727958
1417.000000,436.000000,1.000000,-116.753953
1416.000000,436.000000,1.000000,-116.772009
1416.000000,435.000000,1.000000,-116.805081
1415.000000,435.000000,1.000000,-116.824875
1414.000000,435.000000,1.000000,-116.852264
1414.000000,435.000000,1.000000,-116.880918
1413.000000,434.000000,1.000000,-116.912204
1413.000000,434.000000,1.000000,-116.948944
1412.000000,434.000000,1.000000,-116.972260
1412.000000,433.000000,1.000000,-116.992890
1411.000000,433.000000,1.000000,-117.017118
1411.000000,433.000000,1.000000,-117.034696
1410.000000,433.000000,1.000000,-117.055419
1409.000000,432.000000,1.000000,-117.077290
1409.000000,432.000000,1.000000,-117.101596
1408.000000,432.000000,1.000000,-117.120787
1408.000000,431.000000,1.000000,-117.135101
1407.000000,431.000000,1.000000,-117.165872
1407.000000,431.000000,1.000000,-117.186543
1407.000000,431.000000,1.000000,-117.181049
1406.000000,430.000000,1.000000,-117.236076
1405.000000,430.000000,1.000000,-117.439944
1404.000000,430.000000,1.000000,-117.463740
1405.000000,430.000000,1.000000,-117.464712
1406.000000,430.000000,1.000000,-117.427454
1403.000000,429.000000,1.000000,-117.512482
1402.000000,428.000000,1.000000,-117.524063
1402.000000,428.000000,1.000000,-117.539386
1401.000000,428.000000,1.000000,-117.554747
1401.000000,427.000000,1.000000,-117.572127
1400.000000,427.000000,1.000000,-117.587263
1399.000000,427.000000,1.000000,-117.600775
1399.000000,427.000000,1.000000,-117.617387
1398.000000,426.000000,1.000000,-117.635451
1398.000000,426.000000,1.000000,-117.648816
1397.000000,426.000000,1.000000,-117.660495
1397.000000,425.000000,1.000000,-117.692133
1396.000000,425.000000,1.000000,-117.702810
1396.000000,425.000000,1.000000,-117.720327
1395.000000,425.000000,1.000000,-117.739475
1394.000000,424.000000,1.000000,-117.745469
1394.000000,424.000000,1.000000,-117.750554
1393.000000,424.000000,1.000000,-117.762509
1393.000000,423.000000,1.000000,-117.773363
1392.000000,423.000000,1.000000,-117.788376
1392.000000,423.000000,1.000000,-117.819207
1391.000000,422.000000,1.000000,-117.826660
1391.000000,422.000000,1.000000,-117.828726
1390.000000,422.000000,1.000000,-117.851953
1389.000000,421.000000,1.000000,-117.893882
1389.000000,421.000000,1.000000,-117.873595
1388.000000,421.000000,1.000000,-117.942751
1388.000000,420.000000,1.000000,-117.944836
1387.000000,420.000000,1.000000,-117.959755
1386.000000,420.000000,1.000000,-117.974456
1386.000000,419.000000,1.000000,-117.986813
1385.000000,419.000000,1.000000,-117.997644
1385.000000,419.000000,1.000000,-118.007769
1385.000000,419.000000,1.000000,-118.018007
1384.000000,419.000000,1.000000,-118.029178
1383.000000,418.000000,1.000000,-118.042100
1382.000000,418.000000,1.000000,-118.057630
1382.000000,417.000000,1.000000,-118.066480
1381.000000,417.000000,1.000000,-118.090524
1381.000000,417.000000,1.000000,-118.108137
1380.000000,416.000000,1.000000,-118.121369
1379.000000,416.000000,1.000000,-118.161757
1379.000000,416.000000,1.000000,-118.171176
1378.000000,415.000000,1.000000,-118.184808
1378.000000,415.000000,1.000000,-118.198653
1377.000000,415.000000,1.000000,-118.215044
1377.000000,414.000000,1.000000,-118.238382
1376.000000,414.000000,1.000000,-118.253676
1376.000000,414.000000,1.000000,-118.266850
1375.000000,413.000000,1.000000,-118.278453
1374.000000,413.000000,1.000000,-118.285249
1374.000000,413.000000,1.000000,-118.325527
1374.000000,413.000000,1.000000,-118.392755
1375.000000,414.000000,1.000000,-118.475911
1376.000000,414.000000,1.000000,-118.563973
1377.000000,414.000000,1.000000,-118.645918
1377.000000,415.000000,1.000000,-118.710724
1377.000000,415.000000,1.000000,-118.747370
1377.000000,415.000000,1.000000,-118.744832
1377.000000,415.000000,1.000000,-118.692089
1376.000000,414.000000,1.000000,-118.578119
1374.000000,413.000000,1.000000,-118.391899
1371.000000,411.000000,1.000000,-118.122408
1367.000000,409.000000,1.000000,-117.763622
1366.000000,409.000000,1.000000,-117.707718
1366.000000,408.000000,1.000000,-117.660165
1365.000000,408.000000,1.000000,-117.625212
1365.000000,408.000000,1.000000,-117.601918
1364.000000,407.000000,1.000000,-117.563804
1363.000000,407.000000,1.000000,-117.531265
1363.000000,407.000000,1.000000,-117.511758
1362.000000,406.000000,1.000000,-117.599936
1362.000000,406.000000,1.000000,-117.591974
1361.000000,406.000000,1.000000,-117.591314
1360.000000,406.000000,1.000000,-117.528291
1360.000000,405.000000,1.000000,-117.500695
1360.000000,405.000000,1.000000,-117.492398
1359.000000,405.000000,1.000000,-117.481577
1358.000000,404.000000,1.000000,-117.453022
1357.000000,404.000000,1.000000,-117.436202
1357.000000,404.000000,1.000000,-117.416216
1356.000000,403.000000,1.000000,-117.406206
1356.000000,403.000000,1.000000,-117.395817
1355.000000,403.000000,1.000000,-117.385139
1355.000000,402.000000,1.000000,-117.379074
1354.000000,402.000000,1.000000,-117.378303
1353.000000,402.000000,1.000000,-117.390642
1353.000000,401.000000,1.000000,-117.392685
1352.000000,401.000000,1.000000,-117.401244
1351.000000,401.000000,1.000000,-117.406171
1351.000000,400.000000,1.000000,-117.414523
1350.000000,400.000000,1.000000,-117.419682
1350.000000,400.000000,1.000000,-117.427044
1349.000000,399.000000,1.000000,-117.428291
1349.000000,399.000000,1.000000,-117.430983
1348.000000,399.000000,1.000000,-117.435819
1347.000000,398.000000,1.000000,-117.440644
1347.000000,398.000000,1.000000,-117.448687
1346.000000,398.000000,1.000000,-117.454749
1345.000000,398.000000,1.000000,-117.458697
1345.000000,397.000000,1.000000,-117.464690
1344.000000,397.000000,1.000000,-117.462231
1344.000000,397.000000,1.000000,-117.462061
1343.000000,396.000000,1.000000,-117.464203
1342.000000,396.000000,1.000000,-117.467575
1342.000000,396.000000,1.000000,-117.473337
1341.000000,395.000000,1.000000,-117.477916
1341.000000,395.000000,1.000000,-117.479291
1340.000000,395.000000,1.000000,-117.479286
1339.000000,394.000000,1.000000,-117.479055
1339.000000,394.000000,1.000000,-117.484505
1338.000000,394.000000,1.000000,-117.493891
1338.000000,393.000000,1.000000,-117.506087
1337.000000,393.000000,1.000000,-117.511919
1336.000000,393.000000,1.000000,-117.513160
1336.000000,392.000000,1.000000,-117.518125
1335.000000,392.000000,1.000000,-117.566097
1334.000000,392.000000,1.000000,-117.580833
1334.000000,391.000000,1.000000,-117.579569
1333.000000,391.000000,1.000000,-117.579922
1333.000000,391.000000,1.000000,-117.573260
1332.000000,391.000000,1.000000,-117.570053
1331.000000,390.000000,1.000000,-117.580460
1331.000000,390.000000,1.000000,-117.587335
1330.000000,389.000000,1.000000,-117.590907
1330.000000,389.000000,1.000000,-117.603197
1329.000000,389.000000,1.000000,-117.602499
1328.000000,388.000000,1.000000,-117.605003
1328.000000,388.000000,1.000000,-117.590089
1327.000000,388.000000,1.000000,-117.589816
1326.000000,387.000000,1.000000,-117.588763
1326.000000,387.000000,1.000000,-117.565199
1325.000000,387.000000,1.000000,-117.565661
1324.000000,387.000000,1.000000,-117.561984
1324.000000,386.000000,1.000000,-117.549236
1323.000000,386.000000,1.000000,-117.553314
1323.000000,386.000000,1.000000,-117.550694
1322.000000,385.000000,1.000000,-117.551000
1321.000000,385.000000,1.000000,-117.549759
1321.000000,384.000000,1.000000,-117.550040
1320.000000,384.000000,1.000000,-117.550038
1319.000000,384.000000,1.000000,-117.549875
1319.000000,384.000000,1.000000,-117.549119
1318.000000,383.000000,1.000000,-117.544251
1318.000000,383.000000,1.000000,-117.544620
1317.000000,382.000000,1.000000,-117.548891
1316.000000,382.000000,1.000000,-117.482565
1316.000000,382.000000,1.000000,-117.484982
1315.000000,382.000000,1.000000,-117.485478
1314.000000,381.000000,1.000000,-117.483507
1314.000000,381.000000,1.000000,-117.482169
1313.000000,380.000000,1.000000,-117.480524
1312.000000,380.000000,1.000000,-117.487132
1312.000000,380.000000,1.000000,-117.495345
1311.000000,379.000000,1.000000,-117.510202
1311.000000,379.000000,1.000000,-117.526603
1310.000000,379.000000,1.000000,-117.543741
1309.000000,378.000000,1.000000,-117.559813
1309.000000,378.000000,1.000000,-117.574767
1308.000000,378.000000,1.000000,-117.594490
1308.000000,378.000000,1.000000,-117.615010
1307.000000,377.000000,1.000000,-118.003487
1306.000000,377.000000,1.000000,-118.015453
1306.000000,377.000000,1.000000,-118.033102
1305.000000,376.000000,1.000000,-118.050052
1305.000000,376.000000,1.000000,-118.061318
1304.000000,376.000000,1.000000,-118.075624
1304.000000,375.000000,1.000000,-118.086282
1303.000000,375.000000,1.000000,-118.106788
1302.000000,375.000000,1.000000,-118.118032
1302.000000,374.000000,1.000000,-118.134992
1301.000000,374.000000,1.000000,-118.148682
1300.000000,374.000000,1.000000,-118.166592
1300.000000,373.000000,1.000000,-118.178984
1299.000000,373.000000,1.000000,-118.188965
1299.000000,373.000000,1.000000,-118.252687
1298.000000,372.000000,1.000000,-117.959316
1297.000000,372.000000,1.000000,-117.985562
1297.000000,372.000000,1.000000,-117.999025
1296.000000,371.000000,1.000000,-118.009346
1295.000000,371.000000,1.000000,-118.020803
1295.000000,371.000000,1.000000,-118.027390
1294.000000,371.000000,1.000000,-118.033514
1294.000000,370.000000,1.000000,-118.042072
1295.000000,371.000000,1.000000,-118.027872
1292.000000,369.000000,1.000000,-118.067538
1292.000000,369.000000,1.000000,-118.074987
1291.000000,369.000000,1.000000,-118.082908
1290.000000,368.000000,1.000000,-118.097638
1290.000000,368.000000,1.000000,-118.103510
1289.000000,368.000000,1.000000,-118.113586
1289.000000,367.000000,1.000000,-118.037659
1288.000000,367.000000,1.000000,-118.042503
1287.000000,367.000000,1.000000,-118.049544
1287.000000,366.000000,1.000000,-118.049757
1286.000000,366.000000,1.000000,-118.049728
1285.000000,366.000000,1.000000,-118.050205
1285.000000,365.000000,1.000000,-118.046347
1285.000000,366.000000,1.000000,-118.047163
1283.000000,365.000000,1.000000,-118.046473
1283.000000,364.000000,1.000000,-118.047155
1282.000000,364.000000,1.000000,-118.047174
1282.000000,364.000000,1.000000,-118.046629
1281.000000,363.000000,1.000000,-118.046422
1280.000000,363.000000,1.000000,-118.046824
1280.000000,363.000000,1.000000,-118.050739
1279.000000,362.000000,1.000000,-118.029959
1278.000000,362.000000,1.000000,-118.026080
1278.000000,362.000000,1.000000,-118.022672
1278.000000,362.000000,1.000000,-118.047690
1276.000000,361.000000,1.000000,-117.989317
1276.000000,361.000000,1.000000,-117.978570
1275.000000,360.000000,1.000000,-117.959105
1274.000000,360.000000,1.000000,-117.935132
1274.000000,360.000000,1.000000,-117.913699
1273.000000,359.000000,1.000000,-117.899721
1273.000000,359.000000,1.000000,-117.878808
1272.000000,359.000000,1.000000,-117.861911
1271.000000,358.000000,1.000000,-117.843164
1271.000000,358.000000,1.000000,-117.827561
1270.000000,358.000000,1.000000,-117.813651
1269.000000,357.000000,1.000000,-117.862383
1269.000000,357.000000,1.000000,-117.848381
1268.000000,357.000000,1.000000,-117.828680
1268.000000,357.000000,1.000000,-117.825313
1267.000000,356.000000,1.000000,-117.801689
1266.000000,356.000000,1.000000,-117.794448
1266.000000,355.000000,1.000000,-117.780913
1265.000000,355.000000,1.000000,-117.765784
1265.000000,355.000000,1.000000,-117.752177
1264.000000,354.000000,1.000000,-117.724005
1264.000000,354.000000,1.000000,-117.726921
1263.000000,354.000000,1.000000,-117.698832
1264.000000,354.000000,1.000000,-117.729158
1261.000000,353.000000,1.000000,-117.669504
1261.000000,353.000000,1.000000,-117.665113
1260.000000,352.000000,1.000000,-117.625835
1259.000000,352.000000,1.000000,-117.607749
1259.000000,351.000000,1.000000,-117.590120
1258.000000,351.000000,1.000000,-117.579112
1257.000000,351.000000,1.000000,-117.559724
1257.000000,351.000000,1.000000,-117.550690
1256.000000,350.000000,1.000000,-117.542712
1255.000000,350.000000,1.000000,-117.526382
1255.000000,349.000000,1.000000,-117.508070
1254.000000,349.000000,1.000000,-117.490608
1253.000000,349.000000,1.000000,-117.468250
1253.000000,348.000000,1.000000,-117.461284
1252.000000,348.000000,1.000000,-117.440411
1251.000000,348.000000,1.000000,-117.402249
1251.000000,347.000000,1.000000,-117.387727
1250.000000,347.000000,1.000000,-117.394256
1250.000000,347.000000,1.000000,-117.343978
1249.000000,347.000000,1.000000,-117.316965
1250.000000,347.000000,1.000000,-117.335940
1248.000000,346.000000,1.000000,-117.212101
1247.000000,346.000000,1.000000,-117.185525
1246.000000,345.000000,1.000000,-117.126220
1246.000000,345.000000,1.000000,-117.076440
1245.000000,345.000000,1.000000,-117.048961
1245.000000,344.000000,1.000000,-116.991788
1244.000000,344.000000,1.000000,-116.958666
1243.000000,343.000000,1.000000,-116.914847
1243.000000,343.000000,1.000000,-116.875361
1242.000000,343.000000,1.000000,-116.831616
1241.000000,342.000000,1.000000,-116.797779
1241.000000,342.000000,1.000000,-116.795304
1240.000000,342.000000,1.000000,-116.737667
1240.000000,342.000000,1.000000,-116.700406
1239.000000,341.000000,1.000000,-116.635920
1239.000000,341.000000,1.000000,-116.612334
1238.000000,341.000000,1.000000,-116.545683
1237.000000,340.000000,1.000000,-116.495170
1236.000000,340.000000,1.000000,-116.441656
1236.000000,340.000000,1.000000,-116.391215
1235.000000,339.000000,1.000000,-116.350779
1235.000000,339.000000,1.000000,-116.305116
1234.000000,339.000000,1.000000,-116.267689
1233.000000,338.000000,1.000000,-116.205770
1232.000000,338.000000,1.000000,-116.194303
1232.000000,338.000000,1.000000,-116.212449
1233.000000,338.000000,1.000000,-116.236748
1233.000000,338.000000,1.000000,-116.243741
1232.000000,338.000000,1.000000,-116.209968
1230.000000,337.000000,1.000000,-116.111971
1229.000000,336.000000,1.000000,-116.017232
1228.000000,336.000000,1.000000,-115.975514
1228.000000,336.000000,1.000000,-115.928518
1227.000000,335.000000,1.000000,-115.884946
1227.000000,335.000000,1.000000,-115.848993
1226.000000,335.000000,1.000000,-115.799171
1225.000000,335.000000,1.000000,-115.752532
1225.000000,334.000000,1.000000,-115.728283
1224.000000,334.000000,1.000000,-115.675809
1224.000000,334.000000,1.000000,-115.626562
1223.000000,333.000000,1.000000,-115.583639
1222.000000,333.000000,1.000000,-115.555711
1222.000000,333.000000,1.000000,-115.517918
1221.000000,332.000000,1.000000,-115.469950
1220.000000,332.000000,1.000000,-115.423672
1220.000000,332.000000,1.000000,-115.379820
1219.000000,332.000000,1.000000,-115.351165
1219.000000,331.000000,1.000000,-115.296893
1218.000000,331.000000,1.000000,-115.252907
1217.000000,331.000000,1.000000,-115.198361
1217.000000,331.000000,1.000000,-115.177937
1216.000000,330.000000,1.000000,-115.112131
1216.000000,330.000000,1.000000,-115.081290
1215.000000,330.000000,1.000000,-115.041196
1215.000000,329.000000,1.000000,-114.984452
1216.000000,330.000000,1.000000,-114.989563
1218.000000,331.000000,1.000000,-114.993062
1215.000000,330.000000,1.000000,-114.977022
1212.000000,328.000000,1.000000,-114.931543
1212.000000,328.000000,1.000000,-114.896162
1211.000000,328.000000,1.000000,-114.846582
1210.000000,327.000000,1.000000,-114.787477
1210.000000,327.000000,1.000000,-114.750626
1209.000000,327.000000,1.000000,-114.699934
1208.000000,327.000000,1.000000,-114.648026
1208.000000,326.000000,1.000000,-114.623737
1207.000000,326.000000,1.000000,-114.573768
1207.000000,326.000000,1.000000,-114.519084
1206.000000,325.000000,1.000000,-114.466591
1205.000000,325.000000,1.000000,-114.421800
1205.000000,325.000000,1.000000,-114.408117
1204.000000,325.000000,1.000000,-114.406387
1204.000000,325.000000,1.000000,-114.357349
1203.000000,324.000000,1.000000,-114.333321
1202.000000,324.000000,1.000000,-114.275563
1202.000000,324.000000,1.000000,-114.226906
1201.000000,324.000000,1.000000,-114.197634
1201.000000,323.000000,1.000000,-114.196028
1200.000000,323.000000,1.000000,-114.212100
1200.000000,323.000000,1.000000,-114.234080
1199.000000,322.000000,1.000000,-114.253779
1198.000000,322.000000,1.000000,-114.269620
1198.000000,322.000000,1.000000,-114.270673
1197.000000,322.000000,1.000000,-114.303647
1196.000000,321.000000,1.000000,-114.314982
1196.000000,321.000000,1.000000,-114.321450
1195.000000,321.000000,1.000000,-114.418721
1195.000000,321.000000,1.000000,-114.374377
1194.000000,320.000000,1.000000,-114.382411
1193.000000,320.000000,1.000000,-114.395214
1193.000000,320.000000,1.000000,-114.403464
1192.000000,320.000000,1.000000,-114.415806
1192.000000,319.000000,1.000000,-114.428512
1191.000000,319.000000,1.000000,-114.432953
1191.000000,319.000000,1.000000,-114.433422
1190.000000,318.000000,1.000000,-114.446452
1189.000000,318.000000,1.000000,-114.454653
1189.000000,318.000000,1.000000,-114.464249
1188.000000,318.000000,1.000000,-114.477763
1188.000000,317.000000,1.000000,-114.486353
1187.000000,317.000000,1.000000,-114.493061
1187.000000,317.000000,1.000000,-114.520798
1186.000000,317.000000,1.000000,-114.527120
1185.000000,316.000000,1.000000,-114.542920
1185.000000,316.000000,1.000000,-114.562278
1184.000000,316.000000,1.000000,-114.573507
1184.000000,316.000000,1.000000,-114.589543
1183.000000,315.000000,1.000000,-114.610016
1183.000000,315.000000,1.000000,-114.618355
1182.000000,315.000000,1.000000,-114.626550
1181.000000,315.000000,1.000000,-114.651103
1181.000000,314.000000,1.000000,-114.660616
1180.000000,314.000000,1.000000,-114.678690
1180.000000,314.000000,1.000000,-114.691190
1179.000000,314.000000,1.000000,-114.696549
1179.000000,313.000000,1.000000,-114.720868
1178.000000,313.000000,1.000000,-114.554852
1177.000000,313.000000,1.000000,-114.559730
1177.000000,313.000000,1.000000,-114.567205
1176.000000,312.000000,1.000000,-114.565474
1176.000000,312.000000,1.000000,-114.562707
1175.000000,312.000000,1.000000,-114.563991
1174.000000,312.000000,1.000000,-114.573584
1174.000000,311.000000,1.000000,-114.580260
1174.000000,311.000000,1.000000,-114.581158
1173.000000,311.000000,1.000000,-114.590231
1173.000000,311.000000,1.000000,-114.586622
1172.000000,310.000000,1.000000,-114.587042
1171.000000,310.000000,1.000000,-114.587074
1171.000000,310.000000,1.000000,-114.587598
1170.000000,310.000000,1.000000,-114.592166
1169.000000,309.000000,1.000000,-114.618677
1169.000000,309.000000,1.000000,-114.619395
1168.000000,309.000000,1.000000,-114.621593
1168.000000,309.000000,1.000000,-114.625617
1167.000000,308.000000,1.000000,-114.623002
1167.000000,308.000000,1.000000,-114.620829
1166.000000,308.000000,1.000000,-114.617594
1165.000000,307.000000,1.000000,-114.617941
1165.000000,307.000000,1.000000,-114.612315
1164.000000,307.000000,1.000000,-114.611044
1164.000000,307.000000,1.000000,-114.603272
1163.000000,306.000000,1.000000,-114.596816
1163.000000,306.000000,1.000000,-114.585239
1162.000000,306.000000,1.000000,-114.567888
1161.000000,306.000000,1.000000,-114.550671
1161.000000,305.000000,1.000000,-114.428305
1160.000000,305.000000,1.000000,-114.394404
1160.000000,305.000000,1.000000,-114.382028
1159.000000,305.000000,1.000000,-114.361140
1159.000000,304.000000,1.000000,-114.332050
1158.000000,304.000000,1.000000,-114.304701
1157.000000,304.000000,1.000000,-114.282544
1157.000000,304.000000,1.000000,-114.252948
1156.000000,303.000000,1.000000,-114.223860
1156.000000,303.000000,1.000000,-114.200939
1155.000000,303.000000,1.000000,-114.180611
1154.000000,303.000000,1.000000,-114.158155
1154.000000,303.000000,1.000000,-114.158025
1153.000000,302.000000,1.000000,-114.115900
1153.000000,302.000000,1.000000,-114.101648
1152.000000,302.000000,1.000000,-114.344710
1152.000000,301.000000,1.000000,-114.339453
1151.000000,301.000000,1.000000,-114.320867
1151.000000,301.000000,1.000000,-114.298200
1150.000000,301.000000,1.000000,-114.266013
1149.000000,300.000000,1.000000,-114.248010
1149.000000,300.000000,1.000000,-114.215702
1148.000000,300.000000,1.000000,-114.196581
1148.000000,300.000000,1.000000,-114.171811
1147.000000,299.000000,1.000000,-114.141720
1147.000000,299.000000,1.000000,-114.142457
1146.000000,299.000000,1.000000,-114.109157
1145.000000,299.000000,1.000000,-114.061494
1145.000000,298.000000,1.000000,-114.035821
1145.000000,298.000000,1.000000,-113.995196
1144.000000,298.000000,1.000000,-113.878222
1143.000000,298.000000,1.000000,-113.836488
