-36.000000,-24.000000,1.000000,78.237583
-36.000000,-24.000000,1.000000,78.239645
-36.000000,-24.000000,1.000000,78.242578
-36.000000,-24.000000,1.000000,78.246472
-36.000000,-24.000000,1.000000,78.251414
-36.000000,-24.000000,1.000000,78.257494
-36.000000,-24.000000,1.000000,78.264800
-36.000000,-24.000000,1.000000,78.273420
-36.000000,-24.000000,1.000000,78.283443
-36.000000,-24.000000,1.000000,78.290325
-36.000000,-24.000000,1.000000,78.293934
-36.000000,-24.000000,1.000000,78.298704
-36.000000,-24.000000,1.000000,78.303544
-36.000000,-24.000000,1.000000,78.310345
-36.000000,-24.000000,1.000000,78.318864
-36.000000,-23.000000,1.000000,78.327211
-36.000000,-23.000000,1.000000,78.331748
-36.000000,-23.000000,1.000000,78.341122
-36.000000,-23.000000,1.000000,78.351741
-36.000000,-23.000000,1.000000,78.365850
-36.000000,-23.000000,1.000000,78.374900
-36.000000,-23.000000,1.000000,78.370002
-36.000000,-23.000000,1.000000,78.356786
-36.000000,-23.000000,1.000000,78.330264
-36.000000,-23.000000,1.000000,78.307082
-35.000000,-23.000000,1.000000,78.256671
-35.000000,-23.000000,1.000000,78.206757
-35.000000,-23.000000,1.000000,78.148057
-35.000000,-23.000000,1.000000,78.102464
-35.000000,-23.000000,1.000000,78.000091
-35.000000,-23.000000,1.000000,77.911008
-35.000000,-23.000000,1.000000,77.805718
-35.000000,-23.000000,1.000000,77.708764
-35.000000,-23.000000,1.000000,77.652718
-34.000000,-23.000000,1.000000,77.489811
-34.000000,-23.000000,1.000000,77.350799
-34.000000,-23.000000,1.000000,77.223864
-34.000000,-23.000000,1.000000,77.125905
-34.000000,-23.000000,1.000000,77.013123
-33.000000,-23.000000,1.000000,76.933469
-33.000000,-23.000000,1.000000,76.871566
-33.000000,-23.000000,1.000000,76.824844
-33.000000,-23.000000,1.000000,76.792830
-33.000000,-23.000000,1.000000,76.760660
-32.000000,-23.000000,1.000000,76.739149
-32.000000,-23.000000,1.000000,76.719978
-32.000000,-23.000000,1.000000,76.710256
-32.000000,-23.000000,1.000000,76.706711
-31.000000,-23.000000,1.000000,76.530890
-31.000000,-22.000000,1.000000,76.190887
-31.000000,-22.000000,1.000000,76.162665
-31.000000,-22.000000,1.000000,76.134818
-30.000000,-22.000000,1.000000,76.074654
-30.000000,-22.000000,1.000000,76.023389
-30.000000,-22.000000,1.000000,75.976393
-29.000000,-22.000000,1.000000,75.906090
-29.000000,-22.000000,1.000000,75.851629
-29.000000,-22.000000,1.000000,75.796526
-29.000000,-22.000000,1.000000,75.751914
-28.000000,-22.000000,1.000000,75.722057
-28.000000,-22.000000,1.000000,75.629034
-28.000000,-22.000000,1.000000,75.609744
-27.000000,-22.000000,1.000000,75.567861
-27.000000,-21.000000,1.000000,75.337484
-27.000000,-21.000000,1.000000,75.044429
-26.000000,-21.000000,1.000000,75.022240
-26.000000,-21.000000,1.000000,75.004185
-26.000000,-21.000000,1.000000,74.965645
-26.000000,-21.000000,1.000000,74.933995
-25.000000,-21.000000,1.000000,74.932450
-25.000000,-21.000000,1.000000,74.932444
-25.000000,-21.000000,1.000000,74.924141
-24.000000,-21.000000,1.000000,74.903488
-24.000000,-21.000000,1.000000,74.886165
-24.000000,-21.000000,1.000000,74.874494
-24.000000,-21.000000,1.000000,74.877174
-23.000000,-20.000000,1.000000,74.876698
-23.000000,-20.000000,1.000000,74.862198
-22.000000,-20.000000,1.000000,74.746594
-22.000000,-20.000000,1.000000,74.617825
-22.000000,-20.000000,1.000000,74.602443
-21.000000,-20.000000,1.000000,74.600842
-21.000000,-20.000000,1.000000,74.599412
-21.000000,-20.000000,1.000000,74.588209
-20.000000,-20.000000,1.000000,74.575355
-20.000000,-20.000000,1.000000,74.564899
-20.000000,-20.000000,1.000000,74.553422
-20.000000,-19.000000,1.000000,74.534574
-19.000000,-19.000000,1.000000,74.522021
-19.000000,-19.000000,1.000000,74.501416
-18.000000,-19.000000,1.000000,74.485990
-18.000000,-19.000000,1.000000,74.473803
-18.000000,-19.000000,1.000000,74.463229
-17.000000,-19.000000,1.000000,74.470340
-17.000000,-19.000000,1.000000,74.517763
-17.000000,-19.000000,1.000000,74.502232
-16.000000,-19.000000,1.000000,74.460404
-16.000000,-19.000000,1.000000,74.420170
-16.000000,-19.000000,1.000000,74.419063
-15.000000,-18.000000,1.000000,74.326812
-15.000000,-18.000000,1.000000,74.293313
-15.000000,-18.000000,1.000000,74.258756
-14.000000,-18.000000,1.000000,74.207131
-14.000000,-18.000000,1.000000,74.166883
-13.000000,-18.000000,1.000000,74.125360
-13.000000,-18.000000,1.000000,74.087837
-13.000000,-18.000000,1.000000,74.038406
-12.000000,-18.000000,1.000000,74.008296
-12.000000,-17.000000,1.000000,73.981281
-11.000000,-17.000000,1.000000,73.949195
-11.000000,-17.000000,1.000000,73.913278
-11.000000,-17.000000,1.000000,73.857657
-10.000000,-17.000000,1.000000,73.823308
-10.000000,-17.000000,1.000000,73.792149
-9.000000,-17.000000,1.000000,73.778141
-9.000000,-17.000000,1.000000,73.772537
-8.000000,-17.000000,1.000000,73.717580
-8.000000,-16.000000,1.000000,73.669117
-8.000000,-16.000000,1.000000,73.648524
-7.000000,-16.000000,1.000000,73.644906
-7.000000,-16.000000,1.000000,73.640052
-6.000000,-16.000000,1.000000,73.630935
-6.000000,-16.000000,1.000000,73.632558
-5.000000,-16.000000,1.000000,73.608532
-5.000000,-16.000000,1.000000,73.558977
-4.000000,-15.000000,1.000000,73.580964
-4.000000,-15.000000,1.000000,73.614054
-3.000000,-15.000000,1.000000,73.672942
-3.000000,-15.000000,1.000000,73.723227
-2.000000,-15.000000,1.000000,73.781968
-2.000000,-15.000000,1.000000,73.837336
-1.000000,-15.000000,1.000000,73.908978
-1.000000,-14.000000,1.000000,73.974815
-1.000000,-14.000000,1.000000,74.012252
0.000000,-14.000000,1.000000,74.111116
0.000000,-14.000000,1.000000,74.188488
0.000000,-14.000000,1.000000,74.283388
1.000000,-14.000000,1.000000,74.343589
1.000000,-14.000000,1.000000,74.409676
2.000000,-14.000000,1.000000,74.479178
2.000000,-13.000000,1.000000,74.550112
3.000000,-13.000000,1.000000,74.638604
3.000000,-13.000000,1.000000,74.701018
4.000000,-13.000000,1.000000,74.767141
4.000000,-13.000000,1.000000,74.810964
5.000000,-13.000000,1.000000,74.872556
5.000000,-13.000000,1.000000,74.942289
6.000000,-12.000000,1.000000,75.020074
6.000000,-12.000000,1.000000,75.009294
7.000000,-12.000000,1.000000,75.127907
8.000000,-12.000000,1.000000,75.181210
8.000000,-12.000000,1.000000,75.229738
9.000000,-12.000000,1.000000,75.275005
9.000000,-12.000000,1.000000,75.304432
10.000000,-11.000000,1.000000,75.383452
10.000000,-11.000000,1.000000,75.475826
11.000000,-11.000000,1.000000,75.575873
11.000000,-11.000000,1.000000,75.658670
12.000000,-11.000000,1.000000,75.760735
12.000000,-11.000000,1.000000,75.909619
13.000000,-11.000000,1.000000,76.040857
13.000000,-11.000000,1.000000,76.198711
14.000000,-10.000000,1.000000,76.336638
15.000000,-10.000000,1.000000,76.479232
15.000000,-10.000000,1.000000,76.623765
16.000000,-10.000000,1.000000,76.739071
16.000000,-10.000000,1.000000,76.870898
17.000000,-10.000000,1.000000,76.960159
17.000000,-10.000000,1.000000,76.975633
18.000000,-10.000000,1.000000,77.018365
19.000000,-10.000000,1.000000,77.057759
19.000000,-9.000000,1.000000,77.084209
20.000000,-9.000000,1.000000,77.124294
20.000000,-9.000000,1.000000,77.162186
21.000000,-9.000000,1.000000,77.190496
21.000000,-9.000000,1.000000,77.214831
22.000000,-9.000000,1.000000,77.201715
23.000000,-9.000000,1.000000,77.157857
23.000000,-9.000000,1.000000,77.109626
24.000000,-8.000000,1.000000,77.059781
24.000000,-8.000000,1.000000,77.017522
25.000000,-8.000000,1.000000,76.944810
26.000000,-8.000000,1.000000,76.879740
26.000000,-8.000000,1.000000,76.785257
27.000000,-8.000000,1.000000,76.708095
27.000000,-8.000000,1.000000,76.636822
28.000000,-8.000000,1.000000,76.559635
29.000000,-7.000000,1.000000,76.478108
29.000000,-7.000000,1.000000,76.399613
30.000000,-7.000000,1.000000,76.327969
30.000000,-7.000000,1.000000,76.270436
31.000000,-7.000000,1.000000,76.197355
32.000000,-7.000000,1.000000,76.127038
32.000000,-7.000000,1.000000,76.031750
33.000000,-7.000000,1.000000,75.951080
34.000000,-6.000000,1.000000,75.861340
34.000000,-6.000000,1.000000,75.791505
35.000000,-6.000000,1.000000,75.709717
36.000000,-6.000000,1.000000,75.688582
36.000000,-6.000000,1.000000,75.635771
37.000000,-6.000000,1.000000,75.525460
37.000000,-6.000000,1.000000,75.452583
38.000000,-5.000000,1.000000,75.390123
39.000000,-5.000000,1.000000,75.256252
40.000000,-5.000000,1.000000,75.086901
41.000000,-5.000000,1.000000,74.952252
42.000000,-4.000000,1.000000,74.849095
43.000000,-4.000000,1.000000,74.774219
43.000000,-4.000000,1.000000,74.724414
44.000000,-4.000000,1.000000,74.696469
45.000000,-4.000000,1.000000,74.687175
45.000000,-4.000000,1.000000,74.693320
46.000000,-3.000000,1.000000,74.711695
46.000000,-3.000000,1.000000,74.739089
47.000000,-3.000000,1.000000,74.772291
48.000000,-3.000000,1.000000,74.808092
48.000000,-3.000000,1.000000,74.843281
49.000000,-3.000000,1.000000,74.874647
49.000000,-3.000000,1.000000,74.898981
50.000000,-3.000000,1.000000,74.913072
50.000000,-2.000000,1.000000,74.915307
51.000000,-2.000000,1.000000,74.935120
52.000000,-2.000000,1.000000,74.953043
52.000000,-2.000000,1.000000,74.972648
53.000000,-2.000000,1.000000,74.989683
54.000000,-2.000000,1.000000,75.019277
54.000000,-1.000000,1.000000,75.042226
55.000000,-1.000000,1.000000,75.065514
56.000000,-1.000000,1.000000,75.072129
57.000000,-1.000000,1.000000,75.110504
57.000000,-1.000000,1.000000,75.135340
58.000000,-1.000000,1.000000,75.164544
58.000000,0.000000,1.000000,75.193812
59.000000,0.000000,1.000000,75.224056
60.000000,0.000000,1.000000,75.257709
60.000000,0.000000,1.000000,75.271691
61.000000,0.000000,1.000000,75.301233
62.000000,0.000000,1.000000,75.336777
63.000000,0.000000,1.000000,75.366909
63.000000,0.000000,1.000000,75.382380
64.000000,0.000000,1.000000,75.411621
65.000000,0.000000,1.000000,75.417159
65.000000,0.000000,1.000000,75.415625
66.000000,0.000000,1.000000,75.424337
67.000000,1.000000,1.000000,75.451158
67.000000,1.000000,1.000000,75.440558
68.000000,1.000000,1.000000,75.423211
69.000000,1.000000,1.000000,75.379687
70.000000,1.000000,1.000000,75.331310
70.000000,1.000000,1.000000,75.269122
71.000000,2.000000,1.000000,75.221738
72.000000,2.000000,1.000000,75.139655
72.000000,2.000000,1.000000,75.067443
73.000000,2.000000,1.000000,75.020507
74.000000,2.000000,1.000000,74.962841
74.000000,2.000000,1.000000,74.943197
75.000000,3.000000,1.000000,74.825004
76.000000,3.000000,1.000000,74.789759
76.000000,3.000000,1.000000,74.771333
77.000000,3.000000,1.000000,74.756956
78.000000,3.000000,1.000000,74.725930
79.000000,4.000000,1.000000,74.686641
79.000000,4.000000,1.000000,74.652349
80.000000,4.000000,1.000000,74.619609
81.000000,4.000000,1.000000,74.597507
81.000000,4.000000,1.000000,74.585085
82.000000,4.000000,1.000000,74.569797
83.000000,5.000000,1.000000,74.561373
84.000000,5.000000,1.000000,74.552663
84.000000,5.000000,1.000000,74.543901
85.000000,5.000000,1.000000,74.545052
86.000000,5.000000,1.000000,74.547488
86.000000,6.000000,1.000000,74.556548
87.000000,6.000000,1.000000,74.581445
88.000000,6.000000,1.000000,74.620549
89.000000,6.000000,1.000000,74.642355
89.000000,6.000000,1.000000,74.665792
90.000000,6.000000,1.000000,74.686262
91.000000,7.000000,1.000000,74.705269
91.000000,7.000000,1.000000,74.725579
92.000000,7.000000,1.000000,74.744105
93.000000,7.000000,1.000000,74.763988
93.000000,7.000000,1.000000,74.771946
94.000000,8.000000,1.000000,74.802962
95.000000,8.000000,1.000000,74.812534
96.000000,8.000000,1.000000,74.837486
96.000000,8.000000,1.000000,74.847262
97.000000,8.000000,1.000000,74.866925
98.000000,8.000000,1.000000,74.871543
99.000000,9.000000,1.000000,74.879091
99.000000,9.000000,1.000000,74.884424
100.000000,9.000000,1.000000,74.900816
101.000000,9.000000,1.000000,74.932994
101.000000,9.000000,1.000000,74.929670
102.000000,9.000000,1.000000,74.947567
103.000000,10.000000,1.000000,74.945806
104.000000,10.000000,1.000000,74.955118
104.000000,10.000000,1.000000,74.984459
105.000000,10.000000,1.000000,74.984853
106.000000,10.000000,1.000000,75.000717
107.000000,11.000000,1.000000,75.014566
106.000000,11.000000,1.000000,75.021824
108.000000,11.000000,1.000000,75.023617
109.000000,11.000000,1.000000,75.002825
109.000000,11.000000,1.000000,74.986028
110.000000,11.000000,1.000000,74.991073
111.000000,12.000000,1.000000,74.985143
112.000000,12.000000,1.000000,75.005469
112.000000,12.000000,1.000000,75.017214
113.000000,12.000000,1.000000,75.036695
114.000000,12.000000,1.000000,75.048466
114.000000,12.000000,1.000000,75.062183
115.000000,13.000000,1.000000,75.077471
115.000000,13.000000,1.000000,75.082800
117.000000,13.000000,1.000000,75.096373
117.000000,13.000000,1.000000,75.100346
118.000000,13.000000,1.000000,75.120111
119.000000,14.000000,1.000000,75.135098
119.000000,14.000000,1.000000,75.132413
120.000000,14.000000,1.000000,75.131642
121.000000,14.000000,1.000000,75.141466
121.000000,14.000000,1.000000,75.148449
122.000000,14.000000,1.000000,75.155729
123.000000,14.000000,1.000000,75.161820
124.000000,15.000000,1.000000,75.180164
124.000000,15.000000,1.000000,75.187540
125.000000,15.000000,1.000000,75.188944
126.000000,15.000000,1.000000,75.187002
127.000000,15.000000,1.000000,75.178002
127.000000,16.000000,1.000000,75.165891
128.000000,16.000000,1.000000,75.155278
129.000000,16.000000,1.000000,75.150770
129.000000,16.000000,1.000000,75.144195
130.000000,16.000000,1.000000,75.138395
131.000000,16.000000,1.000000,75.128879
132.000000,17.000000,1.000000,75.120518
132.000000,17.000000,1.000000,75.109627
133.000000,17.000000,1.000000,75.101682
134.000000,17.000000,1.000000,75.088942
135.000000,17.000000,1.000000,75.083025
135.000000,18.000000,1.000000,75.072830
136.000000,18.000000,1.000000,75.064653
137.000000,18.000000,1.000000,75.043785
138.000000,18.000000,1.000000,75.027468
138.000000,18.000000,1.000000,75.009918
137.000000,18.000000,1.000000,75.046372
139.000000,19.000000,1.000000,74.979767
140.000000,19.000000,1.000000,74.937186
141.000000,19.000000,1.000000,74.903550
142.000000,19.000000,1.000000,74.859079
142.000000,19.000000,1.000000,74.873517
144.000000,20.000000,1.000000,74.808142
144.000000,20.000000,1.000000,74.784140
145.000000,20.000000,1.000000,74.775707
146.000000,20.000000,1.000000,74.746106
146.000000,20.000000,1.000000,74.729729
147.000000,20.000000,1.000000,74.712692
148.000000,21.000000,1.000000,74.699326
149.000000,21.000000,1.000000,74.688970
149.000000,21.000000,1.000000,74.673408
150.000000,21.000000,1.000000,74.666646
151.000000,21.000000,1.000000,74.667748
152.000000,22.000000,1.000000,74.684900
152.000000,22.000000,1.000000,74.689803
153.000000,22.000000,1.000000,74.778353
154.000000,22.000000,1.000000,74.804787
155.000000,22.000000,1.000000,74.827076
155.000000,22.000000,1.000000,74.853784
156.000000,23.000000,1.000000,74.875541
157.000000,23.000000,1.000000,74.896806
158.000000,23.000000,1.000000,74.917577
158.000000,23.000000,1.000000,74.935855
159.000000,23.000000,1.000000,74.962829
159.000000,23.000000,1.000000,74.966933
161.000000,24.000000,1.000000,75.001258
162.000000,24.000000,1.000000,75.035655
160.000000,24.000000,1.000000,74.983811
163.000000,24.000000,1.000000,75.071678
163.000000,24.000000,1.000000,75.071857
164.000000,25.000000,1.000000,75.082736
165.000000,25.000000,1.000000,75.102123
166.000000,25.000000,1.000000,75.127832
166.000000,25.000000,1.000000,75.139826
167.000000,25.000000,1.000000,75.163836
168.000000,25.000000,1.000000,75.179320
169.000000,26.000000,1.000000,75.199046
169.000000,26.000000,1.000000,75.214801
170.000000,26.000000,1.000000,75.231829
171.000000,26.000000,1.000000,75.248252
172.000000,26.000000,1.000000,75.265071
172.000000,26.000000,1.000000,75.254907
172.000000,26.000000,1.000000,75.252069
173.000000,27.000000,1.000000,75.255983
174.000000,27.000000,1.000000,75.263133
175.000000,27.000000,1.000000,75.270001
176.000000,27.000000,1.000000,75.273072
177.000000,28.000000,1.000000,75.274112
178.000000,28.000000,1.000000,75.260574
179.000000,28.000000,1.000000,75.244287
179.000000,28.000000,1.000000,75.226930
180.000000,28.000000,1.000000,75.211076
181.000000,29.000000,1.000000,75.200819
182.000000,29.000000,1.000000,75.191922
182.000000,29.000000,1.000000,75.180837
183.000000,29.000000,1.000000,75.172645
183.000000,29.000000,1.000000,75.173504
184.000000,29.000000,1.000000,75.166272
185.000000,30.000000,1.000000,75.163374
186.000000,30.000000,1.000000,75.163935
187.000000,30.000000,1.000000,75.175584
188.000000,30.000000,1.000000,75.178701
189.000000,30.000000,1.000000,75.189760
189.000000,31.000000,1.000000,75.200390
190.000000,31.000000,1.000000,75.208760
191.000000,31.000000,1.000000,75.216184
191.000000,31.000000,1.000000,75.222635
192.000000,31.000000,1.000000,75.228088
192.000000,31.000000,1.000000,75.232515
193.000000,31.000000,1.000000,75.235890
194.000000,32.000000,1.000000,75.238187
195.000000,32.000000,1.000000,75.239378
196.000000,32.000000,1.000000,75.239663
197.000000,32.000000,1.000000,75.240086
198.000000,33.000000,1.000000,75.240266
199.000000,33.000000,1.000000,75.240236
199.000000,33.000000,1.000000,75.240029
200.000000,33.000000,1.000000,75.239680
201.000000,33.000000,1.000000,75.243760
202.000000,33.000000,1.000000,75.251479
202.000000,34.000000,1.000000,75.254932
203.000000,34.000000,1.000000,75.260558
204.000000,34.000000,1.000000,75.266979
205.000000,34.000000,1.000000,75.269029
205.000000,34.000000,1.000000,75.272481
206.000000,35.000000,1.000000,75.274950
207.000000,35.000000,1.000000,75.276181
207.000000,35.000000,1.000000,75.276792
208.000000,35.000000,1.000000,75.277319
209.000000,35.000000,1.000000,75.278168
210.000000,35.000000,1.000000,75.278167
210.000000,36.000000,1.000000,75.278190
210.000000,36.000000,1.000000,75.292775
212.000000,36.000000,1.000000,75.245881
213.000000,36.000000,1.000000,75.227087
214.000000,36.000000,1.000000,75.192613
214.000000,37.000000,1.000000,75.168644
215.000000,37.000000,1.000000,75.116430
216.000000,37.000000,1.000000,75.060774
217.000000,37.000000,1.000000,75.000890
218.000000,37.000000,1.000000,74.937282
218.000000,38.000000,1.000000,74.880197
219.000000,38.000000,1.000000,74.836572
220.000000,38.000000,1.000000,74.715755
221.000000,38.000000,1.000000,74.659313
222.000000,38.000000,1.000000,74.608071
223.000000,39.000000,1.000000,74.584962
223.000000,39.000000,1.000000,74.565820
224.000000,39.000000,1.000000,74.548115
225.000000,39.000000,1.000000,74.514692
225.000000,39.000000,1.000000,74.495727
226.000000,40.000000,1.000000,74.473676
227.000000,40.000000,1.000000,74.447769
228.000000,40.000000,1.000000,74.423958
229.000000,40.000000,1.000000,74.405189
229.000000,40.000000,1.000000,74.386100
230.000000,40.000000,1.000000,74.383354
231.000000,41.000000,1.000000,74.343403
232.000000,41.000000,1.000000,74.320860
233.000000,41.000000,1.000000,74.295030
234.000000,41.000000,1.000000,74.270916
234.000000,42.000000,1.000000,74.250577
235.000000,42.000000,1.000000,74.233597
236.000000,42.000000,1.000000,74.203465
237.000000,42.000000,1.000000,74.189685
238.000000,42.000000,1.000000,74.173468
238.000000,42.000000,1.000000,74.163958
239.000000,43.000000,1.000000,74.137956
240.000000,43.000000,1.000000,74.118124
241.000000,43.000000,1.000000,74.103605
242.000000,43.000000,1.000000,74.079761
242.000000,43.000000,1.000000,74.071052
243.000000,44.000000,1.000000,74.037301
244.000000,44.000000,1.000000,74.019696
245.000000,44.000000,1.000000,73.969011
246.000000,44.000000,1.000000,73.906257
246.000000,45.000000,1.000000,73.886684
247.000000,45.000000,1.000000,73.861820
248.000000,45.000000,1.000000,73.848127
249.000000,45.000000,1.000000,73.828779
249.000000,45.000000,1.000000,73.823611
250.000000,46.000000,1.000000,73.850440
251.000000,46.000000,1.000000,73.890248
252.000000,46.000000,1.000000,73.918399
253.000000,46.000000,1.000000,73.982522
254.000000,47.000000,1.000000,74.021325
254.000000,47.000000,1.000000,74.059164
255.000000,47.000000,1.000000,74.098539
256.000000,47.000000,1.000000,74.139020
257.000000,47.000000,1.000000,74.143411
258.000000,47.000000,1.000000,74.150514
258.000000,48.000000,1.000000,74.178180
259.000000,48.000000,1.000000,74.208634
260.000000,48.000000,1.000000,74.242139
261.000000,48.000000,1.000000,74.274091
262.000000,49.000000,1.000000,74.310651
262.000000,49.000000,1.000000,74.335998
263.000000,49.000000,1.000000,74.360269
264.000000,49.000000,1.000000,74.378827
265.000000,49.000000,1.000000,74.413823
266.000000,50.000000,1.000000,74.451018
266.000000,50.000000,1.000000,74.470677
267.000000,50.000000,1.000000,74.508973
268.000000,50.000000,1.000000,74.529260
269.000000,50.000000,1.000000,74.572267
270.000000,51.000000,1.000000,74.612486
270.000000,51.000000,1.000000,74.644673
271.000000,51.000000,1.000000,74.679444
272.000000,51.000000,1.000000,74.708918
273.000000,51.000000,1.000000,74.742160
274.000000,52.000000,1.000000,74.770069
274.000000,52.000000,1.000000,74.802035
275.000000,52.000000,1.000000,74.832554
276.000000,52.000000,1.000000,74.864536
276.000000,52.000000,1.000000,74.871339
278.000000,53.000000,1.000000,74.905400
278.000000,53.000000,1.000000,74.905443
279.000000,53.000000,1.000000,74.907162
280.000000,53.000000,1.000000,74.902697
281.000000,53.000000,1.000000,74.913642
281.000000,53.000000,1.000000,74.931189
282.000000,54.000000,1.000000,74.931723
279.000000,53.000000,1.000000,74.947173
284.000000,54.000000,1.000000,74.927603
285.000000,54.000000,1.000000,74.924751
286.000000,54.000000,1.000000,74.923504
286.000000,55.000000,1.000000,74.922289
287.000000,55.000000,1.000000,74.922518
288.000000,55.000000,1.000000,74.924919
288.000000,55.000000,1.000000,74.932421
289.000000,55.000000,1.000000,74.940800
289.000000,55.000000,1.000000,74.949208
291.000000,56.000000,1.000000,74.950914
292.000000,56.000000,1.000000,74.957541
293.000000,56.000000,1.000000,74.948227
293.000000,56.000000,1.000000,74.929770
294.000000,56.000000,1.000000,74.935651
295.000000,57.000000,1.000000,74.938668
296.000000,57.000000,1.000000,74.940942
297.000000,57.000000,1.000000,74.940666
298.000000,57.000000,1.000000,74.940939
298.000000,57.000000,1.000000,74.945228
299.000000,58.000000,1.000000,74.947209
300.000000,58.000000,1.000000,74.945411
300.000000,58.000000,1.000000,74.931689
301.000000,58.000000,1.000000,74.925278
302.000000,58.000000,1.000000,74.890173
303.000000,59.000000,1.000000,74.873947
304.000000,59.000000,1.000000,74.857699
305.000000,59.000000,1.000000,74.810551
306.000000,59.000000,1.000000,74.774651
306.000000,59.000000,1.000000,74.752908
307.000000,60.000000,1.000000,74.723104
308.000000,60.000000,1.000000,74.691306
309.000000,60.000000,1.000000,74.664360
309.000000,60.000000,1.000000,74.629527
310.000000,60.000000,1.000000,74.573921
311.000000,60.000000,1.000000,74.534434
312.000000,61.000000,1.000000,74.456189
312.000000,61.000000,1.000000,74.433573
313.000000,61.000000,1.000000,74.357794
314.000000,61.000000,1.000000,74.328360
315.000000,61.000000,1.000000,74.278285
316.000000,62.000000,1.000000,74.245033
317.000000,62.000000,1.000000,74.237058
317.000000,62.000000,1.000000,74.240427
318.000000,62.000000,1.000000,74.187018
319.000000,62.000000,1.000000,74.162736
319.000000,63.000000,1.000000,74.153074
320.000000,63.000000,1.000000,74.139780
321.000000,63.000000,1.000000,74.122543
322.000000,63.000000,1.000000,74.094349
323.000000,63.000000,1.000000,74.075484
324.000000,64.000000,1.000000,74.051297
324.000000,64.000000,1.000000,74.036690
325.000000,64.000000,1.000000,74.014925
326.000000,64.000000,1.000000,74.004357
327.000000,64.000000,1.000000,73.983952
328.000000,65.000000,1.000000,73.962189
328.000000,65.000000,1.000000,73.980273
329.000000,65.000000,1.000000,74.005809
330.000000,65.000000,1.000000,73.985464
331.000000,65.000000,1.000000,73.963420
332.000000,66.000000,1.000000,73.946179
332.000000,66.000000,1.000000,73.932129
333.000000,66.000000,1.000000,73.922902
334.000000,66.000000,1.000000,73.900500
335.000000,66.000000,1.000000,73.892359
336.000000,67.000000,1.000000,73.886737
336.000000,67.000000,1.000000,73.879795
337.000000,67.000000,1.000000,73.863943
