49.000000,13.000000,1.000000,-107.349758
49.000000,13.000000,1.000000,-107.319877
48.000000,13.000000,1.000000,-107.291404
48.000000,13.000000,1.000000,-107.264510
48.000000,13.000000,1.000000,-107.239367
47.000000,12.000000,1.000000,-107.216146
47.000000,12.000000,1.000000,-107.195021
47.000000,12.000000,1.000000,-107.176161
47.000000,12.000000,1.000000,-107.159740
46.000000,12.000000,1.000000,-107.145928
46.000000,12.000000,1.000000,-107.134899
46.000000,12.000000,1.000000,-107.126823
46.000000,12.000000,1.000000,-107.121873
45.000000,12.000000,1.000000,-107.120220
45.000000,12.000000,1.000000,-107.122036
45.000000,12.000000,1.000000,-107.127493
45.000000,12.000000,1.000000,-107.130831
44.000000,12.000000,1.000000,-107.067730
43.000000,11.000000,1.000000,-107.019155
43.000000,11.000000,1.000000,-106.987198
42.000000,11.000000,1.000000,-106.932223
42.000000,11.000000,1.000000,-106.852678
42.000000,11.000000,1.000000,-106.752959
41.000000,11.000000,1.000000,-106.101570
41.000000,11.000000,1.000000,-105.973738
40.000000,11.000000,1.000000,-105.791941
40.000000,11.000000,1.000000,-105.634544
39.000000,11.000000,1.000000,-105.434830
39.000000,10.000000,1.000000,-105.266581
38.000000,10.000000,1.000000,-104.979593
38.000000,10.000000,1.000000,-104.700971
38.000000,10.000000,1.000000,-104.396369
37.000000,10.000000,1.000000,-104.086754
37.000000,10.000000,1.000000,-103.783991
36.000000,10.000000,1.000000,-103.378824
36.000000,10.000000,1.000000,-103.008385
35.000000,10.000000,1.000000,-102.486218
35.000000,10.000000,1.000000,-102.254491
35.000000,10.000000,1.000000,-101.107714
34.000000,9.000000,1.000000,-99.341058
34.000000,9.000000,1.000000,-98.675581
33.000000,9.000000,1.000000,-97.697803
33.000000,9.000000,1.000000,-97.460427
33.000000,9.000000,1.000000,-96.225072
32.000000,9.000000,1.000000,-95.154291
32.000000,9.000000,1.000000,-94.338686
32.000000,9.000000,1.000000,-93.503337
31.000000,9.000000,1.000000,-92.587923
31.000000,9.000000,1.000000,-91.671944
31.000000,9.000000,1.000000,-90.779965
30.000000,9.000000,1.000000,-89.920817
30.000000,9.000000,1.000000,-88.888601
29.000000,9.000000,1.000000,-88.136276
29.000000,9.000000,1.000000,-87.310919
29.000000,9.000000,1.000000,-85.843199
28.000000,9.000000,1.000000,-85.010924
28.000000,9.000000,1.000000,-84.182216
28.000000,9.000000,1.000000,-83.365448
27.000000,9.000000,1.000000,-82.638623
27.000000,9.000000,1.000000,-81.727834
27.000000,9.000000,1.000000,-80.898845
26.000000,9.000000,1.000000,-80.245242
26.000000,9.000000,1.000000,-79.206994
26.000000,9.000000,1.000000,-78.505736
25.000000,10.000000,1.000000,-77.784262
25.000000,10.000000,1.000000,-77.110713
25.000000,10.000000,1.000000,-76.342714
24.000000,10.000000,1.000000,-75.742448
24.000000,10.000000,1.000000,-74.450863
24.000000,10.000000,1.000000,-73.663413
23.000000,10.000000,1.000000,-73.317579
23.000000,10.000000,1.000000,-72.749600
23.000000,10.000000,1.000000,-72.294320
22.000000,10.000000,1.000000,-71.715284
22.000000,10.000000,1.000000,-71.240389
22.000000,11.000000,1.000000,-70.675835
21.000000,11.000000,1.000000,-70.220397
21.000000,11.000000,1.000000,-69.437413
21.000000,11.000000,1.000000,-68.966015
20.000000,11.000000,1.000000,-68.229677
20.000000,11.000000,1.000000,-67.662033
20.000000,11.000000,1.000000,-67.272064
19.000000,11.000000,1.000000,-66.419140
19.000000,12.000000,1.000000,-65.945400
19.000000,12.000000,1.000000,-65.328395
18.000000,12.000000,1.000000,-64.615239
18.000000,12.000000,1.000000,-64.031001
18.000000,12.000000,1.000000,-63.550643
17.000000,12.000000,1.000000,-62.768543
17.000000,13.000000,1.000000,-62.113789
17.000000,13.000000,1.000000,-61.489161
16.000000,13.000000,1.000000,-61.087950
16.000000,13.000000,1.000000,-60.284996
16.000000,13.000000,1.000000,-59.582601
15.000000,13.000000,1.000000,-58.970682
15.000000,14.000000,1.000000,-58.422373
15.000000,14.000000,1.000000,-57.753638
14.000000,14.000000,1.000000,-57.079181
14.000000,14.000000,1.000000,-56.588989
13.000000,15.000000,1.000000,-55.823687
13.000000,15.000000,1.000000,-55.375267
13.000000,15.000000,1.000000,-54.640405
13.000000,15.000000,1.000000,-53.982691
12.000000,15.000000,1.000000,-53.325228
12.000000,16.000000,1.000000,-52.561375
12.000000,16.000000,1.000000,-51.887384
11.000000,16.000000,1.000000,-51.219534
11.000000,16.000000,1.000000,-50.577553
11.000000,17.000000,1.000000,-49.966416
10.000000,17.000000,1.000000,-49.305847
10.000000,17.000000,1.000000,-48.843838
10.000000,17.000000,1.000000,-48.296272
9.000000,18.000000,1.000000,-47.593568
9.000000,18.000000,1.000000,-47.303229
9.000000,18.000000,1.000000,-46.690298
8.000000,19.000000,1.000000,-46.274763
8.000000,19.000000,1.000000,-45.801691
8.000000,19.000000,1.000000,-45.437144
7.000000,20.000000,1.000000,-45.145814
7.000000,20.000000,1.000000,-44.934751
7.000000,20.000000,1.000000,-44.731097
6.000000,20.000000,1.000000,-44.558818
6.000000,21.000000,1.000000,-44.441391
6.000000,21.000000,1.000000,-44.374908
5.000000,21.000000,1.000000,-44.246842
6.000000,20.000000,1.000000,-44.560222
4.000000,23.000000,1.000000,-43.948514
4.000000,22.000000,1.000000,-44.011304
4.000000,23.000000,1.000000,-43.796752
4.000000,23.000000,1.000000,-43.689940
3.000000,24.000000,1.000000,-43.622145
3.000000,24.000000,1.000000,-43.570872
3.000000,24.000000,1.000000,-43.512644
2.000000,25.000000,1.000000,-43.463673
2.000000,25.000000,1.000000,-43.417596
1.000000,25.000000,1.000000,-43.366871
1.000000,25.000000,1.000000,-43.329359
1.000000,26.000000,1.000000,-43.272522
1.000000,26.000000,1.000000,-43.230899
0.000000,27.000000,1.000000,-43.179923
0.000000,27.000000,1.000000,-43.138892
0.000000,27.000000,1.000000,-43.097734
0.000000,28.000000,1.000000,-43.040865
0.000000,28.000000,1.000000,-42.848029
-1.000000,28.000000,1.000000,-42.657634
-1.000000,29.000000,1.000000,-42.656688
-1.000000,29.000000,1.000000,-42.654063
-2.000000,29.000000,1.000000,-42.633156
-2.000000,30.000000,1.000000,-42.606392
-2.000000,30.000000,1.000000,-42.588880
-3.000000,30.000000,1.000000,-42.582484
-3.000000,31.000000,1.000000,-42.584317
-3.000000,31.000000,1.000000,-42.594097
-4.000000,32.000000,1.000000,-42.610131
-4.000000,32.000000,1.000000,-42.629661
-5.000000,32.000000,1.000000,-42.677969
-5.000000,33.000000,1.000000,-42.737240
-5.000000,33.000000,1.000000,-42.781250
-6.000000,33.000000,1.000000,-42.979374
-6.000000,34.000000,1.000000,-43.029330
-6.000000,34.000000,1.000000,-43.054489
-6.000000,34.000000,1.000000,-43.059518
-7.000000,35.000000,1.000000,-43.107819
-7.000000,35.000000,1.000000,-43.171267
-8.000000,35.000000,1.000000,-43.211969
-8.000000,36.000000,1.000000,-43.260799
-8.000000,36.000000,1.000000,-43.315423
-9.000000,37.000000,1.000000,-43.399906
-9.000000,37.000000,1.000000,-43.466818
-9.000000,37.000000,1.000000,-43.544529
-10.000000,37.000000,1.000000,-43.630414
-10.000000,38.000000,1.000000,-43.687534
-10.000000,38.000000,1.000000,-43.818082
-11.000000,39.000000,1.000000,-44.545924
-11.000000,39.000000,1.000000,-45.221693
-11.000000,39.000000,1.000000,-45.517087
-12.000000,40.000000,1.000000,-45.756588
-12.000000,40.000000,1.000000,-46.036044
-12.000000,40.000000,1.000000,-46.332468
-13.000000,40.000000,1.000000,-46.557765
-13.000000,41.000000,1.000000,-46.843818
-13.000000,41.000000,1.000000,-47.085416
-14.000000,41.000000,1.000000,-47.287490
-14.000000,42.000000,1.000000,-47.509748
-14.000000,42.000000,1.000000,-47.789636
-15.000000,42.000000,1.000000,-47.976919
-15.000000,42.000000,1.000000,-48.281807
-15.000000,43.000000,1.000000,-48.460926
-15.000000,43.000000,1.000000,-48.853039
-16.000000,43.000000,1.000000,-50.133257
-16.000000,44.000000,1.000000,-50.251044
-16.000000,44.000000,1.000000,-50.450546
-16.000000,44.000000,1.000000,-50.433861
-17.000000,44.000000,1.000000,-50.857628
-17.000000,44.000000,1.000000,-51.063868
-18.000000,45.000000,1.000000,-51.334479
-18.000000,45.000000,1.000000,-51.524471
-18.000000,45.000000,1.000000,-51.731827
-18.000000,45.000000,1.000000,-51.924522
-19.000000,46.000000,1.000000,-52.132905
-19.000000,46.000000,1.000000,-52.336985
-19.000000,46.000000,1.000000,-52.536914
-19.000000,46.000000,1.000000,-52.761476
-19.000000,46.000000,1.000000,-53.353311
-20.000000,47.000000,1.000000,-53.659359
-20.000000,47.000000,1.000000,-53.886458
-20.000000,47.000000,1.000000,-54.157031
-20.000000,47.000000,1.000000,-54.462975
-21.000000,47.000000,1.000000,-54.772194
-21.000000,47.000000,1.000000,-54.911063
-21.000000,48.000000,1.000000,-55.390914
-21.000000,48.000000,1.000000,-55.674906
-22.000000,48.000000,1.000000,-55.910740
-22.000000,48.000000,1.000000,-56.224518
-22.000000,48.000000,1.000000,-56.577600
-22.000000,48.000000,1.000000,-56.818053
-22.000000,48.000000,1.000000,-56.935856
-23.000000,49.000000,1.000000,-57.350923
-23.000000,49.000000,1.000000,-57.396700
-23.000000,49.000000,1.000000,-57.534576
-23.000000,49.000000,1.000000,-57.707438
-23.000000,49.000000,1.000000,-57.876957
-24.000000,49.000000,1.000000,-58.034394
-24.000000,49.000000,1.000000,-58.140743
-24.000000,50.000000,1.000000,-58.255541
-24.000000,50.000000,1.000000,-58.341859
-24.000000,50.000000,1.000000,-58.412288
-25.000000,50.000000,1.000000,-58.466854
-25.000000,50.000000,1.000000,-58.505457
-25.000000,50.000000,1.000000,-58.520952
-25.000000,50.000000,1.000000,-58.480355
-25.000000,50.000000,1.000000,-58.388775
-26.000000,51.000000,1.000000,-58.229512
-26.000000,51.000000,1.000000,-57.963609
-26.000000,51.000000,1.000000,-57.644411
-26.000000,51.000000,1.000000,-57.450017
-27.000000,51.000000,1.000000,-57.185762
-27.000000,51.000000,1.000000,-56.861961
-27.000000,51.000000,1.000000,-56.440849
-27.000000,51.000000,1.000000,-55.960672
-27.000000,52.000000,1.000000,-55.458519
-28.000000,52.000000,1.000000,-54.753199
-28.000000,52.000000,1.000000,-54.008337
-28.000000,52.000000,1.000000,-53.276085
-28.000000,52.000000,1.000000,-52.522282
-28.000000,52.000000,1.000000,-51.774011
-29.000000,52.000000,1.000000,-50.728824
-29.000000,53.000000,1.000000,-50.222070
-29.000000,53.000000,1.000000,-48.747764
-30.000000,53.000000,1.000000,-47.596364
-30.000000,53.000000,1.000000,-46.560834
-30.000000,54.000000,1.000000,-45.442642
-30.000000,54.000000,1.000000,-44.302712
-31.000000,54.000000,1.000000,-43.131870
-31.000000,54.000000,1.000000,-41.811896
-31.000000,54.000000,1.000000,-41.049659
-31.000000,55.000000,1.000000,-40.107228
-31.000000,55.000000,1.000000,-39.750793
-32.000000,55.000000,1.000000,-38.398785
-32.000000,56.000000,1.000000,-37.623252
-32.000000,56.000000,1.000000,-37.026076
-32.000000,56.000000,1.000000,-36.492363
-32.000000,56.000000,1.000000,-36.707829
-32.000000,56.000000,1.000000,-36.836121
-33.000000,57.000000,1.000000,-34.973851
-33.000000,58.000000,1.000000,-34.617144
-34.000000,58.000000,1.000000,-34.372460
-34.000000,58.000000,1.000000,-34.189841
-34.000000,59.000000,1.000000,-33.939744
-34.000000,59.000000,1.000000,-33.817017
-34.000000,59.000000,1.000000,-33.673986
-35.000000,60.000000,1.000000,-33.574841
-35.000000,60.000000,1.000000,-33.531278
-35.000000,60.000000,1.000000,-33.520108
-35.000000,61.000000,1.000000,-33.488710
-36.000000,61.000000,1.000000,-33.447825
-36.000000,61.000000,1.000000,-33.407546
-36.000000,62.000000,1.000000,-33.337094
-36.000000,62.000000,1.000000,-33.347685
-37.000000,63.000000,1.000000,-33.225116
-37.000000,63.000000,1.000000,-33.114261
-37.000000,64.000000,1.000000,-33.028526
-38.000000,64.000000,1.000000,-32.933689
-38.000000,65.000000,1.000000,-32.836697
-38.000000,65.000000,1.000000,-32.721794
-39.000000,65.000000,1.000000,-32.617375
-39.000000,66.000000,1.000000,-32.482226
-39.000000,66.000000,1.000000,-32.340650
-39.000000,67.000000,1.000000,-32.196647
-40.000000,67.000000,1.000000,-32.076020
-40.000000,67.000000,1.000000,-32.026272
-40.000000,68.000000,1.000000,-31.825639
-41.000000,69.000000,1.000000,-31.672669
-41.000000,69.000000,1.000000,-31.934560
-41.000000,70.000000,1.000000,-31.878452
-42.000000,70.000000,1.000000,-31.718424
-42.000000,71.000000,1.000000,-31.601896
-42.000000,71.000000,1.000000,-31.484722
-43.000000,72.000000,1.000000,-31.409809
-43.000000,72.000000,1.000000,-31.361840
-43.000000,73.000000,1.000000,-31.320506
-43.000000,73.000000,1.000000,-31.291637
-44.000000,74.000000,1.000000,-31.260242
-44.000000,74.000000,1.000000,-31.232268
-45.000000,75.000000,1.000000,-31.188384
-45.000000,75.000000,1.000000,-31.167657
-45.000000,76.000000,1.000000,-31.129654
-45.000000,76.000000,1.000000,-31.103257
-46.000000,76.000000,1.000000,-31.197060
-46.000000,77.000000,1.000000,-31.242566
-46.000000,78.000000,1.000000,-31.208409
-47.000000,78.000000,1.000000,-31.179005
-47.000000,79.000000,1.000000,-31.138664
-47.000000,79.000000,1.000000,-31.108488
-48.000000,80.000000,1.000000,-31.070441
-48.000000,80.000000,1.000000,-31.045441
-48.000000,81.000000,1.000000,-31.017488
-49.000000,81.000000,1.000000,-31.006651
-49.000000,82.000000,1.000000,-30.987639
-49.000000,83.000000,1.000000,-30.974134
-49.000000,83.000000,1.000000,-30.969614
-50.000000,84.000000,1.000000,-30.956042
-50.000000,84.000000,1.000000,-30.943488
-51.000000,85.000000,1.000000,-30.932916
-51.000000,85.000000,1.000000,-30.922654
-51.000000,86.000000,1.000000,-30.915669
-52.000000,86.000000,1.000000,-30.907199
-52.000000,87.000000,1.000000,-30.904096
-52.000000,88.000000,1.000000,-30.893750
-53.000000,88.000000,1.000000,-30.890914
-53.000000,89.000000,1.000000,-30.887097
-53.000000,89.000000,1.000000,-30.883481
-54.000000,90.000000,1.000000,-30.877338
-54.000000,90.000000,1.000000,-30.874008
-54.000000,91.000000,1.000000,-30.866016
-55.000000,91.000000,1.000000,-30.860357
-55.000000,92.000000,1.000000,-30.856539
-55.000000,92.000000,1.000000,-30.857232
-55.000000,93.000000,1.000000,-30.873584
-56.000000,94.000000,1.000000,-30.881630
-57.000000,94.000000,1.000000,-30.875346
-57.000000,95.000000,1.000000,-30.872389
-57.000000,95.000000,1.000000,-30.870852
-58.000000,96.000000,1.000000,-30.866093
-58.000000,97.000000,1.000000,-30.858004
-58.000000,97.000000,1.000000,-30.852960
-59.000000,98.000000,1.000000,-30.847271
-59.000000,98.000000,1.000000,-30.841080
-59.000000,99.000000,1.000000,-30.837754
-60.000000,99.000000,1.000000,-30.834362
-60.000000,100.000000,1.000000,-30.827433
-60.000000,100.000000,1.000000,-30.823419
-61.000000,101.000000,1.000000,-30.818498
-61.000000,102.000000,1.000000,-30.943791
-61.000000,102.000000,1.000000,-30.970355
-62.000000,103.000000,1.000000,-30.956425
-62.000000,103.000000,1.000000,-30.948813
-63.000000,104.000000,1.000000,-30.930619
-63.000000,104.000000,1.000000,-30.923899
-63.000000,105.000000,1.000000,-30.898109
-64.000000,106.000000,1.000000,-30.883141
-64.000000,107.000000,1.000000,-30.865659
-64.000000,107.000000,1.000000,-30.849774
-65.000000,108.000000,1.000000,-30.835354
-65.000000,108.000000,1.000000,-30.820190
-65.000000,109.000000,1.000000,-30.804513
-66.000000,110.000000,1.000000,-30.784185
-66.000000,110.000000,1.000000,-30.775783
-67.000000,111.000000,1.000000,-30.922776
-67.000000,112.000000,1.000000,-30.913924
-67.000000,112.000000,1.000000,-30.904538
-68.000000,113.000000,1.000000,-30.888612
-68.000000,113.000000,1.000000,-30.875723
-68.000000,114.000000,1.000000,-30.856445
-69.000000,115.000000,1.000000,-30.838463
-69.000000,115.000000,1.000000,-30.825097
-70.000000,116.000000,1.000000,-30.813050
-70.000000,116.000000,1.000000,-30.803208
-70.000000,117.000000,1.000000,-30.781183
-71.000000,118.000000,1.000000,-30.767841
-71.000000,118.000000,1.000000,-30.753390
-71.000000,119.000000,1.000000,-30.738986
-72.000000,120.000000,1.000000,-30.734286
-72.000000,120.000000,1.000000,-30.777333
-73.000000,121.000000,1.000000,-30.844590
-73.000000,121.000000,1.000000,-30.864480
-73.000000,122.000000,1.000000,-30.910858
-74.000000,123.000000,1.000000,-30.930334
-74.000000,124.000000,1.000000,-30.984339
-75.000000,124.000000,1.000000,-31.019456
-75.000000,125.000000,1.000000,-31.055013
-75.000000,126.000000,1.000000,-31.096963
-76.000000,126.000000,1.000000,-31.132748
-76.000000,127.000000,1.000000,-31.170867
-76.000000,127.000000,1.000000,-31.184098
-77.000000,128.000000,1.000000,-31.248661
-77.000000,129.000000,1.000000,-31.281109
-78.000000,129.000000,1.000000,-31.318231
-78.000000,130.000000,1.000000,-31.338323
-78.000000,131.000000,1.000000,-31.372608
-79.000000,131.000000,1.000000,-31.401101
-79.000000,132.000000,1.000000,-31.434917
-80.000000,133.000000,1.000000,-31.468278
-80.000000,133.000000,1.000000,-31.491157
-80.000000,134.000000,1.000000,-31.517528
-81.000000,135.000000,1.000000,-31.544136
-81.000000,135.000000,1.000000,-31.566524
-82.000000,136.000000,1.000000,-31.599723
-82.000000,136.000000,1.000000,-31.612005
-82.000000,137.000000,1.000000,-31.629029
-83.000000,138.000000,1.000000,-31.642498
-83.000000,138.000000,1.000000,-31.647749
-84.000000,139.000000,1.000000,-31.638128
-84.000000,139.000000,1.000000,-31.588925
-84.000000,140.000000,1.000000,-31.561313
-85.000000,141.000000,1.000000,-31.535608
-85.000000,142.000000,1.000000,-31.514699
-85.000000,142.000000,1.000000,-31.488370
-86.000000,143.000000,1.000000,-31.464077
-86.000000,143.000000,1.000000,-31.440500
-87.000000,144.000000,1.000000,-31.421690
-87.000000,145.000000,1.000000,-31.401149
-87.000000,145.000000,1.000000,-31.383512
-88.000000,146.000000,1.000000,-31.358970
-88.000000,146.000000,1.000000,-31.326346
-89.000000,147.000000,1.000000,-31.284025
-89.000000,148.000000,1.000000,-31.236929
-89.000000,149.000000,1.000000,-31.189831
-90.000000,149.000000,1.000000,-31.082330
-90.000000,150.000000,1.000000,-31.009869
-91.000000,151.000000,1.000000,-30.954602
-91.000000,151.000000,1.000000,-30.904082
-91.000000,152.000000,1.000000,-30.843673
-92.000000,152.000000,1.000000,-30.790964
-92.000000,153.000000,1.000000,-30.763034
-93.000000,154.000000,1.000000,-30.702307
-93.000000,154.000000,1.000000,-30.662823
-93.000000,155.000000,1.000000,-30.609852
-94.000000,156.000000,1.000000,-30.576328
-94.000000,156.000000,1.000000,-30.536164
-94.000000,157.000000,1.000000,-30.516775
-95.000000,157.000000,1.000000,-30.494232
-94.000000,157.000000,1.000000,-30.513281
-96.000000,159.000000,1.000000,-30.447069
-96.000000,160.000000,1.000000,-30.412499
-96.000000,160.000000,1.000000,-30.414600
-97.000000,161.000000,1.000000,-30.414999
-97.000000,162.000000,1.000000,-30.410557
-98.000000,162.000000,1.000000,-30.411943
-98.000000,163.000000,1.000000,-30.414183
-99.000000,164.000000,1.000000,-30.420028
-99.000000,164.000000,1.000000,-30.424212
-99.000000,165.000000,1.000000,-30.428976
-100.000000,166.000000,1.000000,-30.430343
-100.000000,166.000000,1.000000,-30.433182
-101.000000,167.000000,1.000000,-30.437565
-101.000000,167.000000,1.000000,-30.439645
-101.000000,168.000000,1.000000,-30.437567
-101.000000,168.000000,1.000000,-30.437559
-102.000000,170.000000,1.000000,-30.436242
-102.000000,170.000000,1.000000,-30.436437
-103.000000,170.000000,1.000000,-30.436896
-103.000000,171.000000,1.000000,-30.437219
-104.000000,172.000000,1.000000,-30.437250
-104.000000,173.000000,1.000000,-30.435757
-105.000000,173.000000,1.000000,-30.426019
-105.000000,174.000000,1.000000,-30.410751
-105.000000,175.000000,1.000000,-30.396196
-106.000000,175.000000,1.000000,-30.374869
-106.000000,176.000000,1.000000,-30.351001
-106.000000,177.000000,1.000000,-30.330554
-107.000000,177.000000,1.000000,-30.306666
-107.000000,178.000000,1.000000,-30.303112
-108.000000,179.000000,1.000000,-30.279147
-108.000000,180.000000,1.000000,-30.247329
-108.000000,180.000000,1.000000,-30.232112
-109.000000,180.000000,1.000000,-30.229850
-109.000000,181.000000,1.000000,-30.208371
-110.000000,182.000000,1.000000,-30.198091
-110.000000,183.000000,1.000000,-30.186242
-110.000000,183.000000,1.000000,-30.177477
-111.000000,184.000000,1.000000,-30.167928
-111.000000,185.000000,1.000000,-30.163534
-112.000000,185.000000,1.000000,-30.161030
-112.000000,186.000000,1.000000,-30.155277
-113.000000,187.000000,1.000000,-30.148705
-113.000000,188.000000,1.000000,-30.144816
-113.000000,188.000000,1.000000,-30.145449
-114.000000,189.000000,1.000000,-30.144398
-114.000000,190.000000,1.000000,-30.144422
-115.000000,190.000000,1.000000,-30.142923
-115.000000,191.000000,1.000000,-30.140038
-115.000000,191.000000,1.000000,-30.145916
-116.000000,192.000000,1.000000,-30.161062
-116.000000,193.000000,1.000000,-30.190806
-116.000000,193.000000,1.000000,-30.213320
-117.000000,194.000000,1.000000,-30.228154
-117.000000,195.000000,1.000000,-30.246759
-118.000000,195.000000,1.000000,-30.262380
-118.000000,195.000000,1.000000,-30.262735
-118.000000,197.000000,1.000000,-30.306210
-119.000000,197.000000,1.000000,-30.336845
-119.000000,198.000000,1.000000,-30.355937
-119.000000,198.000000,1.000000,-30.376362
-120.000000,199.000000,1.000000,-30.408434
-120.000000,200.000000,1.000000,-30.436516
-121.000000,200.000000,1.000000,-30.459398
-121.000000,201.000000,1.000000,-30.486827
-121.000000,202.000000,1.000000,-30.503414
-122.000000,202.000000,1.000000,-30.528260
-122.000000,203.000000,1.000000,-30.543876
-123.000000,204.000000,1.000000,-30.570158
-123.000000,204.000000,1.000000,-30.592187
-124.000000,205.000000,1.000000,-30.622299
-124.000000,206.000000,1.000000,-30.647991
-124.000000,206.000000,1.000000,-30.672346
-125.000000,207.000000,1.000000,-30.694794
-125.000000,207.000000,1.000000,-30.722954
-125.000000,208.000000,1.000000,-30.795517
-126.000000,209.000000,1.000000,-30.854513
-126.000000,209.000000,1.000000,-30.916792
-127.000000,210.000000,1.000000,-30.974478
-127.000000,211.000000,1.000000,-31.034236
-127.000000,211.000000,1.000000,-31.092150
-128.000000,212.000000,1.000000,-31.144490
-128.000000,212.000000,1.000000,-31.192767
-129.000000,213.000000,1.000000,-31.207979
-129.000000,214.000000,1.000000,-31.211183
-129.000000,214.000000,1.000000,-31.193432
-130.000000,215.000000,1.000000,-31.175299
-130.000000,216.000000,1.000000,-31.168141
-130.000000,216.000000,1.000000,-31.156780
-131.000000,217.000000,1.000000,-31.147734
-131.000000,217.000000,1.000000,-31.150158
-132.000000,218.000000,1.000000,-31.127483
-132.000000,219.000000,1.000000,-31.102825
-132.000000,219.000000,1.000000,-31.064734
-133.000000,220.000000,1.000000,-31.027860
-133.000000,221.000000,1.000000,-30.987370
-134.000000,221.000000,1.000000,-30.946509
-134.000000,222.000000,1.000000,-30.898959
-134.000000,222.000000,1.000000,-30.860150
-135.000000,223.000000,1.000000,-30.807595
-135.000000,224.000000,1.000000,-30.743765
-135.000000,224.000000,1.000000,-30.730476
-136.000000,225.000000,1.000000,-30.623332
-136.000000,225.000000,1.000000,-30.564559
-137.000000,226.000000,1.000000,-30.517773
-137.000000,227.000000,1.000000,-30.468893
-137.000000,227.000000,1.000000,-30.410986
-138.000000,228.000000,1.000000,-30.361977
-138.000000,229.000000,1.000000,-30.306931
-138.000000,229.000000,1.000000,-30.253504
-139.000000,230.000000,1.000000,-30.199338
-139.000000,230.000000,1.000000,-30.140010
-139.000000,231.000000,1.000000,-30.089269
-140.000000,231.000000,1.000000,-30.043268
-140.000000,232.000000,1.000000,-29.986347
-141.000000,233.000000,1.000000,-29.923893
-141.000000,234.000000,1.000000,-29.840549
-141.000000,234.000000,1.000000,-29.847309
-142.000000,235.000000,1.000000,-29.797991
-142.000000,235.000000,1.000000,-29.802607
-142.000000,236.000000,1.000000,-29.837147
-143.000000,236.000000,1.000000,-29.902440
-143.000000,237.000000,1.000000,-29.956704
-143.000000,238.000000,1.000000,-30.048694
-144.000000,238.000000,1.000000,-30.109118
-144.000000,239.000000,1.000000,-30.161322
-145.000000,239.000000,1.000000,-30.209712
-145.000000,240.000000,1.000000,-30.272197
-145.000000,241.000000,1.000000,-30.331305
-146.000000,241.000000,1.000000,-30.401332
-146.000000,242.000000,1.000000,-30.455567
-146.000000,242.000000,1.000000,-30.519434
-147.000000,243.000000,1.000000,-30.568780
-147.000000,243.000000,1.000000,-30.605409
-147.000000,244.000000,1.000000,-30.624105
-147.000000,244.000000,1.000000,-30.629160
-148.000000,245.000000,1.000000,-30.623740
-148.000000,246.000000,1.000000,-30.578239
-149.000000,246.000000,1.000000,-30.522094
-149.000000,247.000000,1.000000,-30.465693
-149.000000,247.000000,1.000000,-30.419651
-150.000000,248.000000,1.000000,-30.358118
-150.000000,249.000000,1.000000,-30.306656
-151.000000,249.000000,1.000000,-30.229415
-151.000000,250.000000,1.000000,-30.149559
-151.000000,251.000000,1.000000,-30.057207
-152.000000,251.000000,1.000000,-29.933129
-152.000000,251.000000,1.000000,-29.884040
-153.000000,252.000000,1.000000,-29.706636
-153.000000,253.000000,1.000000,-29.615810
-153.000000,254.000000,1.000000,-29.521976
-154.000000,254.000000,1.000000,-29.392851
-154.000000,255.000000,1.000000,-29.290504
-154.000000,256.000000,1.000000,-29.130247
-155.000000,256.000000,1.000000,-29.004974
-155.000000,257.000000,1.000000,-28.828972
-155.000000,257.000000,1.000000,-28.666495
-156.000000,258.000000,1.000000,-28.534994
-156.000000,258.000000,1.000000,-28.465377
-156.000000,259.000000,1.000000,-28.063623
-157.000000,260.000000,1.000000,-27.846871
-157.000000,260.000000,1.000000,-27.658126
-158.000000,261.000000,1.000000,-27.439493
-158.000000,262.000000,1.000000,-27.307568
-158.000000,262.000000,1.000000,-27.065189
-159.000000,263.000000,1.000000,-27.045165
-159.000000,264.000000,1.000000,-26.860763
-159.000000,264.000000,1.000000,-26.682881
-160.000000,265.000000,1.000000,-26.565109
-160.000000,266.000000,1.000000,-26.436264
-160.000000,266.000000,1.000000,-26.366780
-161.000000,267.000000,1.000000,-26.303370
-161.000000,268.000000,1.000000,-26.289412
-161.000000,268.000000,1.000000,-26.296957
-162.000000,269.000000,1.000000,-26.311685
-162.000000,270.000000,1.000000,-26.377080
-162.000000,270.000000,1.000000,-26.448747
-163.000000,271.000000,1.000000,-26.511753
-163.000000,272.000000,1.000000,-26.571580
-163.000000,272.000000,1.000000,-26.633276
-164.000000,273.000000,1.000000,-26.898474
-164.000000,274.000000,1.000000,-27.105700
-164.000000,274.000000,1.000000,-27.195305
-165.000000,275.000000,1.000000,-27.254821
-165.000000,276.000000,1.000000,-27.325663
-165.000000,276.000000,1.000000,-27.343681
-166.000000,277.000000,1.000000,-27.421558
-166.000000,277.000000,1.000000,-27.501358
-167.000000,278.000000,1.000000,-27.578550
-167.000000,278.000000,1.000000,-27.594732
-167.000000,279.000000,1.000000,-27.665421
-167.000000,280.000000,1.000000,-27.711614
-168.000000,281.000000,1.000000,-27.743237
-168.000000,281.000000,1.000000,-27.758176
-169.000000,282.000000,1.000000,-27.758037
-169.000000,283.000000,1.000000,-27.932840
-169.000000,283.000000,1.000000,-27.926011
