240.000000,39.000000,1.000000,76.862114
240.000000,39.000000,1.000000,76.841017
241.000000,39.000000,1.000000,76.819399
242.000000,39.000000,1.000000,76.797380
243.000000,40.000000,1.000000,76.775076
244.000000,40.000000,1.000000,76.752608
245.000000,40.000000,1.000000,76.730092
245.000000,40.000000,1.000000,76.707648
246.000000,40.000000,1.000000,76.685393
247.000000,41.000000,1.000000,76.663446
248.000000,41.000000,1.000000,76.641926
248.000000,41.000000,1.000000,76.620950
249.000000,41.000000,1.000000,76.600638
249.000000,41.000000,1.000000,76.581106
250.000000,41.000000,1.000000,76.562475
250.000000,41.000000,1.000000,76.544861
251.000000,42.000000,1.000000,76.528384
252.000000,42.000000,1.000000,76.513161
252.000000,42.000000,1.000000,76.499312
252.000000,42.000000,1.000000,76.498349
254.000000,42.000000,1.000000,76.481419
254.000000,42.000000,1.000000,76.494902
255.000000,43.000000,1.000000,76.459303
256.000000,43.000000,1.000000,76.456127
256.000000,43.000000,1.000000,76.441506
257.000000,43.000000,1.000000,76.430133
258.000000,43.000000,1.000000,76.430131
259.000000,43.000000,1.000000,76.418452
259.000000,43.000000,1.000000,76.417620
260.000000,44.000000,1.000000,76.410042
261.000000,44.000000,1.000000,76.403978
262.000000,44.000000,1.000000,76.394374
262.000000,44.000000,1.000000,76.387959
263.000000,45.000000,1.000000,76.383158
264.000000,45.000000,1.000000,76.378402
265.000000,45.000000,1.000000,76.374922
265.000000,45.000000,1.000000,76.371396
266.000000,45.000000,1.000000,76.370003
267.000000,45.000000,1.000000,76.351864
268.000000,46.000000,1.000000,76.344355
268.000000,46.000000,1.000000,76.333301
269.000000,46.000000,1.000000,76.326736
270.000000,46.000000,1.000000,76.316151
271.000000,46.000000,1.000000,76.306631
271.000000,47.000000,1.000000,76.295546
272.000000,47.000000,1.000000,76.280856
273.000000,47.000000,1.000000,76.267435
273.000000,47.000000,1.000000,76.257998
274.000000,47.000000,1.000000,76.238998
275.000000,48.000000,1.000000,76.222735
276.000000,48.000000,1.000000,76.207979
276.000000,48.000000,1.000000,76.195987
277.000000,48.000000,1.000000,76.181041
278.000000,48.000000,1.000000,76.167124
279.000000,48.000000,1.000000,76.159427
280.000000,49.000000,1.000000,76.149005
280.000000,49.000000,1.000000,76.137086
281.000000,49.000000,1.000000,76.124875
282.000000,49.000000,1.000000,76.109613
283.000000,49.000000,1.000000,76.085870
283.000000,50.000000,1.000000,76.068327
284.000000,50.000000,1.000000,76.054962
284.000000,50.000000,1.000000,76.051941
286.000000,50.000000,1.000000,76.007480
286.000000,50.000000,1.000000,75.985645
287.000000,51.000000,1.000000,75.965878
288.000000,51.000000,1.000000,75.949912
289.000000,51.000000,1.000000,75.936839
289.000000,51.000000,1.000000,75.931618
290.000000,51.000000,1.000000,75.904013
291.000000,51.000000,1.000000,75.888450
292.000000,52.000000,1.000000,75.878483
292.000000,52.000000,1.000000,75.860267
293.000000,52.000000,1.000000,75.843146
294.000000,52.000000,1.000000,75.823181
295.000000,52.000000,1.000000,75.804699
296.000000,53.000000,1.000000,75.784824
296.000000,53.000000,1.000000,75.766675
297.000000,53.000000,1.000000,75.753919
298.000000,53.000000,1.000000,75.746764
299.000000,53.000000,1.000000,75.718898
299.000000,54.000000,1.000000,75.706645
300.000000,54.000000,1.000000,75.694321
301.000000,54.000000,1.000000,75.693454
301.000000,54.000000,1.000000,75.674714
302.000000,54.000000,1.000000,75.660713
303.000000,54.000000,1.000000,75.649715
304.000000,55.000000,1.000000,75.642496
304.000000,55.000000,1.000000,75.648288
305.000000,55.000000,1.000000,75.655459
306.000000,55.000000,1.000000,75.693754
307.000000,55.000000,1.000000,75.730963
307.000000,56.000000,1.000000,75.768350
308.000000,56.000000,1.000000,75.823088
309.000000,56.000000,1.000000,75.868594
310.000000,56.000000,1.000000,75.917635
310.000000,56.000000,1.000000,75.953584
311.000000,57.000000,1.000000,75.998270
312.000000,57.000000,1.000000,76.044960
312.000000,57.000000,1.000000,76.063597
313.000000,57.000000,1.000000,76.067326
314.000000,57.000000,1.000000,76.070470
314.000000,57.000000,1.000000,76.071736
315.000000,58.000000,1.000000,76.079017
316.000000,58.000000,1.000000,76.084812
317.000000,58.000000,1.000000,76.084507
317.000000,58.000000,1.000000,76.081913
318.000000,58.000000,1.000000,76.077686
319.000000,59.000000,1.000000,76.062377
320.000000,59.000000,1.000000,76.050402
320.000000,59.000000,1.000000,76.037023
321.000000,59.000000,1.000000,76.037961
322.000000,59.000000,1.000000,76.019034
323.000000,59.000000,1.000000,75.964068
323.000000,60.000000,1.000000,75.933588
324.000000,60.000000,1.000000,75.927353
325.000000,60.000000,1.000000,75.908977
325.000000,60.000000,1.000000,75.885310
326.000000,60.000000,1.000000,75.867812
327.000000,61.000000,1.000000,75.856846
328.000000,61.000000,1.000000,75.841428
328.000000,61.000000,1.000000,75.823543
329.000000,61.000000,1.000000,75.817807
330.000000,61.000000,1.000000,75.792435
330.000000,61.000000,1.000000,75.779493
331.000000,62.000000,1.000000,75.735118
332.000000,62.000000,1.000000,75.707896
332.000000,62.000000,1.000000,75.685018
333.000000,62.000000,1.000000,75.663510
334.000000,62.000000,1.000000,75.636857
334.000000,62.000000,1.000000,75.612352
335.000000,63.000000,1.000000,75.585032
336.000000,63.000000,1.000000,75.562279
337.000000,63.000000,1.000000,75.542206
337.000000,63.000000,1.000000,75.522004
338.000000,63.000000,1.000000,75.505427
339.000000,64.000000,1.000000,75.494858
339.000000,64.000000,1.000000,75.493684
340.000000,64.000000,1.000000,75.493797
341.000000,64.000000,1.000000,75.501480
339.000000,64.000000,1.000000,75.430893
339.000000,64.000000,1.000000,75.443972
343.000000,65.000000,1.000000,75.541231
344.000000,65.000000,1.000000,75.585102
344.000000,65.000000,1.000000,75.608189
345.000000,65.000000,1.000000,75.628133
346.000000,65.000000,1.000000,75.665407
346.000000,66.000000,1.000000,75.695903
347.000000,66.000000,1.000000,75.735279
348.000000,66.000000,1.000000,75.781401
348.000000,66.000000,1.000000,75.803266
349.000000,66.000000,1.000000,75.846001
350.000000,67.000000,1.000000,75.920857
351.000000,67.000000,1.000000,75.973333
351.000000,67.000000,1.000000,75.986101
352.000000,67.000000,1.000000,76.051024
352.000000,67.000000,1.000000,76.117781
353.000000,67.000000,1.000000,76.168537
354.000000,67.000000,1.000000,76.261961
354.000000,68.000000,1.000000,76.324688
355.000000,68.000000,1.000000,76.390644
356.000000,68.000000,1.000000,76.453202
356.000000,68.000000,1.000000,76.511779
357.000000,68.000000,1.000000,76.574262
357.000000,68.000000,1.000000,76.598494
358.000000,69.000000,1.000000,76.662335
359.000000,69.000000,1.000000,76.723345
360.000000,69.000000,1.000000,76.775172
360.000000,69.000000,1.000000,76.775565
361.000000,69.000000,1.000000,76.847407
362.000000,69.000000,1.000000,76.870078
363.000000,70.000000,1.000000,76.882058
363.000000,70.000000,1.000000,76.891625
364.000000,70.000000,1.000000,76.897635
365.000000,70.000000,1.000000,76.923882
365.000000,70.000000,1.000000,76.933258
366.000000,70.000000,1.000000,76.952764
366.000000,71.000000,1.000000,76.956715
367.000000,71.000000,1.000000,76.958058
368.000000,71.000000,1.000000,76.951610
369.000000,71.000000,1.000000,76.945217
369.000000,71.000000,1.000000,76.933362
370.000000,71.000000,1.000000,76.930388
371.000000,72.000000,1.000000,76.924983
371.000000,72.000000,1.000000,76.918827
372.000000,72.000000,1.000000,76.919129
373.000000,72.000000,1.000000,76.917716
373.000000,72.000000,1.000000,76.916495
374.000000,72.000000,1.000000,76.905258
375.000000,72.000000,1.000000,76.906052
375.000000,73.000000,1.000000,76.910194
376.000000,73.000000,1.000000,76.913917
377.000000,73.000000,1.000000,76.918658
377.000000,73.000000,1.000000,76.925958
378.000000,73.000000,1.000000,76.923700
379.000000,73.000000,1.000000,76.917060
380.000000,74.000000,1.000000,76.907071
380.000000,74.000000,1.000000,76.897216
381.000000,74.000000,1.000000,76.886025
382.000000,74.000000,1.000000,76.877444
382.000000,74.000000,1.000000,76.877964
383.000000,74.000000,1.000000,76.855278
384.000000,75.000000,1.000000,76.845259
384.000000,75.000000,1.000000,76.834406
385.000000,75.000000,1.000000,76.819495
385.000000,75.000000,1.000000,76.804882
386.000000,75.000000,1.000000,76.782581
387.000000,75.000000,1.000000,76.767490
388.000000,76.000000,1.000000,76.739959
388.000000,76.000000,1.000000,76.708564
389.000000,76.000000,1.000000,76.649296
390.000000,76.000000,1.000000,76.608866
390.000000,76.000000,1.000000,76.532664
391.000000,76.000000,1.000000,76.432846
392.000000,77.000000,1.000000,76.358296
393.000000,77.000000,1.000000,76.266132
393.000000,77.000000,1.000000,76.165343
394.000000,77.000000,1.000000,76.049807
395.000000,77.000000,1.000000,75.954280
395.000000,77.000000,1.000000,75.858147
396.000000,78.000000,1.000000,75.772408
397.000000,78.000000,1.000000,75.663020
397.000000,78.000000,1.000000,75.601232
398.000000,78.000000,1.000000,75.534348
399.000000,78.000000,1.000000,75.468750
399.000000,78.000000,1.000000,75.430410
400.000000,79.000000,1.000000,75.328639
401.000000,79.000000,1.000000,75.267592
402.000000,79.000000,1.000000,75.110335
403.000000,79.000000,1.000000,75.018118
403.000000,80.000000,1.000000,74.921594
404.000000,80.000000,1.000000,74.830478
405.000000,80.000000,1.000000,74.750680
405.000000,80.000000,1.000000,74.568258
406.000000,80.000000,1.000000,74.477916
407.000000,80.000000,1.000000,74.414599
408.000000,81.000000,1.000000,74.302368
409.000000,81.000000,1.000000,74.233295
409.000000,81.000000,1.000000,74.178256
410.000000,81.000000,1.000000,74.132152
411.000000,82.000000,1.000000,74.078282
411.000000,82.000000,1.000000,74.058507
412.000000,82.000000,1.000000,74.032235
413.000000,82.000000,1.000000,74.009798
414.000000,82.000000,1.000000,73.998114
414.000000,83.000000,1.000000,73.998039
415.000000,83.000000,1.000000,73.992616
416.000000,83.000000,1.000000,74.067468
417.000000,83.000000,1.000000,73.746651
418.000000,84.000000,1.000000,73.740190
418.000000,84.000000,1.000000,73.740197
419.000000,84.000000,1.000000,73.740530
420.000000,84.000000,1.000000,73.727373
421.000000,84.000000,1.000000,73.717041
422.000000,85.000000,1.000000,73.707685
422.000000,85.000000,1.000000,73.693295
423.000000,85.000000,1.000000,73.680587
424.000000,85.000000,1.000000,73.674665
425.000000,86.000000,1.000000,73.664243
425.000000,86.000000,1.000000,73.660538
426.000000,86.000000,1.000000,73.659805
427.000000,86.000000,1.000000,73.658788
428.000000,87.000000,1.000000,73.668237
429.000000,87.000000,1.000000,73.410252
429.000000,87.000000,1.000000,73.406569
430.000000,87.000000,1.000000,73.416381
431.000000,88.000000,1.000000,73.438302
432.000000,88.000000,1.000000,73.441204
433.000000,88.000000,1.000000,73.459519
433.000000,88.000000,1.000000,73.481688
434.000000,88.000000,1.000000,73.490547
435.000000,89.000000,1.000000,73.503349
436.000000,89.000000,1.000000,73.506295
437.000000,89.000000,1.000000,73.519903
437.000000,89.000000,1.000000,73.542067
438.000000,90.000000,1.000000,73.555492
439.000000,90.000000,1.000000,73.571123
440.000000,90.000000,1.000000,73.573490
440.000000,90.000000,1.000000,73.490742
441.000000,90.000000,1.000000,73.505230
442.000000,91.000000,1.000000,73.529149
443.000000,91.000000,1.000000,73.550146
443.000000,91.000000,1.000000,73.567298
444.000000,91.000000,1.000000,73.587282
445.000000,92.000000,1.000000,73.603390
446.000000,92.000000,1.000000,73.618766
446.000000,92.000000,1.000000,73.621706
447.000000,92.000000,1.000000,73.629126
448.000000,92.000000,1.000000,73.642676
449.000000,93.000000,1.000000,73.650133
449.000000,93.000000,1.000000,73.645898
450.000000,93.000000,1.000000,73.658822
451.000000,93.000000,1.000000,73.661765
452.000000,93.000000,1.000000,73.644794
453.000000,94.000000,1.000000,73.646698
453.000000,94.000000,1.000000,73.645974
454.000000,94.000000,1.000000,73.634035
455.000000,94.000000,1.000000,73.627536
455.000000,95.000000,1.000000,73.623348
456.000000,95.000000,1.000000,73.616523
457.000000,95.000000,1.000000,73.616555
458.000000,95.000000,1.000000,73.605967
459.000000,95.000000,1.000000,73.600767
459.000000,96.000000,1.000000,73.599307
460.000000,96.000000,1.000000,73.599874
461.000000,96.000000,1.000000,73.604897
461.000000,96.000000,1.000000,73.609398
462.000000,97.000000,1.000000,73.609169
463.000000,97.000000,1.000000,73.509066
464.000000,97.000000,1.000000,73.517229
464.000000,97.000000,1.000000,73.537551
465.000000,97.000000,1.000000,73.559517
466.000000,98.000000,1.000000,73.582380
467.000000,98.000000,1.000000,73.606851
467.000000,98.000000,1.000000,73.637724
468.000000,98.000000,1.000000,73.698391
468.000000,98.000000,1.000000,73.717803
470.000000,99.000000,1.000000,73.823023
470.000000,99.000000,1.000000,73.867847
471.000000,99.000000,1.000000,73.959822
472.000000,99.000000,1.000000,74.049615
472.000000,99.000000,1.000000,74.073943
474.000000,100.000000,1.000000,74.189366
474.000000,100.000000,1.000000,74.167066
475.000000,100.000000,1.000000,74.215417
476.000000,100.000000,1.000000,74.301120
476.000000,100.000000,1.000000,74.394280
477.000000,101.000000,1.000000,74.481600
478.000000,101.000000,1.000000,74.537208
478.000000,101.000000,1.000000,74.613133
479.000000,101.000000,1.000000,74.707800
480.000000,101.000000,1.000000,74.747895
481.000000,102.000000,1.000000,74.806132
481.000000,102.000000,1.000000,74.827607
482.000000,102.000000,1.000000,74.846509
483.000000,102.000000,1.000000,74.883976
484.000000,102.000000,1.000000,74.904014
484.000000,103.000000,1.000000,74.927852
485.000000,103.000000,1.000000,74.814766
486.000000,103.000000,1.000000,74.828753
486.000000,103.000000,1.000000,74.858767
487.000000,103.000000,1.000000,74.869358
488.000000,103.000000,1.000000,74.879888
489.000000,104.000000,1.000000,74.896268
489.000000,104.000000,1.000000,74.917658
490.000000,104.000000,1.000000,74.933595
491.000000,104.000000,1.000000,74.955005
492.000000,104.000000,1.000000,74.996031
492.000000,105.000000,1.000000,75.019349
493.000000,105.000000,1.000000,75.034590
494.000000,105.000000,1.000000,75.036260
494.000000,105.000000,1.000000,75.039160
495.000000,105.000000,1.000000,75.050216
496.000000,105.000000,1.000000,74.943864
496.000000,106.000000,1.000000,74.943915
497.000000,106.000000,1.000000,74.944530
498.000000,106.000000,1.000000,74.949419
499.000000,106.000000,1.000000,74.950305
499.000000,106.000000,1.000000,74.952114
500.000000,106.000000,1.000000,74.948225
501.000000,107.000000,1.000000,74.942136
501.000000,107.000000,1.000000,74.942081
502.000000,107.000000,1.000000,74.937722
503.000000,107.000000,1.000000,74.935502
503.000000,107.000000,1.000000,74.936289
504.000000,107.000000,1.000000,74.930766
505.000000,108.000000,1.000000,74.924386
505.000000,108.000000,1.000000,74.923883
506.000000,108.000000,1.000000,74.921161
507.000000,108.000000,1.000000,74.918767
506.000000,108.000000,1.000000,74.915228
507.000000,108.000000,1.000000,74.910648
509.000000,109.000000,1.000000,74.904007
509.000000,109.000000,1.000000,74.891627
510.000000,109.000000,1.000000,74.883486
511.000000,109.000000,1.000000,74.875389
511.000000,109.000000,1.000000,74.868512
512.000000,109.000000,1.000000,74.863733
513.000000,110.000000,1.000000,74.860851
513.000000,110.000000,1.000000,74.859368
514.000000,110.000000,1.000000,74.851368
514.000000,110.000000,1.000000,74.844580
515.000000,110.000000,1.000000,74.838776
516.000000,110.000000,1.000000,74.873500
516.000000,111.000000,1.000000,74.879888
517.000000,111.000000,1.000000,74.901066
518.000000,111.000000,1.000000,74.915170
519.000000,111.000000,1.000000,74.929486
519.000000,111.000000,1.000000,74.949547
520.000000,111.000000,1.000000,74.981194
521.000000,112.000000,1.000000,75.001143
521.000000,112.000000,1.000000,75.012205
522.000000,112.000000,1.000000,75.026079
522.000000,112.000000,1.000000,75.039104
523.000000,112.000000,1.000000,75.046793
524.000000,112.000000,1.000000,75.049108
525.000000,113.000000,1.000000,75.049286
525.000000,113.000000,1.000000,75.050257
526.000000,113.000000,1.000000,75.031936
527.000000,113.000000,1.000000,75.023943
527.000000,113.000000,1.000000,75.016046
528.000000,113.000000,1.000000,75.007696
528.000000,114.000000,1.000000,75.007302
529.000000,114.000000,1.000000,75.007341
530.000000,114.000000,1.000000,75.005700
531.000000,114.000000,1.000000,75.005166
531.000000,114.000000,1.000000,75.003058
532.000000,114.000000,1.000000,74.997400
533.000000,115.000000,1.000000,74.997404
533.000000,115.000000,1.000000,74.994091
534.000000,115.000000,1.000000,74.991722
535.000000,115.000000,1.000000,74.986937
535.000000,115.000000,1.000000,74.981841
536.000000,115.000000,1.000000,74.963836
537.000000,116.000000,1.000000,74.960923
537.000000,116.000000,1.000000,74.950090
538.000000,116.000000,1.000000,74.934589
539.000000,116.000000,1.000000,74.902275
539.000000,116.000000,1.000000,74.872111
540.000000,116.000000,1.000000,74.852851
541.000000,117.000000,1.000000,74.825694
541.000000,117.000000,1.000000,74.805723
542.000000,117.000000,1.000000,74.793559
542.000000,117.000000,1.000000,74.773359
543.000000,117.000000,1.000000,74.742219
544.000000,117.000000,1.000000,74.724808
544.000000,118.000000,1.000000,74.702237
545.000000,118.000000,1.000000,74.684070
546.000000,118.000000,1.000000,74.638770
546.000000,118.000000,1.000000,74.629921
547.000000,118.000000,1.000000,74.623767
548.000000,118.000000,1.000000,74.615573
548.000000,119.000000,1.000000,74.608144
549.000000,119.000000,1.000000,74.602666
550.000000,119.000000,1.000000,74.595277
550.000000,119.000000,1.000000,74.595162
551.000000,119.000000,1.000000,74.595162
552.000000,119.000000,1.000000,74.595163
552.000000,120.000000,1.000000,74.603260
553.000000,120.000000,1.000000,74.611817
554.000000,120.000000,1.000000,74.616808
554.000000,120.000000,1.000000,74.619413
555.000000,120.000000,1.000000,74.623338
556.000000,120.000000,1.000000,74.664726
556.000000,121.000000,1.000000,74.663394
557.000000,121.000000,1.000000,74.676721
558.000000,121.000000,1.000000,74.697939
558.000000,121.000000,1.000000,74.726192
559.000000,121.000000,1.000000,74.731900
560.000000,121.000000,1.000000,74.731434
561.000000,122.000000,1.000000,74.738869
558.000000,121.000000,1.000000,74.681646
559.000000,121.000000,1.000000,74.696062
562.000000,122.000000,1.000000,74.791429
563.000000,122.000000,1.000000,74.801939
563.000000,122.000000,1.000000,74.808508
564.000000,123.000000,1.000000,74.817536
565.000000,123.000000,1.000000,74.830552
565.000000,123.000000,1.000000,74.854469
566.000000,123.000000,1.000000,74.876610
567.000000,123.000000,1.000000,74.895474
568.000000,123.000000,1.000000,74.901028
568.000000,124.000000,1.000000,74.912482
569.000000,124.000000,1.000000,74.926419
569.000000,124.000000,1.000000,74.950767
570.000000,124.000000,1.000000,74.978630
571.000000,124.000000,1.000000,74.991825
571.000000,124.000000,1.000000,75.022691
572.000000,124.000000,1.000000,75.029332
573.000000,125.000000,1.000000,75.074127
573.000000,125.000000,1.000000,75.094504
574.000000,125.000000,1.000000,75.111648
575.000000,125.000000,1.000000,75.140171
575.000000,125.000000,1.000000,75.199423
576.000000,125.000000,1.000000,75.221141
577.000000,126.000000,1.000000,75.246336
577.000000,126.000000,1.000000,75.274527
578.000000,126.000000,1.000000,75.295132
579.000000,126.000000,1.000000,75.318251
579.000000,126.000000,1.000000,75.339311
580.000000,126.000000,1.000000,75.353029
580.000000,127.000000,1.000000,75.355463
581.000000,127.000000,1.000000,75.354697
582.000000,127.000000,1.000000,75.354060
583.000000,127.000000,1.000000,75.355578
583.000000,127.000000,1.000000,75.359117
584.000000,127.000000,1.000000,75.359048
585.000000,128.000000,1.000000,75.359000
585.000000,128.000000,1.000000,75.367893
586.000000,128.000000,1.000000,75.372186
587.000000,128.000000,1.000000,75.378700
587.000000,128.000000,1.000000,75.381646
588.000000,128.000000,1.000000,75.381527
588.000000,128.000000,1.000000,75.381443
589.000000,129.000000,1.000000,75.380788
590.000000,129.000000,1.000000,75.380814
590.000000,129.000000,1.000000,75.381342
591.000000,129.000000,1.000000,75.387341
592.000000,129.000000,1.000000,75.386953
592.000000,129.000000,1.000000,75.386766
593.000000,130.000000,1.000000,75.385672
593.000000,130.000000,1.000000,75.381116
594.000000,130.000000,1.000000,75.378031
595.000000,130.000000,1.000000,75.378227
595.000000,130.000000,1.000000,75.376201
596.000000,130.000000,1.000000,75.349458
597.000000,131.000000,1.000000,75.321699
598.000000,131.000000,1.000000,75.299221
598.000000,131.000000,1.000000,75.289115
599.000000,131.000000,1.000000,75.268990
599.000000,131.000000,1.000000,75.247330
600.000000,131.000000,1.000000,75.222440
601.000000,132.000000,1.000000,75.209779
601.000000,132.000000,1.000000,75.195364
602.000000,132.000000,1.000000,75.181168
603.000000,132.000000,1.000000,75.149875
603.000000,132.000000,1.000000,75.138165
604.000000,132.000000,1.000000,75.136018
605.000000,132.000000,1.000000,75.137057
605.000000,133.000000,1.000000,75.132695
605.000000,133.000000,1.000000,75.135552
607.000000,133.000000,1.000000,75.114986
607.000000,133.000000,1.000000,75.109295
608.000000,133.000000,1.000000,75.105992
608.000000,133.000000,1.000000,75.102288
609.000000,134.000000,1.000000,75.097591
610.000000,134.000000,1.000000,75.092638
610.000000,134.000000,1.000000,75.093264
611.000000,134.000000,1.000000,75.095482
612.000000,134.000000,1.000000,75.096112
612.000000,134.000000,1.000000,75.091006
613.000000,135.000000,1.000000,75.100556
614.000000,135.000000,1.000000,75.111193
615.000000,135.000000,1.000000,75.095474
615.000000,135.000000,1.000000,75.089425
616.000000,135.000000,1.000000,75.087338
616.000000,135.000000,1.000000,75.087634
617.000000,135.000000,1.000000,75.095660
618.000000,136.000000,1.000000,75.084571
618.000000,136.000000,1.000000,75.056156
619.000000,136.000000,1.000000,75.042321
620.000000,136.000000,1.000000,75.040740
620.000000,136.000000,1.000000,75.041657
621.000000,136.000000,1.000000,75.028653
621.000000,137.000000,1.000000,75.011384
622.000000,137.000000,1.000000,74.972591
623.000000,137.000000,1.000000,74.943069
624.000000,137.000000,1.000000,74.918034
624.000000,137.000000,1.000000,74.877596
625.000000,137.000000,1.000000,74.820110
626.000000,138.000000,1.000000,74.752416
626.000000,138.000000,1.000000,74.685351
627.000000,138.000000,1.000000,74.645527
628.000000,138.000000,1.000000,74.581627
628.000000,138.000000,1.000000,74.522356
629.000000,138.000000,1.000000,74.472900
629.000000,138.000000,1.000000,74.435338
630.000000,139.000000,1.000000,74.361749
631.000000,139.000000,1.000000,74.324985
631.000000,139.000000,1.000000,74.270559
632.000000,139.000000,1.000000,74.220572
633.000000,139.000000,1.000000,74.201554
633.000000,140.000000,1.000000,74.190962
634.000000,140.000000,1.000000,74.169770
634.000000,140.000000,1.000000,74.163637
635.000000,140.000000,1.000000,74.163927
636.000000,140.000000,1.000000,74.173466
637.000000,140.000000,1.000000,74.196374
637.000000,141.000000,1.000000,74.234426
638.000000,141.000000,1.000000,74.295486
639.000000,141.000000,1.000000,74.348043
639.000000,141.000000,1.000000,74.405977
640.000000,141.000000,1.000000,74.461313
641.000000,141.000000,1.000000,74.510518
641.000000,142.000000,1.000000,74.536955
642.000000,142.000000,1.000000,74.653855
643.000000,142.000000,1.000000,74.703498
643.000000,142.000000,1.000000,74.768570
644.000000,142.000000,1.000000,74.827881
644.000000,142.000000,1.000000,74.863289
645.000000,143.000000,1.000000,74.933679
646.000000,143.000000,1.000000,75.009255
647.000000,143.000000,1.000000,75.066947
647.000000,143.000000,1.000000,75.121496
648.000000,143.000000,1.000000,75.182054
649.000000,143.000000,1.000000,75.267657
648.000000,143.000000,1.000000,75.158223
649.000000,144.000000,1.000000,75.277081
650.000000,144.000000,1.000000,75.396600
651.000000,144.000000,1.000000,75.448401
652.000000,144.000000,1.000000,75.490909
653.000000,144.000000,1.000000,75.532101
653.000000,145.000000,1.000000,75.559437
654.000000,145.000000,1.000000,75.580486
654.000000,145.000000,1.000000,75.611486
655.000000,145.000000,1.000000,75.632787
655.000000,145.000000,1.000000,75.642343
656.000000,145.000000,1.000000,75.656038
657.000000,145.000000,1.000000,75.659528
658.000000,146.000000,1.000000,75.658732
658.000000,146.000000,1.000000,75.659527
659.000000,146.000000,1.000000,75.666157
658.000000,146.000000,1.000000,75.655704
660.000000,146.000000,1.000000,75.671356
661.000000,146.000000,1.000000,75.678692
662.000000,147.000000,1.000000,75.679257
662.000000,147.000000,1.000000,75.674231
663.000000,147.000000,1.000000,75.660867
663.000000,147.000000,1.000000,75.604783
664.000000,147.000000,1.000000,75.587623
664.000000,147.000000,1.000000,75.575732
665.000000,147.000000,1.000000,75.545463
666.000000,148.000000,1.000000,75.510693
667.000000,148.000000,1.000000,75.481145
667.000000,148.000000,1.000000,75.451855
668.000000,148.000000,1.000000,75.423308
668.000000,148.000000,1.000000,75.398239
669.000000,148.000000,1.000000,75.359539
670.000000,148.000000,1.000000,75.346970
670.000000,149.000000,1.000000,75.311389
671.000000,149.000000,1.000000,75.297687
672.000000,149.000000,1.000000,75.248894
672.000000,149.000000,1.000000,75.233898
673.000000,149.000000,1.000000,75.163699
674.000000,149.000000,1.000000,75.146927
674.000000,149.000000,1.000000,75.135975
675.000000,150.000000,1.000000,75.123720
675.000000,150.000000,1.000000,75.114872
676.000000,150.000000,1.000000,75.097188
676.000000,150.000000,1.000000,75.085657
677.000000,150.000000,1.000000,75.080190
678.000000,150.000000,1.000000,75.079190
678.000000,150.000000,1.000000,75.081514
679.000000,151.000000,1.000000,75.089239
680.000000,151.000000,1.000000,75.096389
680.000000,151.000000,1.000000,75.098061
681.000000,151.000000,1.000000,75.110642
681.000000,151.000000,1.000000,75.123288
682.000000,151.000000,1.000000,75.166601
683.000000,151.000000,1.000000,75.177778
683.000000,152.000000,1.000000,75.186531
684.000000,152.000000,1.000000,75.199839
684.000000,152.000000,1.000000,75.208000
685.000000,152.000000,1.000000,75.222813
686.000000,152.000000,1.000000,75.235951
686.000000,152.000000,1.000000,75.242816
687.000000,152.000000,1.000000,75.247785
688.000000,153.000000,1.000000,75.259744
688.000000,153.000000,1.000000,75.263628
689.000000,153.000000,1.000000,75.270552
689.000000,153.000000,1.000000,75.278222
