815.000000,196.000000,1.000000,-106.118286
814.000000,196.000000,1.000000,-106.135686
814.000000,196.000000,1.000000,-106.152954
813.000000,196.000000,1.000000,-106.167413
812.000000,195.000000,1.000000,-106.184287
811.000000,195.000000,1.000000,-106.218757
810.000000,195.000000,1.000000,-106.241191
809.000000,195.000000,1.000000,-106.251690
808.000000,194.000000,1.000000,-106.252658
808.000000,194.000000,1.000000,-106.246503
808.000000,194.000000,1.000000,-106.235631
807.000000,194.000000,1.000000,-106.222449
807.000000,194.000000,1.000000,-106.209364
806.000000,194.000000,1.000000,-106.198783
805.000000,193.000000,1.000000,-106.193111
804.000000,193.000000,1.000000,-106.192720
803.000000,193.000000,1.000000,-106.192673
803.000000,193.000000,1.000000,-106.177888
802.000000,193.000000,1.000000,-106.173652
801.000000,192.000000,1.000000,-106.166860
801.000000,192.000000,1.000000,-106.166564
799.000000,192.000000,1.000000,-106.155461
799.000000,192.000000,1.000000,-106.135297
798.000000,192.000000,1.000000,-106.081178
797.000000,191.000000,1.000000,-105.977333
796.000000,191.000000,1.000000,-105.970994
795.000000,191.000000,1.000000,-105.952921
795.000000,191.000000,1.000000,-105.946498
794.000000,191.000000,1.000000,-105.935540
793.000000,190.000000,1.000000,-105.922413
793.000000,190.000000,1.000000,-105.910959
792.000000,190.000000,1.000000,-105.885039
791.000000,190.000000,1.000000,-105.865319
790.000000,190.000000,1.000000,-105.846267
789.000000,189.000000,1.000000,-105.806833
789.000000,189.000000,1.000000,-105.749473
788.000000,189.000000,1.000000,-105.692396
787.000000,189.000000,1.000000,-105.617293
787.000000,189.000000,1.000000,-105.573704
786.000000,188.000000,1.000000,-105.429889
785.000000,188.000000,1.000000,-105.328155
784.000000,188.000000,1.000000,-105.284390
783.000000,188.000000,1.000000,-105.215167
782.000000,188.000000,1.000000,-105.131076
782.000000,187.000000,1.000000,-105.086755
781.000000,187.000000,1.000000,-105.011819
780.000000,187.000000,1.000000,-104.952334
779.000000,187.000000,1.000000,-104.902515
778.000000,187.000000,1.000000,-104.856740
777.000000,186.000000,1.000000,-104.810886
777.000000,186.000000,1.000000,-104.772089
776.000000,186.000000,1.000000,-104.725364
775.000000,186.000000,1.000000,-104.689610
774.000000,186.000000,1.000000,-104.637775
774.000000,185.000000,1.000000,-104.557431
773.000000,185.000000,1.000000,-104.552689
772.000000,185.000000,1.000000,-104.564286
771.000000,185.000000,1.000000,-104.578931
770.000000,185.000000,1.000000,-104.594134
770.000000,184.000000,1.000000,-104.604770
769.000000,184.000000,1.000000,-104.618450
768.000000,184.000000,1.000000,-104.637520
768.000000,184.000000,1.000000,-104.635133
766.000000,184.000000,1.000000,-104.646312
765.000000,183.000000,1.000000,-104.656323
765.000000,183.000000,1.000000,-104.666468
764.000000,183.000000,1.000000,-104.670415
763.000000,183.000000,1.000000,-104.681276
762.000000,183.000000,1.000000,-104.668272
761.000000,182.000000,1.000000,-104.641254
761.000000,182.000000,1.000000,-104.649231
760.000000,182.000000,1.000000,-104.658971
759.000000,182.000000,1.000000,-104.672173
758.000000,182.000000,1.000000,-104.683131
757.000000,181.000000,1.000000,-104.684584
756.000000,181.000000,1.000000,-104.684603
756.000000,181.000000,1.000000,-104.685035
755.000000,181.000000,1.000000,-104.666533
754.000000,181.000000,1.000000,-104.649871
753.000000,180.000000,1.000000,-104.632082
752.000000,180.000000,1.000000,-104.606774
752.000000,180.000000,1.000000,-104.593754
751.000000,180.000000,1.000000,-104.574616
750.000000,180.000000,1.000000,-104.557993
749.000000,179.000000,1.000000,-104.508246
748.000000,179.000000,1.000000,-104.497535
748.000000,179.000000,1.000000,-104.490986
747.000000,179.000000,1.000000,-104.483228
746.000000,179.000000,1.000000,-104.478307
745.000000,178.000000,1.000000,-104.468874
745.000000,178.000000,1.000000,-104.460718
744.000000,178.000000,1.000000,-104.456897
743.000000,178.000000,1.000000,-104.452402
742.000000,178.000000,1.000000,-104.444670
741.000000,178.000000,1.000000,-104.432947
741.000000,177.000000,1.000000,-104.423770
740.000000,177.000000,1.000000,-104.415518
739.000000,177.000000,1.000000,-104.408920
738.000000,177.000000,1.000000,-104.409830
738.000000,177.000000,1.000000,-104.415561
737.000000,176.000000,1.000000,-104.406778
736.000000,176.000000,1.000000,-104.398907
735.000000,176.000000,1.000000,-104.389532
734.000000,176.000000,1.000000,-104.375508
734.000000,176.000000,1.000000,-104.368879
733.000000,176.000000,1.000000,-104.357072
732.000000,175.000000,1.000000,-104.353411
732.000000,175.000000,1.000000,-104.353354
731.000000,175.000000,1.000000,-104.353315
730.000000,175.000000,1.000000,-104.355024
730.000000,175.000000,1.000000,-104.356115
728.000000,174.000000,1.000000,-104.358298
728.000000,174.000000,1.000000,-104.369995
727.000000,174.000000,1.000000,-104.391477
726.000000,174.000000,1.000000,-104.423766
725.000000,174.000000,1.000000,-104.425333
725.000000,173.000000,1.000000,-104.429330
724.000000,173.000000,1.000000,-104.435573
723.000000,173.000000,1.000000,-104.444322
722.000000,173.000000,1.000000,-104.450939
722.000000,173.000000,1.000000,-104.460594
721.000000,173.000000,1.000000,-104.468290
720.000000,172.000000,1.000000,-104.481338
719.000000,172.000000,1.000000,-104.489612
719.000000,172.000000,1.000000,-104.498201
718.000000,172.000000,1.000000,-104.511403
717.000000,172.000000,1.000000,-104.521638
716.000000,171.000000,1.000000,-104.539329
716.000000,171.000000,1.000000,-104.562015
715.000000,171.000000,1.000000,-104.616400
714.000000,171.000000,1.000000,-104.633310
713.000000,171.000000,1.000000,-104.643603
712.000000,171.000000,1.000000,-104.650152
712.000000,170.000000,1.000000,-104.658776
711.000000,170.000000,1.000000,-104.666292
710.000000,170.000000,1.000000,-104.676910
709.000000,170.000000,1.000000,-104.692238
709.000000,170.000000,1.000000,-104.691337
708.000000,169.000000,1.000000,-104.692523
707.000000,169.000000,1.000000,-104.686782
706.000000,169.000000,1.000000,-104.669907
706.000000,169.000000,1.000000,-104.659841
705.000000,169.000000,1.000000,-104.647897
704.000000,169.000000,1.000000,-104.635017
703.000000,168.000000,1.000000,-104.625614
703.000000,168.000000,1.000000,-104.617894
702.000000,168.000000,1.000000,-104.603915
701.000000,168.000000,1.000000,-104.588845
701.000000,168.000000,1.000000,-104.568634
700.000000,168.000000,1.000000,-104.555760
699.000000,167.000000,1.000000,-104.542070
698.000000,167.000000,1.000000,-104.527729
698.000000,167.000000,1.000000,-104.512767
697.000000,167.000000,1.000000,-104.497626
696.000000,167.000000,1.000000,-104.486253
695.000000,166.000000,1.000000,-104.476131
695.000000,166.000000,1.000000,-104.465720
694.000000,166.000000,1.000000,-104.449494
693.000000,166.000000,1.000000,-104.437598
692.000000,166.000000,1.000000,-104.428369
691.000000,166.000000,1.000000,-104.428186
691.000000,165.000000,1.000000,-104.428185
690.000000,165.000000,1.000000,-104.428189
689.000000,165.000000,1.000000,-104.428143
689.000000,165.000000,1.000000,-104.426645
688.000000,165.000000,1.000000,-104.420067
687.000000,165.000000,1.000000,-104.417601
686.000000,164.000000,1.000000,-104.408813
686.000000,164.000000,1.000000,-104.405626
685.000000,164.000000,1.000000,-104.408245
684.000000,164.000000,1.000000,-104.411472
683.000000,164.000000,1.000000,-104.419223
683.000000,163.000000,1.000000,-104.428578
682.000000,163.000000,1.000000,-104.437067
681.000000,163.000000,1.000000,-104.444022
680.000000,163.000000,1.000000,-104.457257
680.000000,163.000000,1.000000,-104.469638
679.000000,163.000000,1.000000,-104.476374
678.000000,162.000000,1.000000,-104.491338
677.000000,162.000000,1.000000,-104.512558
677.000000,162.000000,1.000000,-104.521065
676.000000,162.000000,1.000000,-104.527444
675.000000,162.000000,1.000000,-104.539407
674.000000,162.000000,1.000000,-104.568696
674.000000,161.000000,1.000000,-104.583743
673.000000,161.000000,1.000000,-104.588691
672.000000,161.000000,1.000000,-104.593583
671.000000,161.000000,1.000000,-104.604693
671.000000,161.000000,1.000000,-104.607850
670.000000,160.000000,1.000000,-104.607610
669.000000,160.000000,1.000000,-104.606411
668.000000,160.000000,1.000000,-104.609309
668.000000,160.000000,1.000000,-104.611704
667.000000,160.000000,1.000000,-104.611468
666.000000,160.000000,1.000000,-104.611471
666.000000,159.000000,1.000000,-104.611491
665.000000,159.000000,1.000000,-104.607952
664.000000,159.000000,1.000000,-104.603032
663.000000,159.000000,1.000000,-104.606588
663.000000,159.000000,1.000000,-104.608397
662.000000,159.000000,1.000000,-104.612537
661.000000,158.000000,1.000000,-104.614559
660.000000,158.000000,1.000000,-104.607498
660.000000,158.000000,1.000000,-104.590719
659.000000,158.000000,1.000000,-104.579493
658.000000,158.000000,1.000000,-104.570672
658.000000,158.000000,1.000000,-104.567579
657.000000,157.000000,1.000000,-104.564355
656.000000,157.000000,1.000000,-104.554332
655.000000,157.000000,1.000000,-104.551121
654.000000,157.000000,1.000000,-104.549469
654.000000,157.000000,1.000000,-104.550922
653.000000,156.000000,1.000000,-104.554751
652.000000,156.000000,1.000000,-104.555984
652.000000,156.000000,1.000000,-104.560084
651.000000,156.000000,1.000000,-104.567189
650.000000,156.000000,1.000000,-104.587950
649.000000,156.000000,1.000000,-104.614781
649.000000,155.000000,1.000000,-104.643110
648.000000,155.000000,1.000000,-104.668363
647.000000,155.000000,1.000000,-104.689747
646.000000,155.000000,1.000000,-104.721999
645.000000,155.000000,1.000000,-104.755342
645.000000,154.000000,1.000000,-104.782846
644.000000,154.000000,1.000000,-104.806059
643.000000,154.000000,1.000000,-104.826529
643.000000,154.000000,1.000000,-104.845803
642.000000,154.000000,1.000000,-104.865434
641.000000,154.000000,1.000000,-104.887641
640.000000,153.000000,1.000000,-104.914027
640.000000,153.000000,1.000000,-104.944934
639.000000,153.000000,1.000000,-104.980692
638.000000,153.000000,1.000000,-105.021630
638.000000,153.000000,1.000000,-105.070471
637.000000,153.000000,1.000000,-105.157936
636.000000,152.000000,1.000000,-105.224235
635.000000,152.000000,1.000000,-105.303618
635.000000,152.000000,1.000000,-105.392360
634.000000,152.000000,1.000000,-105.494653
633.000000,152.000000,1.000000,-105.574119
633.000000,151.000000,1.000000,-105.653234
632.000000,151.000000,1.000000,-105.735153
631.000000,151.000000,1.000000,-105.768414
631.000000,151.000000,1.000000,-105.854530
630.000000,151.000000,1.000000,-105.920643
629.000000,150.000000,1.000000,-105.968276
628.000000,150.000000,1.000000,-105.983872
627.000000,150.000000,1.000000,-106.011410
627.000000,150.000000,1.000000,-106.032344
626.000000,150.000000,1.000000,-106.033772
625.000000,150.000000,1.000000,-106.031488
624.000000,149.000000,1.000000,-106.033418
624.000000,149.000000,1.000000,-106.043371
623.000000,149.000000,1.000000,-106.044869
622.000000,149.000000,1.000000,-106.038734
622.000000,149.000000,1.000000,-106.038628
621.000000,148.000000,1.000000,-106.029722
620.000000,148.000000,1.000000,-106.011355
619.000000,148.000000,1.000000,-106.014467
619.000000,148.000000,1.000000,-105.999240
618.000000,148.000000,1.000000,-105.987601
617.000000,147.000000,1.000000,-105.986052
616.000000,147.000000,1.000000,-105.978479
616.000000,147.000000,1.000000,-105.967905
615.000000,147.000000,1.000000,-105.967627
614.000000,147.000000,1.000000,-105.970878
613.000000,146.000000,1.000000,-105.971044
613.000000,146.000000,1.000000,-105.965728
612.000000,146.000000,1.000000,-105.966053
611.000000,146.000000,1.000000,-105.963805
610.000000,146.000000,1.000000,-105.968487
610.000000,145.000000,1.000000,-105.971814
609.000000,145.000000,1.000000,-105.964075
608.000000,145.000000,1.000000,-105.950839
607.000000,145.000000,1.000000,-105.949529
607.000000,145.000000,1.000000,-105.949474
605.000000,144.000000,1.000000,-105.949050
605.000000,144.000000,1.000000,-105.937504
604.000000,144.000000,1.000000,-105.913470
603.000000,144.000000,1.000000,-105.893973
603.000000,144.000000,1.000000,-105.893198
602.000000,143.000000,1.000000,-105.895440
601.000000,143.000000,1.000000,-105.897000
601.000000,143.000000,1.000000,-105.893981
600.000000,143.000000,1.000000,-105.893292
599.000000,143.000000,1.000000,-105.884926
598.000000,142.000000,1.000000,-105.873447
598.000000,142.000000,1.000000,-105.875568
597.000000,142.000000,1.000000,-105.868475
596.000000,142.000000,1.000000,-105.849175
596.000000,142.000000,1.000000,-105.834577
595.000000,141.000000,1.000000,-105.813675
594.000000,141.000000,1.000000,-105.808227
593.000000,141.000000,1.000000,-105.796021
592.000000,141.000000,1.000000,-105.780135
592.000000,141.000000,1.000000,-105.764020
591.000000,141.000000,1.000000,-105.747652
590.000000,140.000000,1.000000,-105.730253
589.000000,140.000000,1.000000,-105.719218
589.000000,140.000000,1.000000,-105.709062
588.000000,140.000000,1.000000,-105.694911
587.000000,140.000000,1.000000,-105.684950
587.000000,139.000000,1.000000,-105.665722
586.000000,139.000000,1.000000,-105.641189
585.000000,139.000000,1.000000,-105.613918
584.000000,139.000000,1.000000,-105.581998
584.000000,139.000000,1.000000,-105.551183
583.000000,138.000000,1.000000,-105.491162
582.000000,138.000000,1.000000,-105.435761
581.000000,138.000000,1.000000,-105.381649
580.000000,138.000000,1.000000,-105.304965
580.000000,138.000000,1.000000,-105.245209
579.000000,137.000000,1.000000,-105.179308
578.000000,137.000000,1.000000,-105.105366
577.000000,137.000000,1.000000,-105.041669
577.000000,137.000000,1.000000,-104.964902
576.000000,137.000000,1.000000,-104.909914
575.000000,137.000000,1.000000,-104.860855
574.000000,136.000000,1.000000,-104.796653
574.000000,136.000000,1.000000,-104.731837
573.000000,136.000000,1.000000,-104.678200
572.000000,136.000000,1.000000,-104.632590
572.000000,136.000000,1.000000,-104.611591
571.000000,135.000000,1.000000,-104.572649
570.000000,135.000000,1.000000,-104.549127
569.000000,135.000000,1.000000,-104.509246
568.000000,135.000000,1.000000,-104.480103
568.000000,135.000000,1.000000,-104.459897
567.000000,135.000000,1.000000,-104.456584
566.000000,134.000000,1.000000,-104.448291
565.000000,134.000000,1.000000,-104.450775
565.000000,134.000000,1.000000,-104.478254
564.000000,134.000000,1.000000,-104.508160
563.000000,134.000000,1.000000,-104.550632
562.000000,133.000000,1.000000,-104.589741
562.000000,133.000000,1.000000,-104.614778
561.000000,133.000000,1.000000,-104.668603
560.000000,133.000000,1.000000,-104.697721
559.000000,133.000000,1.000000,-104.736097
559.000000,133.000000,1.000000,-104.759386
558.000000,132.000000,1.000000,-104.801009
557.000000,132.000000,1.000000,-104.825539
556.000000,132.000000,1.000000,-104.876456
556.000000,132.000000,1.000000,-104.910557
555.000000,132.000000,1.000000,-104.946015
554.000000,132.000000,1.000000,-104.975979
553.000000,131.000000,1.000000,-105.006284
553.000000,131.000000,1.000000,-105.026528
552.000000,131.000000,1.000000,-105.028989
551.000000,131.000000,1.000000,-105.027384
551.000000,131.000000,1.000000,-105.020693
550.000000,130.000000,1.000000,-105.020699
549.000000,130.000000,1.000000,-105.015453
548.000000,130.000000,1.000000,-104.990968
548.000000,130.000000,1.000000,-104.890722
547.000000,130.000000,1.000000,-104.872420
547.000000,130.000000,1.000000,-104.859074
546.000000,129.000000,1.000000,-104.847380
545.000000,129.000000,1.000000,-104.836648
544.000000,129.000000,1.000000,-104.829967
543.000000,129.000000,1.000000,-104.812205
543.000000,129.000000,1.000000,-104.791432
542.000000,129.000000,1.000000,-104.775435
541.000000,128.000000,1.000000,-104.767066
541.000000,128.000000,1.000000,-104.756472
540.000000,128.000000,1.000000,-104.750592
539.000000,128.000000,1.000000,-104.739784
538.000000,128.000000,1.000000,-104.725601
537.000000,127.000000,1.000000,-104.711557
537.000000,127.000000,1.000000,-104.701148
536.000000,127.000000,1.000000,-104.697779
536.000000,127.000000,1.000000,-104.684688
535.000000,127.000000,1.000000,-104.682222
534.000000,127.000000,1.000000,-104.679435
533.000000,127.000000,1.000000,-104.664825
533.000000,126.000000,1.000000,-104.649260
532.000000,126.000000,1.000000,-104.646872
531.000000,126.000000,1.000000,-104.638633
531.000000,126.000000,1.000000,-104.634805
530.000000,126.000000,1.000000,-104.618276
529.000000,126.000000,1.000000,-104.603748
528.000000,125.000000,1.000000,-104.594444
528.000000,125.000000,1.000000,-104.590435
527.000000,125.000000,1.000000,-104.584614
526.000000,125.000000,1.000000,-104.626383
526.000000,125.000000,1.000000,-104.614608
525.000000,125.000000,1.000000,-104.614298
524.000000,124.000000,1.000000,-104.613564
524.000000,124.000000,1.000000,-104.622046
523.000000,124.000000,1.000000,-104.630471
522.000000,124.000000,1.000000,-104.637080
521.000000,124.000000,1.000000,-104.651365
521.000000,124.000000,1.000000,-104.655769
520.000000,123.000000,1.000000,-104.667315
519.000000,123.000000,1.000000,-104.672109
519.000000,123.000000,1.000000,-104.675696
518.000000,123.000000,1.000000,-104.688156
517.000000,123.000000,1.000000,-104.703715
516.000000,123.000000,1.000000,-104.718693
516.000000,122.000000,1.000000,-104.727737
515.000000,122.000000,1.000000,-104.733631
515.000000,122.000000,1.000000,-104.735682
514.000000,122.000000,1.000000,-104.753089
513.000000,122.000000,1.000000,-104.775012
512.000000,122.000000,1.000000,-104.791755
512.000000,121.000000,1.000000,-104.811494
511.000000,121.000000,1.000000,-104.829026
511.000000,121.000000,1.000000,-104.834284
510.000000,121.000000,1.000000,-104.856819
509.000000,121.000000,1.000000,-104.871759
508.000000,121.000000,1.000000,-104.886750
507.000000,120.000000,1.000000,-104.905014
507.000000,120.000000,1.000000,-104.919177
506.000000,120.000000,1.000000,-104.942287
505.000000,120.000000,1.000000,-104.949058
505.000000,120.000000,1.000000,-104.962654
504.000000,120.000000,1.000000,-104.979960
503.000000,119.000000,1.000000,-105.004138
502.000000,119.000000,1.000000,-105.017393
502.000000,119.000000,1.000000,-105.036428
501.000000,119.000000,1.000000,-105.050411
500.000000,119.000000,1.000000,-105.065094
500.000000,119.000000,1.000000,-105.090209
499.000000,118.000000,1.000000,-105.102032
498.000000,118.000000,1.000000,-105.112692
498.000000,118.000000,1.000000,-105.130465
497.000000,118.000000,1.000000,-105.140042
496.000000,118.000000,1.000000,-105.144194
496.000000,118.000000,1.000000,-105.156806
495.000000,117.000000,1.000000,-105.148505
494.000000,117.000000,1.000000,-105.159714
493.000000,117.000000,1.000000,-105.167989
493.000000,117.000000,1.000000,-105.185372
492.000000,117.000000,1.000000,-105.199949
491.000000,117.000000,1.000000,-105.204972
491.000000,116.000000,1.000000,-105.204062
490.000000,116.000000,1.000000,-105.210272
489.000000,116.000000,1.000000,-105.211688
489.000000,116.000000,1.000000,-105.217630
488.000000,116.000000,1.000000,-105.226204
487.000000,115.000000,1.000000,-105.238349
486.000000,115.000000,1.000000,-105.246248
486.000000,115.000000,1.000000,-105.252409
485.000000,115.000000,1.000000,-105.263753
484.000000,115.000000,1.000000,-105.276763
484.000000,115.000000,1.000000,-105.283212
483.000000,114.000000,1.000000,-105.284782
482.000000,114.000000,1.000000,-105.288061
482.000000,114.000000,1.000000,-105.291434
481.000000,114.000000,1.000000,-105.298297
480.000000,114.000000,1.000000,-105.307338
480.000000,114.000000,1.000000,-105.313334
479.000000,113.000000,1.000000,-105.314439
478.000000,113.000000,1.000000,-105.316827
478.000000,113.000000,1.000000,-105.323916
477.000000,113.000000,1.000000,-105.332908
476.000000,113.000000,1.000000,-105.337539
475.000000,113.000000,1.000000,-105.340192
475.000000,113.000000,1.000000,-105.327818
474.000000,112.000000,1.000000,-105.436316
473.000000,112.000000,1.000000,-105.440284
473.000000,112.000000,1.000000,-105.440306
472.000000,112.000000,1.000000,-105.438190
471.000000,112.000000,1.000000,-105.436465
471.000000,111.000000,1.000000,-105.441601
470.000000,111.000000,1.000000,-105.442548
469.000000,111.000000,1.000000,-105.446082
469.000000,111.000000,1.000000,-105.448887
468.000000,111.000000,1.000000,-105.452940
467.000000,111.000000,1.000000,-105.456002
467.000000,110.000000,1.000000,-105.455748
466.000000,110.000000,1.000000,-105.461211
465.000000,110.000000,1.000000,-105.461552
464.000000,110.000000,1.000000,-105.476881
464.000000,110.000000,1.000000,-105.512522
463.000000,109.000000,1.000000,-105.512152
462.000000,109.000000,1.000000,-105.511927
462.000000,109.000000,1.000000,-105.513116
461.000000,109.000000,1.000000,-105.517113
460.000000,109.000000,1.000000,-105.521460
460.000000,109.000000,1.000000,-105.519267
459.000000,108.000000,1.000000,-105.518952
458.000000,108.000000,1.000000,-105.518951
458.000000,108.000000,1.000000,-105.518952
457.000000,108.000000,1.000000,-105.518540
457.000000,108.000000,1.000000,-105.518505
456.000000,108.000000,1.000000,-105.516054
455.000000,107.000000,1.000000,-105.513712
454.000000,107.000000,1.000000,-105.513874
454.000000,107.000000,1.000000,-105.519824
453.000000,107.000000,1.000000,-105.521085
452.000000,107.000000,1.000000,-105.519516
452.000000,107.000000,1.000000,-105.517610
451.000000,107.000000,1.000000,-105.516104
450.000000,106.000000,1.000000,-105.515773
449.000000,106.000000,1.000000,-105.523422
449.000000,106.000000,1.000000,-105.525845
448.000000,106.000000,1.000000,-105.525710
447.000000,106.000000,1.000000,-105.526621
447.000000,105.000000,1.000000,-105.527538
446.000000,105.000000,1.000000,-105.531487
446.000000,105.000000,1.000000,-105.533002
445.000000,105.000000,1.000000,-105.531736
444.000000,105.000000,1.000000,-105.526356
443.000000,105.000000,1.000000,-105.517827
443.000000,104.000000,1.000000,-105.513867
442.000000,104.000000,1.000000,-105.500409
441.000000,104.000000,1.000000,-105.490047
440.000000,104.000000,1.000000,-105.469872
440.000000,104.000000,1.000000,-105.446309
439.000000,103.000000,1.000000,-105.420372
438.000000,103.000000,1.000000,-105.381184
438.000000,103.000000,1.000000,-105.335254
437.000000,103.000000,1.000000,-105.300006
436.000000,103.000000,1.000000,-105.270458
436.000000,103.000000,1.000000,-105.232914
435.000000,102.000000,1.000000,-105.185478
434.000000,102.000000,1.000000,-105.158755
433.000000,102.000000,1.000000,-105.116188
432.000000,102.000000,1.000000,-104.940922
432.000000,102.000000,1.000000,-104.919947
431.000000,102.000000,1.000000,-104.892705
430.000000,101.000000,1.000000,-104.864310
430.000000,101.000000,1.000000,-104.833436
429.000000,101.000000,1.000000,-104.805978
428.000000,101.000000,1.000000,-104.784120
427.000000,101.000000,1.000000,-104.750095
427.000000,100.000000,1.000000,-104.729918
426.000000,100.000000,1.000000,-104.706458
425.000000,100.000000,1.000000,-104.675428
425.000000,100.000000,1.000000,-104.660054
424.000000,100.000000,1.000000,-104.633093
423.000000,100.000000,1.000000,-104.601112
422.000000,99.000000,1.000000,-104.420584
421.000000,99.000000,1.000000,-104.053304
421.000000,99.000000,1.000000,-104.030526
420.000000,99.000000,1.000000,-104.007551
419.000000,99.000000,1.000000,-103.975773
418.000000,99.000000,1.000000,-103.955703
417.000000,98.000000,1.000000,-103.922717
417.000000,98.000000,1.000000,-103.911599
416.000000,98.000000,1.000000,-103.911552
416.000000,98.000000,1.000000,-103.911504
414.000000,98.000000,1.000000,-103.909780
414.000000,97.000000,1.000000,-103.909610
413.000000,97.000000,1.000000,-103.915976
412.000000,97.000000,1.000000,-103.930314
411.000000,97.000000,1.000000,-103.944728
411.000000,97.000000,1.000000,-104.158925
410.000000,97.000000,1.000000,-103.648652
409.000000,96.000000,1.000000,-103.638204
408.000000,96.000000,1.000000,-103.644022
408.000000,96.000000,1.000000,-103.658875
407.000000,96.000000,1.000000,-103.675416
406.000000,96.000000,1.000000,-103.694539
405.000000,96.000000,1.000000,-103.714248
405.000000,95.000000,1.000000,-103.729916
404.000000,95.000000,1.000000,-103.744023
403.000000,95.000000,1.000000,-103.753384
402.000000,95.000000,1.000000,-103.754788
402.000000,95.000000,1.000000,-103.755206
402.000000,95.000000,1.000000,-103.763947
401.000000,95.000000,1.000000,-103.781926
400.000000,94.000000,1.000000,-103.805523
399.000000,94.000000,1.000000,-103.831118
398.000000,94.000000,1.000000,-103.855091
397.000000,94.000000,1.000000,-103.873823
396.000000,93.000000,1.000000,-103.883695
395.000000,93.000000,1.000000,-103.891517
394.000000,93.000000,1.000000,-103.918510
394.000000,93.000000,1.000000,-103.934568
393.000000,93.000000,1.000000,-103.942185
392.000000,93.000000,1.000000,-103.953598
391.000000,92.000000,1.000000,-103.968188
391.000000,92.000000,1.000000,-103.981858
390.000000,92.000000,1.000000,-103.992122
389.000000,92.000000,1.000000,-104.000052
388.000000,92.000000,1.000000,-104.009911
388.000000,91.000000,1.000000,-104.021842
387.000000,91.000000,1.000000,-104.016003
386.000000,91.000000,1.000000,-104.028493
386.000000,91.000000,1.000000,-104.044919
385.000000,91.000000,1.000000,-104.058934
384.000000,91.000000,1.000000,-104.067349
383.000000,90.000000,1.000000,-104.080916
382.000000,90.000000,1.000000,-104.091794
381.000000,90.000000,1.000000,-104.103548
381.000000,90.000000,1.000000,-104.116425
380.000000,90.000000,1.000000,-104.130196
380.000000,90.000000,1.000000,-104.134063
378.000000,89.000000,1.000000,-104.151555
378.000000,89.000000,1.000000,-104.159888
377.000000,89.000000,1.000000,-104.167292
376.000000,89.000000,1.000000,-104.142903
375.000000,89.000000,1.000000,-103.982691
374.000000,88.000000,1.000000,-103.992356
374.000000,88.000000,1.000000,-104.003979
373.000000,88.000000,1.000000,-104.017924
372.000000,88.000000,1.000000,-104.019381
372.000000,88.000000,1.000000,-104.024697
371.000000,87.000000,1.000000,-104.032262
370.000000,87.000000,1.000000,-104.040862
369.000000,87.000000,1.000000,-104.044876
369.000000,87.000000,1.000000,-104.056947
368.000000,87.000000,1.000000,-104.066516
367.000000,87.000000,1.000000,-104.075180
366.000000,86.000000,1.000000,-104.081302
366.000000,86.000000,1.000000,-104.096394
365.000000,86.000000,1.000000,-104.017432
364.000000,86.000000,1.000000,-103.625733
363.000000,86.000000,1.000000,-103.629718
363.000000,85.000000,1.000000,-103.637353
362.000000,85.000000,1.000000,-103.646310
361.000000,85.000000,1.000000,-103.650074
360.000000,85.000000,1.000000,-103.652487
360.000000,85.000000,1.000000,-103.661919
359.000000,84.000000,1.000000,-103.667531
358.000000,84.000000,1.000000,-103.673583
358.000000,84.000000,1.000000,-103.679733
357.000000,84.000000,1.000000,-103.689821
356.000000,84.000000,1.000000,-103.692494
355.000000,84.000000,1.000000,-103.709330
354.000000,83.000000,1.000000,-103.715000
354.000000,83.000000,1.000000,-103.801557
353.000000,83.000000,1.000000,-103.578401
352.000000,83.000000,1.000000,-103.594957
351.000000,83.000000,1.000000,-103.618782
351.000000,82.000000,1.000000,-103.635978
350.000000,82.000000,1.000000,-103.649641
349.000000,82.000000,1.000000,-103.656566
348.000000,82.000000,1.000000,-103.667400
348.000000,82.000000,1.000000,-103.670565
347.000000,82.000000,1.000000,-103.673354
346.000000,81.000000,1.000000,-103.682949
346.000000,81.000000,1.000000,-103.685085
