582.000000,127.000000,1.000000,74.974781
583.000000,128.000000,1.000000,74.977028
584.000000,128.000000,1.000000,74.979017
584.000000,128.000000,1.000000,74.980764
583.000000,127.000000,1.000000,74.982281
580.000000,127.000000,1.000000,74.983585
577.000000,126.000000,1.000000,74.984689
572.000000,125.000000,1.000000,74.985607
566.000000,123.000000,1.000000,74.986354
558.000000,121.000000,1.000000,74.986945
549.000000,119.000000,1.000000,74.987393
538.000000,116.000000,1.000000,74.987713
525.000000,113.000000,1.000000,74.987920
513.000000,110.000000,1.000000,74.988021
520.000000,112.000000,1.000000,74.988865
520.000000,112.000000,1.000000,74.982353
521.000000,112.000000,1.000000,74.977303
522.000000,112.000000,1.000000,74.965332
523.000000,112.000000,1.000000,74.942104
524.000000,113.000000,1.000000,74.926569
524.000000,113.000000,1.000000,74.917999
525.000000,113.000000,1.000000,74.911962
526.000000,113.000000,1.000000,74.910379
526.000000,113.000000,1.000000,74.911331
527.000000,114.000000,1.000000,74.888777
528.000000,114.000000,1.000000,74.880364
529.000000,114.000000,1.000000,74.871807
530.000000,114.000000,1.000000,74.865579
530.000000,114.000000,1.000000,74.855173
531.000000,115.000000,1.000000,74.850927
532.000000,115.000000,1.000000,74.848448
533.000000,115.000000,1.000000,74.843266
533.000000,115.000000,1.000000,74.837491
534.000000,115.000000,1.000000,74.831611
535.000000,115.000000,1.000000,74.821186
535.000000,116.000000,1.000000,74.814049
536.000000,116.000000,1.000000,74.807563
537.000000,116.000000,1.000000,74.805785
538.000000,116.000000,1.000000,74.797119
539.000000,116.000000,1.000000,74.789036
539.000000,117.000000,1.000000,74.786756
540.000000,117.000000,1.000000,74.789573
541.000000,117.000000,1.000000,74.789572
542.000000,117.000000,1.000000,74.791232
542.000000,117.000000,1.000000,74.794397
543.000000,117.000000,1.000000,74.797880
544.000000,118.000000,1.000000,74.797914
544.000000,118.000000,1.000000,74.797895
545.000000,118.000000,1.000000,74.799327
546.000000,118.000000,1.000000,74.799078
546.000000,118.000000,1.000000,74.797594
547.000000,119.000000,1.000000,74.799590
548.000000,119.000000,1.000000,74.803068
549.000000,119.000000,1.000000,74.809544
549.000000,119.000000,1.000000,74.810708
550.000000,119.000000,1.000000,74.814279
551.000000,119.000000,1.000000,74.814200
552.000000,120.000000,1.000000,74.811344
552.000000,120.000000,1.000000,74.805444
553.000000,120.000000,1.000000,74.805646
554.000000,120.000000,1.000000,74.805609
554.000000,120.000000,1.000000,74.803124
555.000000,120.000000,1.000000,74.801052
556.000000,121.000000,1.000000,74.800972
557.000000,121.000000,1.000000,74.791794
557.000000,121.000000,1.000000,74.794077
558.000000,121.000000,1.000000,74.808415
559.000000,121.000000,1.000000,74.814828
559.000000,122.000000,1.000000,74.720326
560.000000,122.000000,1.000000,74.708635
561.000000,122.000000,1.000000,74.709022
561.000000,122.000000,1.000000,74.708966
562.000000,122.000000,1.000000,74.709474
563.000000,122.000000,1.000000,74.712410
564.000000,123.000000,1.000000,74.712958
564.000000,123.000000,1.000000,74.715876
565.000000,123.000000,1.000000,74.715483
566.000000,123.000000,1.000000,74.715259
567.000000,123.000000,1.000000,74.715837
567.000000,123.000000,1.000000,74.715698
568.000000,124.000000,1.000000,74.715370
569.000000,124.000000,1.000000,74.715320
569.000000,124.000000,1.000000,74.716391
570.000000,124.000000,1.000000,74.766115
571.000000,124.000000,1.000000,74.765994
572.000000,125.000000,1.000000,74.769149
572.000000,125.000000,1.000000,74.773552
573.000000,125.000000,1.000000,74.779873
574.000000,125.000000,1.000000,74.782772
574.000000,125.000000,1.000000,74.784388
575.000000,125.000000,1.000000,74.788068
576.000000,126.000000,1.000000,74.787906
576.000000,126.000000,1.000000,74.789688
577.000000,126.000000,1.000000,74.790856
578.000000,126.000000,1.000000,74.799944
578.000000,126.000000,1.000000,74.803780
579.000000,126.000000,1.000000,74.801141
580.000000,127.000000,1.000000,74.806635
580.000000,127.000000,1.000000,74.807729
581.000000,127.000000,1.000000,74.807735
582.000000,127.000000,1.000000,74.809473
583.000000,127.000000,1.000000,74.815864
583.000000,127.000000,1.000000,74.821366
584.000000,128.000000,1.000000,74.823342
585.000000,128.000000,1.000000,74.836672
586.000000,128.000000,1.000000,74.877369
586.000000,128.000000,1.000000,74.917212
587.000000,128.000000,1.000000,74.951911
587.000000,128.000000,1.000000,74.966880
588.000000,129.000000,1.000000,75.026921
589.000000,129.000000,1.000000,75.075466
590.000000,129.000000,1.000000,75.143932
575.000000,126.000000,1.000000,74.135579
523.000000,113.000000,1.000000,70.606161
440.000000,94.000000,1.000000,64.925005
331.000000,68.000000,1.000000,57.476859
203.000000,37.000000,1.000000,48.646471
59.000000,3.000000,1.000000,38.818590
-92.000000,-32.000000,1.000000,28.377964
-248.000000,-70.000000,1.000000,17.709341
-401.000000,-106.000000,1.000000,7.197471
-546.000000,-141.000000,1.000000,-2.772905
-678.000000,-172.000000,1.000000,-11.817026
-791.000000,-199.000000,1.000000,-19.550150
-879.000000,-220.000000,1.000000,-25.587527
-936.000000,-233.000000,1.000000,-29.544410
-958.000000,-239.000000,1.000000,-31.036051
-938.000000,-234.000000,1.000000,-29.677699
-871.000000,-218.000000,1.000000,-25.084608
-751.000000,-189.000000,1.000000,-16.872029
-573.000000,-147.000000,1.000000,-4.655213
-331.000000,-89.000000,1.000000,11.950594
-19.000000,-15.000000,1.000000,33.330129
367.000000,76.000000,1.000000,59.868147
605.000000,133.000000,1.000000,75.436844
607.000000,133.000000,1.000000,75.658386
608.000000,133.000000,1.000000,75.626996
609.000000,134.000000,1.000000,75.591196
609.000000,134.000000,1.000000,75.556455
610.000000,134.000000,1.000000,75.533975
611.000000,134.000000,1.000000,75.498729
611.000000,134.000000,1.000000,75.470746
612.000000,134.000000,1.000000,75.460845
613.000000,134.000000,1.000000,75.548487
613.000000,135.000000,1.000000,75.539975
614.000000,135.000000,1.000000,75.490171
615.000000,135.000000,1.000000,75.444461
616.000000,135.000000,1.000000,75.412644
616.000000,135.000000,1.000000,75.396140
617.000000,136.000000,1.000000,75.378562
618.000000,136.000000,1.000000,75.356685
619.000000,136.000000,1.000000,75.307805
619.000000,136.000000,1.000000,75.291439
620.000000,136.000000,1.000000,75.280253
621.000000,136.000000,1.000000,75.267572
622.000000,137.000000,1.000000,75.232778
622.000000,137.000000,1.000000,75.219272
623.000000,137.000000,1.000000,75.201545
623.000000,137.000000,1.000000,75.184401
624.000000,137.000000,1.000000,75.155783
625.000000,137.000000,1.000000,75.133234
626.000000,138.000000,1.000000,75.120324
627.000000,138.000000,1.000000,75.106451
627.000000,138.000000,1.000000,75.091489
628.000000,138.000000,1.000000,75.074840
627.000000,138.000000,1.000000,75.090395
629.000000,138.000000,1.000000,75.042438
630.000000,139.000000,1.000000,75.029533
631.000000,139.000000,1.000000,75.007475
631.000000,139.000000,1.000000,74.992283
632.000000,139.000000,1.000000,74.971575
633.000000,139.000000,1.000000,74.953575
634.000000,140.000000,1.000000,74.953050
635.000000,140.000000,1.000000,74.951945
635.000000,140.000000,1.000000,74.938527
636.000000,140.000000,1.000000,74.925942
637.000000,140.000000,1.000000,74.904643
637.000000,140.000000,1.000000,74.895963
638.000000,141.000000,1.000000,74.882867
639.000000,141.000000,1.000000,74.864575
639.000000,141.000000,1.000000,74.845745
640.000000,141.000000,1.000000,74.833383
641.000000,141.000000,1.000000,74.817742
642.000000,142.000000,1.000000,74.800101
642.000000,142.000000,1.000000,74.782989
643.000000,142.000000,1.000000,74.775802
644.000000,142.000000,1.000000,74.743951
644.000000,142.000000,1.000000,74.737386
645.000000,142.000000,1.000000,74.732960
646.000000,143.000000,1.000000,74.709992
647.000000,143.000000,1.000000,74.689205
647.000000,143.000000,1.000000,74.670826
648.000000,143.000000,1.000000,74.654946
649.000000,143.000000,1.000000,74.640817
649.000000,143.000000,1.000000,74.629119
650.000000,144.000000,1.000000,74.616667
651.000000,144.000000,1.000000,74.601507
651.000000,144.000000,1.000000,74.591064
652.000000,144.000000,1.000000,74.577519
653.000000,144.000000,1.000000,74.566746
654.000000,145.000000,1.000000,74.548824
654.000000,145.000000,1.000000,74.543688
655.000000,145.000000,1.000000,74.535543
656.000000,145.000000,1.000000,74.471532
656.000000,145.000000,1.000000,74.460033
657.000000,145.000000,1.000000,74.451436
658.000000,146.000000,1.000000,74.450309
659.000000,146.000000,1.000000,74.448041
659.000000,146.000000,1.000000,74.449463
660.000000,146.000000,1.000000,74.458825
661.000000,146.000000,1.000000,74.479244
661.000000,146.000000,1.000000,74.493749
662.000000,147.000000,1.000000,74.543394
663.000000,147.000000,1.000000,74.627410
663.000000,147.000000,1.000000,74.685600
664.000000,147.000000,1.000000,74.769785
665.000000,147.000000,1.000000,74.848586
665.000000,148.000000,1.000000,74.878419
666.000000,148.000000,1.000000,74.920516
667.000000,148.000000,1.000000,74.981378
667.000000,148.000000,1.000000,75.023528
668.000000,148.000000,1.000000,75.111298
669.000000,148.000000,1.000000,75.172195
669.000000,149.000000,1.000000,75.244171
670.000000,149.000000,1.000000,75.310681
671.000000,149.000000,1.000000,75.382639
672.000000,149.000000,1.000000,75.447631
672.000000,149.000000,1.000000,75.511862
673.000000,149.000000,1.000000,75.578930
673.000000,150.000000,1.000000,75.620377
674.000000,150.000000,1.000000,75.694742
675.000000,150.000000,1.000000,75.755251
676.000000,150.000000,1.000000,75.815709
676.000000,150.000000,1.000000,75.907165
677.000000,150.000000,1.000000,75.943619
678.000000,151.000000,1.000000,75.985074
679.000000,151.000000,1.000000,76.016963
679.000000,151.000000,1.000000,76.052422
680.000000,151.000000,1.000000,76.080898
681.000000,151.000000,1.000000,76.105621
681.000000,151.000000,1.000000,76.129754
682.000000,151.000000,1.000000,76.161157
682.000000,152.000000,1.000000,76.179106
683.000000,152.000000,1.000000,76.213567
684.000000,152.000000,1.000000,76.230122
685.000000,152.000000,1.000000,76.267588
685.000000,152.000000,1.000000,76.293221
686.000000,152.000000,1.000000,76.321143
687.000000,153.000000,1.000000,76.362523
687.000000,153.000000,1.000000,76.385667
688.000000,153.000000,1.000000,76.410382
689.000000,153.000000,1.000000,76.424132
689.000000,153.000000,1.000000,76.430823
690.000000,153.000000,1.000000,76.430065
691.000000,153.000000,1.000000,76.421182
691.000000,154.000000,1.000000,76.405843
692.000000,154.000000,1.000000,76.389523
693.000000,154.000000,1.000000,76.371700
694.000000,154.000000,1.000000,76.333847
694.000000,154.000000,1.000000,76.328061
694.000000,154.000000,1.000000,76.308508
695.000000,154.000000,1.000000,76.271834
696.000000,155.000000,1.000000,76.250366
696.000000,155.000000,1.000000,75.990653
697.000000,155.000000,1.000000,75.937891
698.000000,155.000000,1.000000,75.886892
698.000000,155.000000,1.000000,75.886821
699.000000,155.000000,1.000000,75.817796
700.000000,155.000000,1.000000,75.767952
700.000000,156.000000,1.000000,75.725332
701.000000,156.000000,1.000000,75.687993
702.000000,156.000000,1.000000,75.640989
702.000000,156.000000,1.000000,75.605951
703.000000,156.000000,1.000000,75.570104
703.000000,156.000000,1.000000,75.537060
704.000000,156.000000,1.000000,75.506330
705.000000,157.000000,1.000000,75.462296
705.000000,157.000000,1.000000,75.424418
706.000000,157.000000,1.000000,75.291800
707.000000,157.000000,1.000000,75.252162
707.000000,157.000000,1.000000,75.221839
708.000000,157.000000,1.000000,75.184853
708.000000,157.000000,1.000000,75.152344
709.000000,158.000000,1.000000,75.134575
710.000000,158.000000,1.000000,75.104064
710.000000,158.000000,1.000000,75.067580
711.000000,158.000000,1.000000,75.040977
711.000000,158.000000,1.000000,75.004322
712.000000,158.000000,1.000000,74.989525
712.000000,158.000000,1.000000,74.964116
713.000000,159.000000,1.000000,74.945173
714.000000,159.000000,1.000000,74.907832
714.000000,159.000000,1.000000,74.883454
715.000000,159.000000,1.000000,74.850939
715.000000,159.000000,1.000000,74.824618
716.000000,159.000000,1.000000,74.800145
717.000000,159.000000,1.000000,74.783738
717.000000,159.000000,1.000000,74.769529
718.000000,160.000000,1.000000,74.751163
718.000000,160.000000,1.000000,74.735783
719.000000,160.000000,1.000000,74.720474
720.000000,160.000000,1.000000,74.694630
720.000000,160.000000,1.000000,74.674946
721.000000,160.000000,1.000000,74.666125
721.000000,160.000000,1.000000,74.645854
722.000000,161.000000,1.000000,74.622717
722.000000,161.000000,1.000000,74.609354
723.000000,161.000000,1.000000,74.592462
723.000000,161.000000,1.000000,74.846219
724.000000,161.000000,1.000000,74.832021
724.000000,161.000000,1.000000,74.814009
725.000000,161.000000,1.000000,74.787327
726.000000,162.000000,1.000000,74.759893
726.000000,162.000000,1.000000,74.744431
723.000000,161.000000,1.000000,74.748794
710.000000,158.000000,1.000000,74.835798
691.000000,153.000000,1.000000,74.979041
668.000000,147.000000,1.000000,75.147895
647.000000,142.000000,1.000000,75.311734
631.000000,138.000000,1.000000,75.439928
623.000000,136.000000,1.000000,75.501849
629.000000,137.000000,1.000000,75.466871
651.000000,143.000000,1.000000,75.304364
694.000000,154.000000,1.000000,74.983701
732.000000,163.000000,1.000000,74.876123
732.000000,163.000000,1.000000,74.885853
733.000000,163.000000,1.000000,74.870149
733.000000,163.000000,1.000000,74.868932
734.000000,164.000000,1.000000,74.828899
734.000000,164.000000,1.000000,74.808692
735.000000,164.000000,1.000000,74.802850
735.000000,164.000000,1.000000,74.794749
736.000000,164.000000,1.000000,74.781135
736.000000,164.000000,1.000000,74.765569
735.000000,164.000000,1.000000,74.800982
738.000000,165.000000,1.000000,74.731782
738.000000,165.000000,1.000000,74.732915
738.000000,165.000000,1.000000,74.714639
739.000000,165.000000,1.000000,74.919701
739.000000,165.000000,1.000000,74.918608
740.000000,165.000000,1.000000,74.905076
740.000000,165.000000,1.000000,74.901616
741.000000,165.000000,1.000000,74.891845
741.000000,166.000000,1.000000,74.877810
742.000000,166.000000,1.000000,74.861971
742.000000,166.000000,1.000000,74.851570
742.000000,166.000000,1.000000,74.845748
743.000000,166.000000,1.000000,74.831225
743.000000,166.000000,1.000000,74.820865
744.000000,166.000000,1.000000,74.812541
744.000000,166.000000,1.000000,74.804268
745.000000,166.000000,1.000000,74.792144
745.000000,167.000000,1.000000,74.791921
746.000000,167.000000,1.000000,74.811677
746.000000,167.000000,1.000000,74.815961
747.000000,167.000000,1.000000,74.841252
747.000000,167.000000,1.000000,74.860673
747.000000,167.000000,1.000000,74.879593
748.000000,167.000000,1.000000,74.914816
748.000000,167.000000,1.000000,74.928059
749.000000,168.000000,1.000000,74.940478
749.000000,168.000000,1.000000,74.958924
750.000000,168.000000,1.000000,74.977230
749.000000,168.000000,1.000000,74.966569
750.000000,168.000000,1.000000,75.004013
751.000000,168.000000,1.000000,75.039560
751.000000,168.000000,1.000000,75.059971
752.000000,168.000000,1.000000,75.074477
752.000000,168.000000,1.000000,75.089284
752.000000,168.000000,1.000000,75.089426
753.000000,169.000000,1.000000,75.108359
753.000000,169.000000,1.000000,75.127611
754.000000,169.000000,1.000000,75.145783
754.000000,169.000000,1.000000,75.162751
755.000000,169.000000,1.000000,75.171339
755.000000,169.000000,1.000000,75.179017
755.000000,169.000000,1.000000,75.186600
756.000000,169.000000,1.000000,75.214150
756.000000,169.000000,1.000000,75.231929
756.000000,170.000000,1.000000,75.237101
757.000000,170.000000,1.000000,75.218134
757.000000,170.000000,1.000000,75.158345
758.000000,170.000000,1.000000,75.139831
758.000000,170.000000,1.000000,75.068875
758.000000,170.000000,1.000000,74.957176
759.000000,170.000000,1.000000,74.813359
759.000000,170.000000,1.000000,74.598650
760.000000,170.000000,1.000000,74.315763
760.000000,170.000000,1.000000,73.981020
760.000000,171.000000,1.000000,73.570789
761.000000,171.000000,1.000000,73.212016
761.000000,171.000000,1.000000,72.731936
761.000000,171.000000,1.000000,72.313659
761.000000,171.000000,1.000000,71.626744
762.000000,171.000000,1.000000,71.114792
762.000000,171.000000,1.000000,70.518169
762.000000,171.000000,1.000000,69.740252
763.000000,171.000000,1.000000,69.120579
763.000000,171.000000,1.000000,68.338538
763.000000,171.000000,1.000000,67.474087
763.000000,171.000000,1.000000,66.492741
764.000000,172.000000,1.000000,65.261189
764.000000,172.000000,1.000000,64.115734
764.000000,172.000000,1.000000,63.115271
764.000000,172.000000,1.000000,62.080500
765.000000,172.000000,1.000000,60.819518
765.000000,172.000000,1.000000,60.027658
765.000000,172.000000,1.000000,58.585107
765.000000,172.000000,1.000000,57.461682
765.000000,172.000000,1.000000,57.264781
765.000000,172.000000,1.000000,54.603956
766.000000,173.000000,1.000000,53.280500
766.000000,173.000000,1.000000,51.693284
766.000000,173.000000,1.000000,50.549845
766.000000,173.000000,1.000000,48.719587
766.000000,173.000000,1.000000,46.852647
767.000000,173.000000,1.000000,45.444417
767.000000,173.000000,1.000000,43.664539
767.000000,174.000000,1.000000,41.317920
767.000000,174.000000,1.000000,35.795049
767.000000,174.000000,1.000000,37.305686
767.000000,174.000000,1.000000,35.332639
767.000000,174.000000,1.000000,32.722438
768.000000,174.000000,1.000000,30.770229
768.000000,174.000000,1.000000,30.387504
768.000000,175.000000,1.000000,26.353493
768.000000,175.000000,1.000000,24.122245
768.000000,175.000000,1.000000,22.966695
768.000000,175.000000,1.000000,22.177487
768.000000,175.000000,1.000000,19.876684
768.000000,176.000000,1.000000,17.917307
768.000000,176.000000,1.000000,15.644713
768.000000,176.000000,1.000000,12.149004
768.000000,176.000000,1.000000,9.771102
769.000000,176.000000,1.000000,7.507364
769.000000,177.000000,1.000000,4.841585
769.000000,177.000000,1.000000,4.497178
769.000000,177.000000,1.000000,0.130067
769.000000,177.000000,1.000000,-2.954574
769.000000,178.000000,1.000000,-4.914656
769.000000,178.000000,1.000000,-8.302371
769.000000,178.000000,1.000000,-10.742767
769.000000,178.000000,1.000000,-14.628498
769.000000,179.000000,1.000000,-17.177105
768.000000,179.000000,1.000000,-20.590419
768.000000,179.000000,1.000000,-23.520599
768.000000,180.000000,1.000000,-26.104269
768.000000,180.000000,1.000000,-29.956808
768.000000,180.000000,1.000000,-32.411590
768.000000,181.000000,1.000000,-35.569042
768.000000,181.000000,1.000000,-38.834197
768.000000,181.000000,1.000000,-37.924282
767.000000,181.000000,1.000000,-44.701921
767.000000,182.000000,1.000000,-47.720015
767.000000,182.000000,1.000000,-50.951791
767.000000,182.000000,1.000000,-53.631322
767.000000,182.000000,1.000000,-56.708709
766.000000,183.000000,1.000000,-61.005246
766.000000,182.000000,1.000000,-58.537014
765.000000,183.000000,1.000000,-67.319036
765.000000,183.000000,1.000000,-70.200321
765.000000,183.000000,1.000000,-72.292640
764.000000,183.000000,1.000000,-75.824342
764.000000,183.000000,1.000000,-78.256113
764.000000,184.000000,1.000000,-80.969927
763.000000,184.000000,1.000000,-83.098780
763.000000,184.000000,1.000000,-85.352785
763.000000,184.000000,1.000000,-86.876266
762.000000,184.000000,1.000000,-89.300761
761.000000,184.000000,1.000000,-91.406208
761.000000,184.000000,1.000000,-93.338207
761.000000,184.000000,1.000000,-94.285261
760.000000,184.000000,1.000000,-95.996528
760.000000,183.000000,1.000000,-97.445258
759.000000,183.000000,1.000000,-98.427688
759.000000,183.000000,1.000000,-99.404952
759.000000,183.000000,1.000000,-99.888779
758.000000,183.000000,1.000000,-101.210156
757.000000,183.000000,1.000000,-101.754269
757.000000,183.000000,1.000000,-102.489106
756.000000,183.000000,1.000000,-102.979438
756.000000,183.000000,1.000000,-103.536590
755.000000,182.000000,1.000000,-104.066476
754.000000,182.000000,1.000000,-104.726744
754.000000,182.000000,1.000000,-105.054786
754.000000,182.000000,1.000000,-105.464711
753.000000,182.000000,1.000000,-105.904790
753.000000,182.000000,1.000000,-105.962229
752.000000,181.000000,1.000000,-112.217488
752.000000,181.000000,1.000000,-112.139200
751.000000,181.000000,1.000000,-111.949935
751.000000,180.000000,1.000000,-111.749802
750.000000,180.000000,1.000000,-111.598771
749.000000,180.000000,1.000000,-111.358675
749.000000,180.000000,1.000000,-111.199556
748.000000,180.000000,1.000000,-110.991805
748.000000,179.000000,1.000000,-110.830684
747.000000,179.000000,1.000000,-110.637273
747.000000,179.000000,1.000000,-110.484227
746.000000,179.000000,1.000000,-110.324951
745.000000,178.000000,1.000000,-110.187047
745.000000,178.000000,1.000000,-110.108791
744.000000,178.000000,1.000000,-110.042171
744.000000,178.000000,1.000000,-113.461906
743.000000,178.000000,1.000000,-113.427925
743.000000,178.000000,1.000000,-113.394984
742.000000,177.000000,1.000000,-113.360107
742.000000,177.000000,1.000000,-113.331263
741.000000,177.000000,1.000000,-113.292603
740.000000,177.000000,1.000000,-113.260858
740.000000,177.000000,1.000000,-113.225445
740.000000,177.000000,1.000000,-113.226380
739.000000,176.000000,1.000000,-113.171342
738.000000,176.000000,1.000000,-113.130488
737.000000,176.000000,1.000000,-113.102417
737.000000,176.000000,1.000000,-113.070891
736.000000,175.000000,1.000000,-113.011352
736.000000,175.000000,1.000000,-113.014019
735.000000,176.000000,1.000000,-112.063324
735.000000,176.000000,1.000000,-112.040147
734.000000,175.000000,1.000000,-111.996608
734.000000,175.000000,1.000000,-111.968747
733.000000,175.000000,1.000000,-111.933279
732.000000,175.000000,1.000000,-111.897626
732.000000,175.000000,1.000000,-111.867568
731.000000,174.000000,1.000000,-111.838551
730.000000,174.000000,1.000000,-111.817263
730.000000,174.000000,1.000000,-111.788071
729.000000,174.000000,1.000000,-111.766770
729.000000,174.000000,1.000000,-111.735262
728.000000,174.000000,1.000000,-111.709822
728.000000,173.000000,1.000000,-111.759491
727.000000,173.000000,1.000000,-111.602661
726.000000,174.000000,1.000000,-112.356992
726.000000,173.000000,1.000000,-112.339649
725.000000,173.000000,1.000000,-112.334829
725.000000,173.000000,1.000000,-112.307497
724.000000,173.000000,1.000000,-112.285382
723.000000,173.000000,1.000000,-112.274218
723.000000,173.000000,1.000000,-112.259195
722.000000,173.000000,1.000000,-112.244755
722.000000,172.000000,1.000000,-112.231471
721.000000,172.000000,1.000000,-112.216801
721.000000,172.000000,1.000000,-112.208345
720.000000,172.000000,1.000000,-112.198133
719.000000,172.000000,1.000000,-112.179634
719.000000,172.000000,1.000000,-112.164100
718.000000,172.000000,1.000000,-112.145805
718.000000,172.000000,1.000000,-113.183684
717.000000,172.000000,1.000000,-113.159693
716.000000,171.000000,1.000000,-113.142791
716.000000,171.000000,1.000000,-113.134532
715.000000,171.000000,1.000000,-113.118485
714.000000,171.000000,1.000000,-113.107095
714.000000,171.000000,1.000000,-113.092609
713.000000,171.000000,1.000000,-113.078783
712.000000,171.000000,1.000000,-113.050981
712.000000,171.000000,1.000000,-113.042782
711.000000,170.000000,1.000000,-113.031812
711.000000,170.000000,1.000000,-113.022427
710.000000,170.000000,1.000000,-113.007372
710.000000,170.000000,1.000000,-113.000954
709.000000,170.000000,1.000000,-112.999354
708.000000,170.000000,1.000000,-113.072861
708.000000,170.000000,1.000000,-113.066072
707.000000,169.000000,1.000000,-113.052624
706.000000,169.000000,1.000000,-113.036176
706.000000,169.000000,1.000000,-113.021731
705.000000,169.000000,1.000000,-113.011188
705.000000,169.000000,1.000000,-113.001779
704.000000,169.000000,1.000000,-112.986568
703.000000,169.000000,1.000000,-112.976540
703.000000,169.000000,1.000000,-112.960677
702.000000,168.000000,1.000000,-112.945830
702.000000,168.000000,1.000000,-112.937007
701.000000,168.000000,1.000000,-112.919128
700.000000,168.000000,1.000000,-112.902574
700.000000,168.000000,1.000000,-112.897914
699.000000,168.000000,1.000000,-112.667016
698.000000,167.000000,1.000000,-112.654243
698.000000,167.000000,1.000000,-112.641890
697.000000,167.000000,1.000000,-112.633290
696.000000,167.000000,1.000000,-112.621368
696.000000,167.000000,1.000000,-112.608743
695.000000,167.000000,1.000000,-112.597244
695.000000,167.000000,1.000000,-112.581187
694.000000,167.000000,1.000000,-112.561691
693.000000,166.000000,1.000000,-112.544985
693.000000,166.000000,1.000000,-112.547852
692.000000,166.000000,1.000000,-112.552081
692.000000,166.000000,1.000000,-112.550039
691.000000,166.000000,1.000000,-112.592961
690.000000,166.000000,1.000000,-112.599694
689.000000,165.000000,1.000000,-112.579052
689.000000,165.000000,1.000000,-112.598262
688.000000,165.000000,1.000000,-112.655005
688.000000,165.000000,1.000000,-112.710549
687.000000,165.000000,1.000000,-112.756715
686.000000,165.000000,1.000000,-112.793447
686.000000,165.000000,1.000000,-112.820881
685.000000,164.000000,1.000000,-112.896806
684.000000,164.000000,1.000000,-112.930167
684.000000,164.000000,1.000000,-112.956766
683.000000,164.000000,1.000000,-113.002940
683.000000,164.000000,1.000000,-113.053361
682.000000,164.000000,1.000000,-113.081425
681.000000,163.000000,1.000000,-113.118504
681.000000,163.000000,1.000000,-113.146053
680.000000,163.000000,1.000000,-113.210907
679.000000,163.000000,1.000000,-113.239337
679.000000,163.000000,1.000000,-113.264668
678.000000,162.000000,1.000000,-113.302283
677.000000,162.000000,1.000000,-113.331159
677.000000,162.000000,1.000000,-113.353079
676.000000,162.000000,1.000000,-113.371575
675.000000,162.000000,1.000000,-113.390228
675.000000,162.000000,1.000000,-113.423735
674.000000,161.000000,1.000000,-113.455933
674.000000,161.000000,1.000000,-113.472519
673.000000,161.000000,1.000000,-113.487944
673.000000,161.000000,1.000000,-113.489950
672.000000,161.000000,1.000000,-113.512859
671.000000,161.000000,1.000000,-113.553586
670.000000,160.000000,1.000000,-113.591822
669.000000,160.000000,1.000000,-113.599576
669.000000,160.000000,1.000000,-113.627221
668.000000,160.000000,1.000000,-113.650594
668.000000,160.000000,1.000000,-113.662361
667.000000,160.000000,1.000000,-113.691119
666.000000,159.000000,1.000000,-113.725800
666.000000,159.000000,1.000000,-113.753845
665.000000,159.000000,1.000000,-113.780516
664.000000,159.000000,1.000000,-113.802345
664.000000,159.000000,1.000000,-113.852374
664.000000,159.000000,1.000000,-113.837548
662.000000,158.000000,1.000000,-113.922318
662.000000,158.000000,1.000000,-113.953578
661.000000,158.000000,1.000000,-113.973409
660.000000,158.000000,1.000000,-113.821853
659.000000,158.000000,1.000000,-113.817165
659.000000,157.000000,1.000000,-113.816086
658.000000,157.000000,1.000000,-113.815204
657.000000,157.000000,1.000000,-113.815290
657.000000,157.000000,1.000000,-113.813646
656.000000,157.000000,1.000000,-113.812394
656.000000,156.000000,1.000000,-113.812519
655.000000,156.000000,1.000000,-113.813572
654.000000,156.000000,1.000000,-113.816178
653.000000,156.000000,1.000000,-113.817885
653.000000,156.000000,1.000000,-113.817137
