713.000000,159.000000,1.000000,74.754009
713.000000,159.000000,1.000000,74.753933
714.000000,159.000000,1.000000,74.753478
715.000000,159.000000,1.000000,74.752697
716.000000,160.000000,1.000000,74.751687
716.000000,160.000000,1.000000,74.750542
717.000000,160.000000,1.000000,74.749359
717.000000,160.000000,1.000000,74.748231
718.000000,160.000000,1.000000,74.747255
718.000000,160.000000,1.000000,74.746526
718.000000,160.000000,1.000000,74.746149
719.000000,160.000000,1.000000,74.745591
720.000000,161.000000,1.000000,74.752222
720.000000,161.000000,1.000000,74.755478
721.000000,161.000000,1.000000,74.760185
721.000000,161.000000,1.000000,74.766276
722.000000,161.000000,1.000000,74.772549
722.000000,161.000000,1.000000,74.780562
723.000000,161.000000,1.000000,74.790561
723.000000,162.000000,1.000000,74.798215
724.000000,162.000000,1.000000,74.807567
725.000000,162.000000,1.000000,74.818750
725.000000,162.000000,1.000000,74.819336
726.000000,162.000000,1.000000,74.887104
726.000000,162.000000,1.000000,74.898937
727.000000,162.000000,1.000000,74.907437
727.000000,163.000000,1.000000,74.906041
728.000000,163.000000,1.000000,74.906006
728.000000,163.000000,1.000000,74.911531
729.000000,163.000000,1.000000,74.914650
730.000000,163.000000,1.000000,74.922947
730.000000,163.000000,1.000000,74.929805
731.000000,163.000000,1.000000,74.930432
731.000000,163.000000,1.000000,74.919960
732.000000,164.000000,1.000000,74.912288
732.000000,164.000000,1.000000,74.908180
733.000000,164.000000,1.000000,74.910311
733.000000,164.000000,1.000000,74.894868
734.000000,164.000000,1.000000,74.885243
735.000000,164.000000,1.000000,74.879213
735.000000,164.000000,1.000000,74.876170
736.000000,165.000000,1.000000,74.864290
736.000000,165.000000,1.000000,74.846528
737.000000,165.000000,1.000000,74.805819
737.000000,165.000000,1.000000,74.762685
737.000000,165.000000,1.000000,74.776048
738.000000,165.000000,1.000000,74.663182
739.000000,165.000000,1.000000,74.595383
739.000000,165.000000,1.000000,74.545151
740.000000,166.000000,1.000000,74.430935
741.000000,166.000000,1.000000,74.397411
741.000000,166.000000,1.000000,74.348732
741.000000,166.000000,1.000000,74.331513
742.000000,166.000000,1.000000,74.210798
743.000000,166.000000,1.000000,74.177642
743.000000,166.000000,1.000000,74.124834
744.000000,167.000000,1.000000,74.110943
744.000000,167.000000,1.000000,74.068279
744.000000,167.000000,1.000000,74.086342
745.000000,167.000000,1.000000,74.010160
746.000000,167.000000,1.000000,73.997799
746.000000,167.000000,1.000000,73.964257
747.000000,167.000000,1.000000,73.947207
747.000000,167.000000,1.000000,73.930976
748.000000,168.000000,1.000000,73.920662
748.000000,168.000000,1.000000,73.912759
749.000000,168.000000,1.000000,73.912935
749.000000,168.000000,1.000000,73.906845
750.000000,168.000000,1.000000,73.933544
750.000000,168.000000,1.000000,73.938676
751.000000,168.000000,1.000000,73.941760
751.000000,169.000000,1.000000,73.940470
752.000000,169.000000,1.000000,73.945883
752.000000,169.000000,1.000000,73.957570
753.000000,169.000000,1.000000,73.959542
753.000000,169.000000,1.000000,73.959588
753.000000,169.000000,1.000000,73.960828
754.000000,169.000000,1.000000,73.971327
754.000000,169.000000,1.000000,73.984308
755.000000,169.000000,1.000000,73.990248
755.000000,170.000000,1.000000,73.989880
756.000000,170.000000,1.000000,73.997799
756.000000,170.000000,1.000000,74.005509
756.000000,170.000000,1.000000,74.187811
757.000000,170.000000,1.000000,74.191364
757.000000,170.000000,1.000000,74.196200
758.000000,170.000000,1.000000,74.199682
758.000000,170.000000,1.000000,74.203867
758.000000,170.000000,1.000000,74.210485
759.000000,170.000000,1.000000,74.207575
759.000000,171.000000,1.000000,74.192087
759.000000,171.000000,1.000000,74.147484
760.000000,171.000000,1.000000,74.070611
760.000000,171.000000,1.000000,73.955133
760.000000,171.000000,1.000000,73.866069
760.000000,171.000000,1.000000,73.521121
761.000000,171.000000,1.000000,73.222295
761.000000,171.000000,1.000000,72.783955
761.000000,171.000000,1.000000,72.249327
762.000000,171.000000,1.000000,71.662336
762.000000,171.000000,1.000000,71.698313
762.000000,171.000000,1.000000,70.070523
762.000000,171.000000,1.000000,69.438555
763.000000,172.000000,1.000000,68.455124
763.000000,172.000000,1.000000,67.541690
763.000000,172.000000,1.000000,66.648013
763.000000,172.000000,1.000000,65.757600
764.000000,172.000000,1.000000,64.381569
764.000000,172.000000,1.000000,63.008165
764.000000,172.000000,1.000000,61.878777
764.000000,172.000000,1.000000,60.837538
764.000000,172.000000,1.000000,59.458864
765.000000,172.000000,1.000000,58.340514
765.000000,172.000000,1.000000,57.784389
765.000000,173.000000,1.000000,56.284714
765.000000,173.000000,1.000000,55.306733
765.000000,173.000000,1.000000,54.043008
765.000000,173.000000,1.000000,52.432491
766.000000,173.000000,1.000000,50.842757
766.000000,173.000000,1.000000,49.917118
766.000000,173.000000,1.000000,48.230086
766.000000,173.000000,1.000000,46.250980
766.000000,173.000000,1.000000,44.793322
766.000000,173.000000,1.000000,43.862724
766.000000,173.000000,1.000000,42.282472
766.000000,174.000000,1.000000,40.580967
766.000000,174.000000,1.000000,38.611460
767.000000,174.000000,1.000000,36.204641
767.000000,174.000000,1.000000,34.566996
767.000000,174.000000,1.000000,33.848414
767.000000,174.000000,1.000000,30.563329
767.000000,174.000000,1.000000,28.591012
767.000000,175.000000,1.000000,26.491939
767.000000,175.000000,1.000000,24.588237
767.000000,175.000000,1.000000,22.592901
767.000000,175.000000,1.000000,21.747817
767.000000,175.000000,1.000000,18.937638
767.000000,175.000000,1.000000,17.941688
768.000000,175.000000,1.000000,15.201014
768.000000,176.000000,1.000000,12.895672
768.000000,176.000000,1.000000,11.681749
768.000000,176.000000,1.000000,8.533760
768.000000,175.000000,1.000000,8.544568
768.000000,176.000000,1.000000,5.222397
768.000000,177.000000,1.000000,2.922708
768.000000,177.000000,1.000000,0.399331
768.000000,177.000000,1.000000,-2.496841
768.000000,177.000000,1.000000,-4.973444
768.000000,177.000000,1.000000,-7.673432
768.000000,178.000000,1.000000,-8.817315
768.000000,178.000000,1.000000,-12.903740
768.000000,178.000000,1.000000,-15.480898
768.000000,178.000000,1.000000,-18.495744
768.000000,178.000000,1.000000,-19.068696
768.000000,179.000000,1.000000,-24.307099
768.000000,179.000000,1.000000,-22.696266
768.000000,179.000000,1.000000,-28.747214
768.000000,179.000000,1.000000,-32.591555
767.000000,180.000000,1.000000,-36.330826
767.000000,180.000000,1.000000,-38.366939
767.000000,180.000000,1.000000,-42.702381
767.000000,180.000000,1.000000,-44.040839
767.000000,181.000000,1.000000,-48.545824
766.000000,181.000000,1.000000,-51.291156
766.000000,181.000000,1.000000,-53.609874
766.000000,181.000000,1.000000,-55.672786
766.000000,182.000000,1.000000,-59.729427
766.000000,182.000000,1.000000,-61.466222
765.000000,182.000000,1.000000,-64.960803
765.000000,182.000000,1.000000,-67.052900
765.000000,182.000000,1.000000,-70.740695
764.000000,182.000000,1.000000,-73.395002
764.000000,183.000000,1.000000,-75.523151
763.000000,183.000000,1.000000,-78.426345
763.000000,183.000000,1.000000,-80.220728
763.000000,183.000000,1.000000,-81.390036
762.000000,183.000000,1.000000,-83.984545
762.000000,183.000000,1.000000,-85.118779
761.000000,183.000000,1.000000,-87.548602
761.000000,183.000000,1.000000,-88.882184
760.000000,183.000000,1.000000,-90.297234
760.000000,183.000000,1.000000,-91.367015
759.000000,183.000000,1.000000,-92.602762
759.000000,183.000000,1.000000,-93.581756
759.000000,183.000000,1.000000,-94.188364
758.000000,183.000000,1.000000,-94.901190
758.000000,183.000000,1.000000,-95.466919
757.000000,183.000000,1.000000,-96.095140
757.000000,183.000000,1.000000,-97.631205
756.000000,183.000000,1.000000,-98.464186
756.000000,183.000000,1.000000,-98.523666
755.000000,182.000000,1.000000,-99.964246
755.000000,182.000000,1.000000,-100.628709
754.000000,182.000000,1.000000,-101.335383
754.000000,182.000000,1.000000,-101.770207
753.000000,182.000000,1.000000,-102.969803
753.000000,182.000000,1.000000,-103.669236
752.000000,182.000000,1.000000,-103.983204
752.000000,182.000000,1.000000,-104.636230
751.000000,181.000000,1.000000,-105.498360
752.000000,182.000000,1.000000,-105.321313
750.000000,181.000000,1.000000,-107.348845
749.000000,180.000000,1.000000,-108.451332
749.000000,181.000000,1.000000,-112.068051
749.000000,180.000000,1.000000,-112.422207
748.000000,180.000000,1.000000,-112.709433
747.000000,180.000000,1.000000,-112.852775
747.000000,180.000000,1.000000,-112.956314
746.000000,179.000000,1.000000,-113.045654
746.000000,179.000000,1.000000,-113.074808
745.000000,179.000000,1.000000,-113.057818
744.000000,179.000000,1.000000,-112.938961
744.000000,178.000000,1.000000,-112.736630
743.000000,178.000000,1.000000,-112.495257
743.000000,178.000000,1.000000,-112.249075
742.000000,178.000000,1.000000,-112.048998
742.000000,178.000000,1.000000,-112.253290
741.000000,177.000000,1.000000,-111.547753
740.000000,177.000000,1.000000,-113.253234
740.000000,177.000000,1.000000,-113.266921
739.000000,177.000000,1.000000,-112.934513
738.000000,177.000000,1.000000,-112.583438
738.000000,176.000000,1.000000,-112.319081
737.000000,176.000000,1.000000,-112.218075
736.000000,176.000000,1.000000,-112.007760
736.000000,176.000000,1.000000,-111.869417
735.000000,175.000000,1.000000,-111.711893
735.000000,175.000000,1.000000,-111.623795
734.000000,175.000000,1.000000,-111.551610
733.000000,175.000000,1.000000,-111.434996
733.000000,175.000000,1.000000,-111.393166
732.000000,174.000000,1.000000,-111.361377
731.000000,174.000000,1.000000,-111.348637
732.000000,174.000000,1.000000,-111.486976
732.000000,174.000000,1.000000,-111.752539
729.000000,174.000000,1.000000,-111.768520
729.000000,174.000000,1.000000,-111.732556
728.000000,174.000000,1.000000,-111.714209
728.000000,174.000000,1.000000,-111.676926
727.000000,174.000000,1.000000,-111.644271
726.000000,173.000000,1.000000,-111.616956
726.000000,173.000000,1.000000,-111.592253
725.000000,173.000000,1.000000,-111.563063
724.000000,173.000000,1.000000,-111.541655
724.000000,173.000000,1.000000,-111.534982
723.000000,172.000000,1.000000,-111.511710
723.000000,172.000000,1.000000,-111.505256
722.000000,172.000000,1.000000,-111.347555
721.000000,172.000000,1.000000,-112.684353
719.000000,172.000000,1.000000,-112.742866
715.000000,171.000000,1.000000,-112.733620
713.000000,170.000000,1.000000,-112.727934
712.000000,170.000000,1.000000,-112.725746
712.000000,170.000000,1.000000,-112.726991
713.000000,170.000000,1.000000,-112.731606
714.000000,171.000000,1.000000,-112.739530
715.000000,171.000000,1.000000,-112.750698
715.000000,171.000000,1.000000,-112.763744
714.000000,171.000000,1.000000,-112.767302
713.000000,171.000000,1.000000,-112.766411
713.000000,170.000000,1.000000,-112.765178
712.000000,170.000000,1.000000,-112.765653
711.000000,170.000000,1.000000,-112.656031
711.000000,170.000000,1.000000,-113.668865
710.000000,170.000000,1.000000,-113.691740
709.000000,170.000000,1.000000,-113.671499
709.000000,170.000000,1.000000,-113.651315
708.000000,169.000000,1.000000,-113.629284
707.000000,169.000000,1.000000,-113.610363
707.000000,169.000000,1.000000,-113.600198
706.000000,169.000000,1.000000,-113.573285
705.000000,169.000000,1.000000,-113.556468
704.000000,169.000000,1.000000,-113.546980
704.000000,169.000000,1.000000,-113.526116
703.000000,168.000000,1.000000,-113.512807
702.000000,168.000000,1.000000,-113.485512
701.000000,168.000000,1.000000,-113.458216
701.000000,168.000000,1.000000,-113.432256
700.000000,168.000000,1.000000,-113.435804
700.000000,168.000000,1.000000,-113.454910
700.000000,168.000000,1.000000,-113.473533
699.000000,167.000000,1.000000,-113.475631
698.000000,167.000000,1.000000,-113.445162
696.000000,167.000000,1.000000,-113.385136
695.000000,167.000000,1.000000,-113.352748
695.000000,167.000000,1.000000,-113.327022
694.000000,166.000000,1.000000,-113.292327
693.000000,166.000000,1.000000,-113.264847
693.000000,166.000000,1.000000,-113.245138
692.000000,166.000000,1.000000,-113.203462
691.000000,166.000000,1.000000,-113.174383
691.000000,166.000000,1.000000,-113.151750
690.000000,166.000000,1.000000,-113.144539
689.000000,165.000000,1.000000,-112.865051
689.000000,165.000000,1.000000,-112.865958
688.000000,165.000000,1.000000,-112.824398
687.000000,165.000000,1.000000,-112.824485
686.000000,165.000000,1.000000,-112.767155
685.000000,164.000000,1.000000,-112.758114
685.000000,164.000000,1.000000,-112.748841
685.000000,164.000000,1.000000,-112.747006
683.000000,164.000000,1.000000,-112.721052
683.000000,164.000000,1.000000,-112.715747
682.000000,164.000000,1.000000,-112.712406
681.000000,164.000000,1.000000,-112.714898
680.000000,163.000000,1.000000,-112.767827
679.000000,163.000000,1.000000,-112.815259
679.000000,163.000000,1.000000,-112.834373
678.000000,163.000000,1.000000,-112.789132
677.000000,162.000000,1.000000,-112.829196
677.000000,162.000000,1.000000,-112.854090
676.000000,162.000000,1.000000,-112.935841
675.000000,162.000000,1.000000,-113.017944
675.000000,162.000000,1.000000,-113.092746
674.000000,162.000000,1.000000,-113.197689
673.000000,161.000000,1.000000,-113.315498
672.000000,161.000000,1.000000,-113.419672
671.000000,161.000000,1.000000,-113.535874
671.000000,161.000000,1.000000,-113.625379
670.000000,161.000000,1.000000,-113.712269
669.000000,161.000000,1.000000,-113.776284
669.000000,160.000000,1.000000,-113.827265
668.000000,160.000000,1.000000,-113.860631
667.000000,160.000000,1.000000,-113.937040
666.000000,160.000000,1.000000,-113.959427
666.000000,160.000000,1.000000,-113.972988
665.000000,159.000000,1.000000,-113.978156
663.000000,159.000000,1.000000,-114.022969
664.000000,159.000000,1.000000,-114.008874
663.000000,159.000000,1.000000,-114.045371
662.000000,159.000000,1.000000,-114.050579
661.000000,158.000000,1.000000,-114.081143
661.000000,158.000000,1.000000,-114.086710
660.000000,158.000000,1.000000,-114.103889
659.000000,158.000000,1.000000,-114.122971
658.000000,158.000000,1.000000,-114.136640
658.000000,157.000000,1.000000,-114.141510
657.000000,157.000000,1.000000,-114.159127
656.000000,157.000000,1.000000,-114.235994
655.000000,157.000000,1.000000,-114.243988
654.000000,157.000000,1.000000,-114.261716
654.000000,156.000000,1.000000,-114.280590
653.000000,156.000000,1.000000,-114.288322
653.000000,156.000000,1.000000,-114.302468
652.000000,156.000000,1.000000,-114.314772
651.000000,156.000000,1.000000,-114.330752
650.000000,155.000000,1.000000,-114.349502
649.000000,155.000000,1.000000,-114.375141
649.000000,155.000000,1.000000,-114.385860
648.000000,155.000000,1.000000,-114.393425
647.000000,155.000000,1.000000,-114.415627
646.000000,154.000000,1.000000,-114.434331
646.000000,154.000000,1.000000,-114.465661
645.000000,154.000000,1.000000,-114.319350
644.000000,154.000000,1.000000,-114.326222
646.000000,154.000000,1.000000,-114.321449
641.000000,153.000000,1.000000,-114.363852
642.000000,153.000000,1.000000,-114.356574
641.000000,153.000000,1.000000,-114.377965
641.000000,153.000000,1.000000,-114.388664
640.000000,153.000000,1.000000,-114.396709
639.000000,152.000000,1.000000,-114.394054
639.000000,152.000000,1.000000,-114.412625
638.000000,152.000000,1.000000,-114.418432
637.000000,152.000000,1.000000,-114.419862
636.000000,152.000000,1.000000,-114.419727
635.000000,151.000000,1.000000,-114.418532
635.000000,151.000000,1.000000,-114.444464
634.000000,151.000000,1.000000,-114.178105
633.000000,151.000000,1.000000,-114.176583
632.000000,151.000000,1.000000,-114.158042
632.000000,151.000000,1.000000,-114.159344
631.000000,150.000000,1.000000,-114.147999
630.000000,150.000000,1.000000,-114.144623
630.000000,150.000000,1.000000,-114.134696
629.000000,150.000000,1.000000,-114.131141
628.000000,150.000000,1.000000,-114.115232
627.000000,149.000000,1.000000,-114.092449
627.000000,149.000000,1.000000,-114.080923
626.000000,149.000000,1.000000,-114.079353
626.000000,149.000000,1.000000,-114.071577
625.000000,149.000000,1.000000,-114.068087
624.000000,149.000000,1.000000,-114.062846
623.000000,149.000000,1.000000,-113.911782
623.000000,148.000000,1.000000,-113.887428
622.000000,148.000000,1.000000,-113.891547
621.000000,148.000000,1.000000,-113.891859
620.000000,148.000000,1.000000,-113.889188
620.000000,148.000000,1.000000,-113.873054
619.000000,147.000000,1.000000,-113.856862
618.000000,147.000000,1.000000,-113.855788
618.000000,147.000000,1.000000,-113.842330
617.000000,147.000000,1.000000,-113.833521
616.000000,147.000000,1.000000,-113.833871
616.000000,146.000000,1.000000,-113.823843
615.000000,146.000000,1.000000,-113.820460
614.000000,146.000000,1.000000,-113.820948
614.000000,146.000000,1.000000,-113.804081
613.000000,146.000000,1.000000,-113.786127
612.000000,146.000000,1.000000,-113.782967
611.000000,146.000000,1.000000,-113.783422
611.000000,146.000000,1.000000,-113.783372
610.000000,145.000000,1.000000,-113.795970
611.000000,146.000000,1.000000,-113.797406
611.000000,145.000000,1.000000,-113.799029
608.000000,145.000000,1.000000,-113.799041
607.000000,145.000000,1.000000,-113.800809
607.000000,144.000000,1.000000,-113.794398
606.000000,144.000000,1.000000,-113.788002
605.000000,144.000000,1.000000,-113.817678
604.000000,144.000000,1.000000,-113.833825
604.000000,144.000000,1.000000,-113.836738
603.000000,144.000000,1.000000,-113.848757
602.000000,144.000000,1.000000,-113.838972
602.000000,143.000000,1.000000,-113.849839
601.000000,143.000000,1.000000,-113.883726
600.000000,143.000000,1.000000,-113.907189
600.000000,143.000000,1.000000,-113.936400
599.000000,143.000000,1.000000,-113.960379
598.000000,143.000000,1.000000,-113.989687
598.000000,142.000000,1.000000,-114.027552
597.000000,142.000000,1.000000,-114.069639
596.000000,142.000000,1.000000,-114.097197
596.000000,142.000000,1.000000,-114.135111
595.000000,142.000000,1.000000,-114.166946
594.000000,142.000000,1.000000,-114.198094
593.000000,141.000000,1.000000,-114.218275
593.000000,141.000000,1.000000,-114.227395
592.000000,141.000000,1.000000,-114.220261
591.000000,141.000000,1.000000,-114.234294
591.000000,141.000000,1.000000,-114.258531
591.000000,141.000000,1.000000,-114.257587
589.000000,140.000000,1.000000,-114.288612
589.000000,140.000000,1.000000,-114.308653
588.000000,140.000000,1.000000,-114.325292
587.000000,140.000000,1.000000,-114.337495
587.000000,140.000000,1.000000,-114.344710
586.000000,140.000000,1.000000,-114.352778
585.000000,139.000000,1.000000,-114.356520
585.000000,139.000000,1.000000,-114.359897
584.000000,139.000000,1.000000,-114.363116
583.000000,139.000000,1.000000,-114.370614
583.000000,139.000000,1.000000,-114.383520
582.000000,139.000000,1.000000,-114.345472
581.000000,138.000000,1.000000,-114.344968
580.000000,138.000000,1.000000,-114.335882
580.000000,138.000000,1.000000,-114.331042
579.000000,138.000000,1.000000,-114.343620
578.000000,138.000000,1.000000,-114.373440
578.000000,138.000000,1.000000,-114.389500
577.000000,137.000000,1.000000,-114.437680
577.000000,137.000000,1.000000,-114.445576
576.000000,137.000000,1.000000,-114.481989
575.000000,137.000000,1.000000,-114.542509
574.000000,137.000000,1.000000,-114.580921
574.000000,136.000000,1.000000,-114.603121
573.000000,136.000000,1.000000,-114.631850
572.000000,136.000000,1.000000,-114.661452
571.000000,136.000000,1.000000,-114.548036
571.000000,136.000000,1.000000,-114.565708
570.000000,136.000000,1.000000,-114.592845
570.000000,136.000000,1.000000,-114.613840
569.000000,135.000000,1.000000,-114.648654
568.000000,135.000000,1.000000,-114.664053
567.000000,135.000000,1.000000,-114.692609
567.000000,135.000000,1.000000,-114.693498
566.000000,135.000000,1.000000,-114.697330
565.000000,134.000000,1.000000,-114.708612
565.000000,134.000000,1.000000,-114.720025
564.000000,134.000000,1.000000,-114.725429
563.000000,134.000000,1.000000,-114.729886
562.000000,134.000000,1.000000,-114.727172
562.000000,134.000000,1.000000,-114.720637
561.000000,133.000000,1.000000,-114.490965
560.000000,133.000000,1.000000,-114.514836
560.000000,133.000000,1.000000,-114.523530
559.000000,133.000000,1.000000,-114.527752
558.000000,133.000000,1.000000,-114.531822
557.000000,133.000000,1.000000,-114.532799
557.000000,132.000000,1.000000,-114.529447
556.000000,132.000000,1.000000,-114.537540
555.000000,132.000000,1.000000,-114.536711
555.000000,132.000000,1.000000,-114.533903
554.000000,132.000000,1.000000,-114.533885
553.000000,131.000000,1.000000,-114.535097
552.000000,131.000000,1.000000,-114.541700
552.000000,131.000000,1.000000,-114.549600
552.000000,131.000000,1.000000,-114.587973
550.000000,131.000000,1.000000,-114.355865
550.000000,131.000000,1.000000,-114.339399
549.000000,131.000000,1.000000,-114.346459
548.000000,130.000000,1.000000,-114.350760
548.000000,130.000000,1.000000,-114.361310
547.000000,130.000000,1.000000,-114.372910
547.000000,130.000000,1.000000,-114.381029
546.000000,130.000000,1.000000,-114.384114
545.000000,129.000000,1.000000,-114.386782
544.000000,129.000000,1.000000,-114.396725
543.000000,129.000000,1.000000,-114.396970
543.000000,129.000000,1.000000,-114.397498
542.000000,129.000000,1.000000,-114.397677
541.000000,129.000000,1.000000,-114.399593
541.000000,128.000000,1.000000,-114.409975
540.000000,128.000000,1.000000,-114.364797
539.000000,128.000000,1.000000,-114.378410
538.000000,128.000000,1.000000,-114.410814
538.000000,128.000000,1.000000,-114.445011
537.000000,128.000000,1.000000,-114.470699
536.000000,127.000000,1.000000,-114.490909
536.000000,127.000000,1.000000,-114.526530
536.000000,127.000000,1.000000,-114.504744
537.000000,128.000000,1.000000,-114.453218
537.000000,128.000000,1.000000,-114.411557
536.000000,127.000000,1.000000,-114.419342
534.000000,127.000000,1.000000,-114.516155
531.000000,126.000000,1.000000,-114.588074
531.000000,126.000000,1.000000,-114.603166
530.000000,126.000000,1.000000,-114.603711
529.000000,126.000000,1.000000,-114.568095
529.000000,126.000000,1.000000,-114.565079
528.000000,125.000000,1.000000,-114.564770
527.000000,125.000000,1.000000,-114.569439
527.000000,125.000000,1.000000,-114.587399
531.000000,126.000000,1.000000,-114.586449
525.000000,125.000000,1.000000,-114.580701
524.000000,124.000000,1.000000,-114.578294
523.000000,124.000000,1.000000,-114.573062
523.000000,124.000000,1.000000,-114.564573
522.000000,124.000000,1.000000,-114.554502
521.000000,124.000000,1.000000,-114.546799
520.000000,123.000000,1.000000,-114.533744
520.000000,123.000000,1.000000,-114.525678
519.000000,123.000000,1.000000,-114.515345
518.000000,123.000000,1.000000,-114.417400
517.000000,123.000000,1.000000,-114.395108
517.000000,123.000000,1.000000,-114.392122
516.000000,122.000000,1.000000,-114.378714
515.000000,122.000000,1.000000,-114.353010
514.000000,122.000000,1.000000,-114.340421
514.000000,122.000000,1.000000,-114.334754
513.000000,122.000000,1.000000,-114.326382
512.000000,121.000000,1.000000,-114.318128
511.000000,121.000000,1.000000,-114.308844
511.000000,121.000000,1.000000,-114.296116
