1631.000000,534.000000,1.000000,61.545626
1632.000000,534.000000,1.000000,61.590165
1633.000000,535.000000,1.000000,61.624974
1633.000000,535.000000,1.000000,61.665289
1634.000000,535.000000,1.000000,61.717818
1635.000000,536.000000,1.000000,61.762240
1635.000000,536.000000,1.000000,61.794991
1635.000000,536.000000,1.000000,61.818677
1635.000000,536.000000,1.000000,61.835905
1634.000000,535.000000,1.000000,61.849281
1634.000000,535.000000,1.000000,61.861410
1634.000000,535.000000,1.000000,61.874900
1634.000000,535.000000,1.000000,61.892356
1634.000000,535.000000,1.000000,61.916384
1634.000000,535.000000,1.000000,61.949591
1635.000000,536.000000,1.000000,61.994583
1636.000000,536.000000,1.000000,62.053967
1638.000000,537.000000,1.000000,62.130347
1640.000000,539.000000,1.000000,62.226331
1643.000000,540.000000,1.000000,62.344525
1645.000000,541.000000,1.000000,62.433992
1646.000000,542.000000,1.000000,62.431084
1646.000000,542.000000,1.000000,62.424994
1647.000000,542.000000,1.000000,62.455026
1648.000000,543.000000,1.000000,62.474698
1649.000000,543.000000,1.000000,62.497239
1649.000000,543.000000,1.000000,62.523214
1650.000000,544.000000,1.000000,62.540345
1651.000000,544.000000,1.000000,62.558248
1651.000000,545.000000,1.000000,62.585114
1652.000000,545.000000,1.000000,62.600963
1653.000000,545.000000,1.000000,62.627608
1653.000000,546.000000,1.000000,62.646769
1654.000000,546.000000,1.000000,62.672157
1655.000000,546.000000,1.000000,62.691752
1656.000000,547.000000,1.000000,62.716694
1656.000000,547.000000,1.000000,62.719054
1657.000000,547.000000,1.000000,62.659906
1658.000000,548.000000,1.000000,62.670501
1658.000000,548.000000,1.000000,62.681835
1659.000000,549.000000,1.000000,62.693845
1660.000000,549.000000,1.000000,62.704825
1660.000000,549.000000,1.000000,62.719025
1661.000000,550.000000,1.000000,62.724917
1662.000000,550.000000,1.000000,62.732029
1662.000000,550.000000,1.000000,62.736224
1663.000000,551.000000,1.000000,62.739843
1664.000000,551.000000,1.000000,62.742525
1664.000000,551.000000,1.000000,62.743503
1665.000000,552.000000,1.000000,62.744753
1666.000000,552.000000,1.000000,62.747169
1667.000000,552.000000,1.000000,62.735905
1667.000000,553.000000,1.000000,62.655636
1668.000000,553.000000,1.000000,62.642622
1668.000000,553.000000,1.000000,62.643671
1669.000000,554.000000,1.000000,62.637262
1670.000000,554.000000,1.000000,62.628040
1671.000000,555.000000,1.000000,62.617669
1672.000000,555.000000,1.000000,62.595689
1672.000000,555.000000,1.000000,62.563634
1673.000000,556.000000,1.000000,62.521470
1673.000000,556.000000,1.000000,62.450344
1674.000000,556.000000,1.000000,62.372235
1675.000000,557.000000,1.000000,62.321862
1676.000000,557.000000,1.000000,62.211825
1676.000000,557.000000,1.000000,62.146745
1677.000000,558.000000,1.000000,62.019816
1678.000000,558.000000,1.000000,61.861698
1679.000000,559.000000,1.000000,61.780749
1679.000000,559.000000,1.000000,61.767887
1680.000000,559.000000,1.000000,61.642771
1681.000000,560.000000,1.000000,61.571098
1681.000000,560.000000,1.000000,61.515565
1682.000000,560.000000,1.000000,61.482031
1683.000000,561.000000,1.000000,61.450245
1683.000000,561.000000,1.000000,61.428886
1684.000000,562.000000,1.000000,61.405623
1685.000000,562.000000,1.000000,61.384292
1685.000000,562.000000,1.000000,61.373471
1686.000000,563.000000,1.000000,61.348218
1687.000000,563.000000,1.000000,61.343844
1688.000000,564.000000,1.000000,61.355578
1688.000000,564.000000,1.000000,61.407844
1689.000000,564.000000,1.000000,61.413497
1690.000000,565.000000,1.000000,61.419153
1691.000000,565.000000,1.000000,61.433073
1691.000000,566.000000,1.000000,61.450558
1692.000000,566.000000,1.000000,61.464818
1693.000000,566.000000,1.000000,61.481928
1694.000000,567.000000,1.000000,61.497868
1694.000000,567.000000,1.000000,61.511423
1695.000000,567.000000,1.000000,61.519807
1696.000000,568.000000,1.000000,61.546224
1696.000000,568.000000,1.000000,61.565017
1697.000000,569.000000,1.000000,61.580791
1698.000000,569.000000,1.000000,61.600046
1699.000000,569.000000,1.000000,61.651190
1699.000000,570.000000,1.000000,61.768010
1700.000000,570.000000,1.000000,61.789260
1701.000000,571.000000,1.000000,61.804409
1701.000000,571.000000,1.000000,61.824581
1702.000000,571.000000,1.000000,61.841391
1703.000000,572.000000,1.000000,61.860399
1704.000000,572.000000,1.000000,61.880547
1704.000000,573.000000,1.000000,61.902791
1705.000000,573.000000,1.000000,61.919931
1706.000000,573.000000,1.000000,61.943928
1707.000000,574.000000,1.000000,61.961301
1707.000000,574.000000,1.000000,61.975208
1708.000000,574.000000,1.000000,61.993817
1709.000000,575.000000,1.000000,62.018219
1709.000000,575.000000,1.000000,62.037008
1710.000000,576.000000,1.000000,62.072137
1711.000000,576.000000,1.000000,62.086727
1712.000000,576.000000,1.000000,62.108036
1712.000000,577.000000,1.000000,62.123168
1713.000000,577.000000,1.000000,62.145641
1714.000000,578.000000,1.000000,62.160001
1715.000000,578.000000,1.000000,62.172760
1715.000000,578.000000,1.000000,62.190955
1716.000000,579.000000,1.000000,62.205837
1717.000000,579.000000,1.000000,62.215849
1718.000000,580.000000,1.000000,62.220141
1718.000000,580.000000,1.000000,62.213998
1719.000000,580.000000,1.000000,62.191829
1720.000000,581.000000,1.000000,62.176791
1721.000000,581.000000,1.000000,62.153962
1721.000000,582.000000,1.000000,62.125672
1722.000000,582.000000,1.000000,62.109906
1723.000000,582.000000,1.000000,62.093597
1724.000000,583.000000,1.000000,62.076959
1724.000000,583.000000,1.000000,62.068250
1725.000000,584.000000,1.000000,62.049519
1726.000000,584.000000,1.000000,62.037770
1727.000000,584.000000,1.000000,62.022216
1727.000000,585.000000,1.000000,62.021305
1728.000000,585.000000,1.000000,62.019564
1729.000000,586.000000,1.000000,62.012278
1729.000000,586.000000,1.000000,62.009033
1730.000000,586.000000,1.000000,62.005256
1731.000000,587.000000,1.000000,62.006230
1732.000000,587.000000,1.000000,62.043361
1732.000000,587.000000,1.000000,62.089117
1733.000000,588.000000,1.000000,62.087814
1734.000000,588.000000,1.000000,62.086807
1735.000000,589.000000,1.000000,62.085327
1736.000000,589.000000,1.000000,62.083541
1736.000000,590.000000,1.000000,62.081599
1737.000000,590.000000,1.000000,62.079944
1738.000000,590.000000,1.000000,62.079939
1739.000000,591.000000,1.000000,62.079887
1739.000000,591.000000,1.000000,62.075144
1740.000000,592.000000,1.000000,62.077325
1741.000000,592.000000,1.000000,62.077426
1741.000000,592.000000,1.000000,62.077453
1742.000000,593.000000,1.000000,62.078273
1743.000000,593.000000,1.000000,62.073659
1744.000000,594.000000,1.000000,62.097869
1745.000000,594.000000,1.000000,62.088042
1745.000000,594.000000,1.000000,62.072031
1746.000000,595.000000,1.000000,62.059073
1747.000000,595.000000,1.000000,62.033915
1748.000000,596.000000,1.000000,62.008330
1748.000000,596.000000,1.000000,61.975878
1749.000000,596.000000,1.000000,61.930092
1750.000000,597.000000,1.000000,61.886582
1751.000000,597.000000,1.000000,61.853848
1751.000000,598.000000,1.000000,61.824020
1752.000000,598.000000,1.000000,61.808894
1752.000000,598.000000,1.000000,61.803264
1752.000000,598.000000,1.000000,61.800747
1754.000000,599.000000,1.000000,61.792198
1755.000000,600.000000,1.000000,61.807314
1756.000000,600.000000,1.000000,61.803949
1757.000000,600.000000,1.000000,61.802317
1757.000000,601.000000,1.000000,61.799620
1758.000000,601.000000,1.000000,61.794613
1759.000000,602.000000,1.000000,61.790056
1760.000000,602.000000,1.000000,61.786803
1760.000000,603.000000,1.000000,61.785944
1761.000000,603.000000,1.000000,61.784818
1762.000000,603.000000,1.000000,61.784810
1762.000000,604.000000,1.000000,61.784587
1763.000000,604.000000,1.000000,61.784615
1764.000000,604.000000,1.000000,61.784628
1765.000000,605.000000,1.000000,61.787706
1766.000000,605.000000,1.000000,61.796388
1767.000000,606.000000,1.000000,61.829674
1767.000000,606.000000,1.000000,61.836579
1768.000000,607.000000,1.000000,61.843746
1769.000000,607.000000,1.000000,61.855833
1769.000000,607.000000,1.000000,61.881990
1770.000000,608.000000,1.000000,61.899221
1771.000000,608.000000,1.000000,61.912299
1771.000000,608.000000,1.000000,61.931882
1772.000000,609.000000,1.000000,61.964401
1773.000000,609.000000,1.000000,61.986079
1774.000000,610.000000,1.000000,62.011140
1775.000000,610.000000,1.000000,62.033528
1775.000000,611.000000,1.000000,62.052174
1776.000000,611.000000,1.000000,62.051366
1777.000000,611.000000,1.000000,62.045668
1778.000000,612.000000,1.000000,61.989982
1778.000000,612.000000,1.000000,61.942193
1779.000000,613.000000,1.000000,61.847883
1780.000000,613.000000,1.000000,61.794350
1781.000000,613.000000,1.000000,61.696824
1781.000000,614.000000,1.000000,61.642511
1782.000000,614.000000,1.000000,61.579086
1783.000000,615.000000,1.000000,61.502392
1784.000000,615.000000,1.000000,61.445859
1784.000000,616.000000,1.000000,61.403200
1785.000000,616.000000,1.000000,61.375473
1786.000000,616.000000,1.000000,61.365293
1786.000000,617.000000,1.000000,61.368219
1787.000000,617.000000,1.000000,61.393179
1788.000000,618.000000,1.000000,61.395527
1789.000000,618.000000,1.000000,61.368609
1790.000000,618.000000,1.000000,61.393370
1790.000000,619.000000,1.000000,61.414737
1791.000000,619.000000,1.000000,61.437451
1792.000000,620.000000,1.000000,61.454481
1793.000000,620.000000,1.000000,61.480519
1793.000000,620.000000,1.000000,61.502252
1794.000000,621.000000,1.000000,61.532046
1795.000000,621.000000,1.000000,61.560461
1795.000000,622.000000,1.000000,61.584802
1795.000000,621.000000,1.000000,61.587002
1797.000000,623.000000,1.000000,61.640329
1798.000000,623.000000,1.000000,61.658022
1798.000000,623.000000,1.000000,61.690949
1799.000000,624.000000,1.000000,61.696890
1800.000000,624.000000,1.000000,61.717627
1801.000000,625.000000,1.000000,61.749962
1801.000000,625.000000,1.000000,61.779062
1802.000000,625.000000,1.000000,61.816742
1803.000000,626.000000,1.000000,61.845448
1804.000000,626.000000,1.000000,61.877406
1804.000000,626.000000,1.000000,61.902509
1805.000000,627.000000,1.000000,61.935889
1806.000000,627.000000,1.000000,61.981701
1807.000000,628.000000,1.000000,62.008481
1807.000000,628.000000,1.000000,62.051598
1808.000000,629.000000,1.000000,62.088794
1809.000000,629.000000,1.000000,62.121578
1810.000000,629.000000,1.000000,62.153490
1810.000000,630.000000,1.000000,62.164932
1811.000000,630.000000,1.000000,62.175181
1812.000000,631.000000,1.000000,62.217516
1813.000000,631.000000,1.000000,62.261684
1813.000000,631.000000,1.000000,62.299585
1814.000000,632.000000,1.000000,62.344969
1815.000000,632.000000,1.000000,62.394287
1816.000000,633.000000,1.000000,62.437603
1817.000000,633.000000,1.000000,62.498506
1817.000000,633.000000,1.000000,62.543510
1818.000000,634.000000,1.000000,62.593370
1819.000000,634.000000,1.000000,62.646492
1820.000000,635.000000,1.000000,62.692203
1820.000000,635.000000,1.000000,62.744237
1821.000000,635.000000,1.000000,62.795820
1822.000000,636.000000,1.000000,62.807451
1823.000000,636.000000,1.000000,62.850521
1823.000000,637.000000,1.000000,62.914427
1824.000000,637.000000,1.000000,62.969034
1825.000000,637.000000,1.000000,63.012790
1825.000000,638.000000,1.000000,63.050802
1826.000000,638.000000,1.000000,63.128946
1827.000000,638.000000,1.000000,63.143360
1828.000000,639.000000,1.000000,63.211276
1828.000000,639.000000,1.000000,63.231947
1829.000000,639.000000,1.000000,63.247177
1830.000000,640.000000,1.000000,63.255951
1830.000000,640.000000,1.000000,63.258642
1832.000000,641.000000,1.000000,63.279683
1832.000000,641.000000,1.000000,63.292224
1833.000000,642.000000,1.000000,63.311749
1834.000000,642.000000,1.000000,63.359810
1835.000000,642.000000,1.000000,63.364288
1835.000000,643.000000,1.000000,63.364406
1836.000000,643.000000,1.000000,63.364137
1837.000000,643.000000,1.000000,63.364134
1838.000000,644.000000,1.000000,63.363971
1838.000000,644.000000,1.000000,63.365791
1839.000000,645.000000,1.000000,63.371171
1840.000000,645.000000,1.000000,63.378117
1841.000000,645.000000,1.000000,63.381662
1842.000000,646.000000,1.000000,63.383834
1842.000000,646.000000,1.000000,63.386263
1843.000000,647.000000,1.000000,63.390714
1844.000000,647.000000,1.000000,63.393158
1845.000000,647.000000,1.000000,63.383258
1845.000000,648.000000,1.000000,63.334428
1846.000000,648.000000,1.000000,63.312540
1847.000000,649.000000,1.000000,63.294297
1848.000000,649.000000,1.000000,63.277218
1848.000000,649.000000,1.000000,63.262119
1849.000000,650.000000,1.000000,63.251208
1850.000000,650.000000,1.000000,63.233968
1851.000000,650.000000,1.000000,63.220215
1851.000000,651.000000,1.000000,63.209806
1852.000000,651.000000,1.000000,63.184872
1853.000000,652.000000,1.000000,63.174913
1854.000000,652.000000,1.000000,63.162974
1854.000000,652.000000,1.000000,63.154009
1855.000000,653.000000,1.000000,63.143117
1856.000000,653.000000,1.000000,63.128551
1857.000000,654.000000,1.000000,63.090675
1857.000000,654.000000,1.000000,63.073968
1858.000000,654.000000,1.000000,63.052343
1859.000000,655.000000,1.000000,63.028654
1860.000000,655.000000,1.000000,62.989430
1860.000000,655.000000,1.000000,62.957094
1861.000000,656.000000,1.000000,62.928328
1862.000000,656.000000,1.000000,62.886039
1863.000000,657.000000,1.000000,62.845762
1863.000000,657.000000,1.000000,62.812179
1864.000000,657.000000,1.000000,62.769319
1865.000000,658.000000,1.000000,62.740534
1866.000000,658.000000,1.000000,62.685966
1867.000000,659.000000,1.000000,62.651839
1867.000000,659.000000,1.000000,62.647394
1868.000000,659.000000,1.000000,62.612791
1869.000000,660.000000,1.000000,62.579855
1870.000000,660.000000,1.000000,62.550676
1870.000000,661.000000,1.000000,62.522336
1871.000000,661.000000,1.000000,62.495584
1872.000000,661.000000,1.000000,62.474283
1873.000000,662.000000,1.000000,62.465187
1873.000000,662.000000,1.000000,62.463222
1874.000000,663.000000,1.000000,62.461476
1874.000000,662.000000,1.000000,62.461577
1876.000000,663.000000,1.000000,62.461532
1876.000000,664.000000,1.000000,62.461555
1877.000000,664.000000,1.000000,62.462035
1878.000000,664.000000,1.000000,62.465383
1878.000000,665.000000,1.000000,62.469068
1879.000000,665.000000,1.000000,62.432890
1880.000000,666.000000,1.000000,62.435025
1881.000000,666.000000,1.000000,62.440570
1882.000000,667.000000,1.000000,62.439553
1882.000000,667.000000,1.000000,62.440259
1883.000000,667.000000,1.000000,62.443998
1884.000000,668.000000,1.000000,62.446854
1884.000000,668.000000,1.000000,62.448070
1885.000000,669.000000,1.000000,62.455599
1886.000000,669.000000,1.000000,62.459490
1887.000000,669.000000,1.000000,62.464800
1888.000000,670.000000,1.000000,62.463774
1888.000000,670.000000,1.000000,62.471794
1889.000000,671.000000,1.000000,62.473115
1890.000000,671.000000,1.000000,62.434303
1891.000000,671.000000,1.000000,62.393232
1891.000000,672.000000,1.000000,62.394953
1892.000000,672.000000,1.000000,62.403320
1893.000000,673.000000,1.000000,62.432496
1894.000000,673.000000,1.000000,62.462490
1894.000000,673.000000,1.000000,62.509410
1895.000000,674.000000,1.000000,62.554180
1896.000000,674.000000,1.000000,62.615034
1897.000000,675.000000,1.000000,62.649478
1897.000000,675.000000,1.000000,62.676695
1898.000000,675.000000,1.000000,62.694015
1899.000000,676.000000,1.000000,62.702992
1900.000000,676.000000,1.000000,62.715878
1900.000000,676.000000,1.000000,62.728240
1901.000000,677.000000,1.000000,62.725735
1902.000000,677.000000,1.000000,62.698427
1903.000000,678.000000,0.000000,62.703785
1903.000000,678.000000,0.000000,62.713806
1904.000000,678.000000,0.000000,62.715715
1905.000000,679.000000,0.000000,62.723300
1906.000000,679.000000,0.000000,62.729145
1906.000000,680.000000,0.000000,62.736349
1907.000000,680.000000,0.000000,62.743496
1908.000000,680.000000,0.000000,62.754621
1908.000000,681.000000,0.000000,62.763019
1909.000000,681.000000,0.000000,62.775519
1909.000000,681.000000,0.000000,62.773646
1910.000000,682.000000,0.000000,62.798309
1911.000000,682.000000,0.000000,62.820212
1912.000000,683.000000,0.000000,62.854459
1913.000000,683.000000,0.000000,62.895803
1914.000000,683.000000,0.000000,62.987881
1914.000000,684.000000,0.000000,63.092509
1915.000000,684.000000,0.000000,63.169182
1916.000000,684.000000,0.000000,63.268906
1916.000000,685.000000,0.000000,63.353311
1917.000000,685.000000,0.000000,63.436584
1918.000000,685.000000,0.000000,63.473312
1919.000000,686.000000,0.000000,63.567222
1919.000000,686.000000,0.000000,63.616849
1920.000000,687.000000,0.000000,63.655203
1921.000000,687.000000,0.000000,63.691355
1921.000000,687.000000,0.000000,63.724481
1921.000000,687.000000,0.000000,63.712004
1923.000000,688.000000,0.000000,63.738117
1924.000000,688.000000,0.000000,63.654743
1924.000000,689.000000,0.000000,63.656886
1925.000000,689.000000,0.000000,63.655516
1926.000000,689.000000,0.000000,63.647851
1926.000000,690.000000,0.000000,63.644890
1927.000000,690.000000,0.000000,63.631627
1928.000000,690.000000,0.000000,63.629121
1929.000000,691.000000,0.000000,63.628931
1929.000000,691.000000,0.000000,63.628596
1930.000000,692.000000,0.000000,63.627390
1931.000000,692.000000,0.000000,63.627422
1931.000000,692.000000,0.000000,63.627446
1932.000000,693.000000,0.000000,63.635553
1933.000000,693.000000,0.000000,63.636527
1934.000000,693.000000,0.000000,63.610255
1934.000000,694.000000,0.000000,63.457530
1935.000000,694.000000,0.000000,63.469002
1936.000000,694.000000,0.000000,63.479059
1936.000000,695.000000,0.000000,63.488903
1937.000000,695.000000,0.000000,63.497728
1938.000000,695.000000,0.000000,63.505090
1938.000000,696.000000,0.000000,63.512382
1939.000000,696.000000,0.000000,63.515959
1940.000000,696.000000,0.000000,63.519732
1940.000000,697.000000,0.000000,63.524154
1941.000000,697.000000,0.000000,63.543851
1942.000000,697.000000,0.000000,63.552202
1943.000000,698.000000,0.000000,63.560842
1943.000000,698.000000,0.000000,63.563556
1944.000000,698.000000,0.000000,63.548387
1945.000000,699.000000,0.000000,63.444150
1946.000000,699.000000,0.000000,63.445662
1946.000000,699.000000,0.000000,63.457493
1947.000000,700.000000,0.000000,63.462339
1948.000000,700.000000,0.000000,63.471973
1948.000000,701.000000,0.000000,63.480209
1949.000000,701.000000,0.000000,63.484858
1950.000000,701.000000,0.000000,63.493980
1950.000000,701.000000,0.000000,63.501209
1951.000000,702.000000,0.000000,63.519662
1952.000000,702.000000,0.000000,63.529226
1952.000000,703.000000,0.000000,63.551338
1953.000000,703.000000,0.000000,63.596808
1954.000000,703.000000,0.000000,63.653685
1954.000000,704.000000,0.000000,63.697391
1955.000000,704.000000,0.000000,63.750398
1956.000000,704.000000,0.000000,63.809580
1957.000000,705.000000,0.000000,63.858187
1957.000000,705.000000,0.000000,63.936879
1958.000000,705.000000,0.000000,63.970189
1959.000000,706.000000,0.000000,64.058150
1959.000000,706.000000,0.000000,64.119671
1960.000000,706.000000,0.000000,64.167941
1960.000000,706.000000,0.000000,64.192339
1958.000000,705.000000,0.000000,64.044786
1962.000000,707.000000,0.000000,64.383528
1962.000000,707.000000,0.000000,64.387489
1964.000000,708.000000,0.000000,64.515374
1964.000000,708.000000,0.000000,64.588985
1965.000000,709.000000,0.000000,64.650200
1966.000000,709.000000,0.000000,64.725058
1967.000000,709.000000,0.000000,64.797556
1967.000000,710.000000,0.000000,64.864967
1968.000000,710.000000,0.000000,64.918955
1968.000000,710.000000,0.000000,64.969190
1969.000000,711.000000,0.000000,65.052981
1970.000000,711.000000,0.000000,65.115765
1970.000000,711.000000,0.000000,65.096451
1970.000000,711.000000,0.000000,65.024877
1969.000000,711.000000,0.000000,64.929890
1969.000000,710.000000,0.000000,64.840333
1969.000000,710.000000,0.000000,64.785052
1969.000000,711.000000,0.000000,64.792891
1970.000000,711.000000,0.000000,64.892695
1972.000000,712.000000,0.000000,65.113310
1974.000000,713.000000,0.000000,65.483579
1978.000000,714.000000,0.000000,65.969433
1979.000000,715.000000,0.000000,66.169039
1979.000000,715.000000,0.000000,66.172516
1979.000000,715.000000,0.000000,66.193769
1980.000000,715.000000,0.000000,66.298006
1981.000000,716.000000,0.000000,66.384066
1981.000000,716.000000,0.000000,66.496141
1982.000000,716.000000,0.000000,66.601833
1983.000000,717.000000,0.000000,66.706215
1984.000000,717.000000,0.000000,66.809191
1984.000000,717.000000,0.000000,66.898013
1985.000000,717.000000,0.000000,67.023584
1986.000000,718.000000,0.000000,67.108707
1986.000000,718.000000,0.000000,67.204671
1987.000000,718.000000,0.000000,67.281874
1987.000000,718.000000,0.000000,67.310020
1989.000000,719.000000,0.000000,67.454449
1989.000000,719.000000,0.000000,67.559737
1990.000000,720.000000,0.000000,67.658649
1991.000000,720.000000,0.000000,67.751494
1991.000000,720.000000,0.000000,67.829154
1992.000000,720.000000,0.000000,67.891602
1993.000000,721.000000,0.000000,68.032225
1994.000000,721.000000,0.000000,68.150985
1994.000000,721.000000,0.000000,68.256338
1995.000000,722.000000,0.000000,68.357845
1996.000000,722.000000,0.000000,68.447545
1997.000000,722.000000,0.000000,68.577780
1997.000000,722.000000,0.000000,68.705748
1998.000000,723.000000,0.000000,69.006242
1999.000000,723.000000,0.000000,69.125975
2000.000000,723.000000,0.000000,69.223434
2000.000000,723.000000,0.000000,69.327647
2001.000000,724.000000,0.000000,69.470491
2002.000000,724.000000,0.000000,69.576870
2002.000000,724.000000,0.000000,69.661469
2003.000000,725.000000,0.000000,69.800404
2004.000000,725.000000,0.000000,69.888435
2005.000000,725.000000,0.000000,70.016018
2005.000000,725.000000,0.000000,70.106654
2006.000000,725.000000,0.000000,70.172004
2007.000000,726.000000,0.000000,70.351152
2008.000000,726.000000,0.000000,70.469475
2008.000000,726.000000,0.000000,70.586876
2009.000000,727.000000,0.000000,70.714906
2010.000000,727.000000,0.000000,70.819644
2011.000000,727.000000,0.000000,70.917364
2011.000000,727.000000,0.000000,70.990139
2012.000000,728.000000,0.000000,71.048399
2013.000000,728.000000,0.000000,71.182874
2014.000000,728.000000,0.000000,71.264841
2014.000000,728.000000,0.000000,71.350891
2015.000000,729.000000,0.000000,71.452315
2016.000000,729.000000,0.000000,71.537259
2017.000000,729.000000,0.000000,71.642932
2018.000000,729.000000,0.000000,71.726286
2018.000000,730.000000,0.000000,71.784855
2019.000000,730.000000,0.000000,71.918427
2020.000000,730.000000,0.000000,71.946937
2020.000000,730.000000,0.000000,71.919681
2022.000000,731.000000,0.000000,72.082443
2022.000000,731.000000,0.000000,72.153344
2023.000000,731.000000,0.000000,72.255043
2024.000000,731.000000,0.000000,72.344468
2025.000000,732.000000,0.000000,72.461786
2025.000000,732.000000,0.000000,72.537022
2026.000000,732.000000,0.000000,72.644233
2027.000000,732.000000,0.000000,72.722253
2028.000000,733.000000,0.000000,72.795773
2028.000000,733.000000,0.000000,72.815762
2029.000000,733.000000,0.000000,72.830034
2030.000000,733.000000,0.000000,72.843851
2031.000000,734.000000,0.000000,72.850840
2032.000000,734.000000,0.000000,72.836111
2033.000000,734.000000,0.000000,72.767249
2033.000000,734.000000,0.000000,72.785981
2034.000000,735.000000,0.000000,72.807099
2035.000000,735.000000,0.000000,72.821617
2036.000000,735.000000,0.000000,72.849764
2037.000000,735.000000,0.000000,72.877798
2037.000000,736.000000,0.000000,72.894990
2038.000000,736.000000,0.000000,72.933836
2039.000000,736.000000,0.000000,72.966901
2040.000000,736.000000,0.000000,72.992080
2040.000000,737.000000,0.000000,73.020090
2041.000000,737.000000,0.000000,73.059904
2042.000000,737.000000,0.000000,73.087929
2043.000000,737.000000,0.000000,73.126615
2044.000000,737.000000,0.000000,73.132515
2045.000000,738.000000,0.000000,73.135345
2045.000000,738.000000,0.000000,73.171902
2046.000000,738.000000,0.000000,73.229144
2047.000000,738.000000,0.000000,73.286347
2048.000000,739.000000,0.000000,73.362497
2049.000000,739.000000,0.000000,73.445054
2050.000000,739.000000,0.000000,73.528066
2050.000000,739.000000,0.000000,73.609228
2051.000000,740.000000,0.000000,73.689766
2052.000000,740.000000,0.000000,73.769874
2053.000000,740.000000,0.000000,73.851161
2053.000000,740.000000,0.000000,73.913961
2054.000000,740.000000,0.000000,73.993367
2055.000000,741.000000,0.000000,74.087011
2056.000000,741.000000,0.000000,74.156636
2057.000000,741.000000,0.000000,74.226690
2058.000000,741.000000,0.000000,74.322283
2058.000000,742.000000,0.000000,74.408996
2059.000000,742.000000,0.000000,74.492849
2060.000000,742.000000,0.000000,74.615796
2061.000000,742.000000,0.000000,74.707039
2061.000000,742.000000,0.000000,74.792734
2062.000000,743.000000,0.000000,74.910499
2063.000000,743.000000,0.000000,75.002121
2064.000000,743.000000,0.000000,75.083667
2065.000000,743.000000,0.000000,75.213514
2065.000000,744.000000,0.000000,75.316233
2066.000000,744.000000,0.000000,75.404967
2067.000000,744.000000,0.000000,75.526303
2068.000000,744.000000,0.000000,75.572518
2068.000000,744.000000,0.000000,75.617346
2069.000000,744.000000,0.000000,75.758997
2070.000000,745.000000,0.000000,75.860353
2071.000000,745.000000,0.000000,75.946713
2072.000000,745.000000,0.000000,76.089608
2072.000000,745.000000,0.000000,76.158762
2073.000000,745.000000,0.000000,76.315536
2074.000000,746.000000,0.000000,76.453879
2075.000000,746.000000,0.000000,76.585034
2076.000000,746.000000,0.000000,76.725701
2076.000000,746.000000,0.000000,76.894278
2077.000000,746.000000,0.000000,77.095264
2078.000000,747.000000,0.000000,77.364014
2079.000000,747.000000,0.000000,77.490687
2080.000000,747.000000,0.000000,77.602520
2080.000000,747.000000,0.000000,77.689799
2081.000000,747.000000,0.000000,77.911574
2082.000000,747.000000,0.000000,78.120344
2083.000000,747.000000,0.000000,78.266544
2084.000000,748.000000,0.000000,78.464124
2084.000000,748.000000,0.000000,78.667192
2085.000000,748.000000,0.000000,78.811619
2086.000000,748.000000,0.000000,79.014183
2087.000000,748.000000,0.000000,79.197327
2087.000000,748.000000,0.000000,79.323921
2088.000000,749.000000,0.000000,79.587616
2089.000000,749.000000,0.000000,79.754984
2090.000000,749.000000,0.000000,79.940870
2090.000000,749.000000,0.000000,80.071240
2091.000000,749.000000,0.000000,80.290792
2092.000000,749.000000,0.000000,80.431507
2093.000000,749.000000,0.000000,80.581989
2094.000000,749.000000,0.000000,80.754682
2095.000000,750.000000,0.000000,80.921049
2096.000000,750.000000,0.000000,81.076591
2097.000000,750.000000,0.000000,81.219356
2098.000000,750.000000,0.000000,81.347393
2099.000000,750.000000,0.000000,81.458750
2099.000000,750.000000,0.000000,81.551476
2100.000000,750.000000,0.000000,81.623619
2100.000000,750.000000,0.000000,81.673227
2101.000000,750.000000,0.000000,81.710254
2102.000000,751.000000,0.000000,81.849271
2102.000000,751.000000,0.000000,81.904688
2103.000000,751.000000,0.000000,81.971244
