514.000000,110.000000,1.000000,75.481629
514.000000,110.000000,1.000000,75.480076
515.000000,110.000000,1.000000,75.461209
516.000000,110.000000,1.000000,75.453439
517.000000,110.000000,1.000000,75.437644
518.000000,111.000000,1.000000,75.390121
518.000000,111.000000,1.000000,75.352982
519.000000,111.000000,1.000000,75.285055
520.000000,111.000000,1.000000,75.261476
520.000000,111.000000,1.000000,75.279840
522.000000,112.000000,1.000000,75.158065
522.000000,112.000000,1.000000,75.133277
522.000000,112.000000,1.000000,75.105598
523.000000,112.000000,1.000000,75.072132
524.000000,112.000000,1.000000,75.033374
524.000000,112.000000,1.000000,74.989818
525.000000,112.000000,1.000000,74.941960
526.000000,113.000000,1.000000,74.890294
527.000000,113.000000,1.000000,74.835316
528.000000,113.000000,1.000000,74.777520
529.000000,113.000000,1.000000,74.717400
530.000000,113.000000,1.000000,74.655453
531.000000,114.000000,1.000000,74.592172
532.000000,114.000000,1.000000,74.528632
533.000000,114.000000,1.000000,74.500574
533.000000,114.000000,1.000000,74.460694
534.000000,115.000000,1.000000,74.434608
535.000000,115.000000,1.000000,74.398104
536.000000,115.000000,1.000000,74.374858
536.000000,115.000000,1.000000,74.354738
537.000000,115.000000,1.000000,74.342408
538.000000,116.000000,1.000000,74.311571
539.000000,116.000000,1.000000,74.291923
539.000000,116.000000,1.000000,74.280397
540.000000,116.000000,1.000000,74.265033
541.000000,116.000000,1.000000,74.256893
542.000000,117.000000,1.000000,74.247761
543.000000,117.000000,1.000000,74.237128
543.000000,117.000000,1.000000,74.289207
544.000000,117.000000,1.000000,74.292679
545.000000,117.000000,1.000000,74.284267
546.000000,118.000000,1.000000,74.275516
546.000000,118.000000,1.000000,74.274093
547.000000,118.000000,1.000000,74.275925
548.000000,118.000000,1.000000,74.287548
549.000000,118.000000,1.000000,74.316831
550.000000,118.000000,1.000000,74.338464
551.000000,119.000000,1.000000,74.359819
551.000000,119.000000,1.000000,74.359525
552.000000,119.000000,1.000000,74.394144
553.000000,119.000000,1.000000,74.411306
553.000000,119.000000,1.000000,74.423405
554.000000,120.000000,1.000000,74.437413
555.000000,120.000000,1.000000,74.457619
555.000000,120.000000,1.000000,74.467967
556.000000,120.000000,1.000000,74.480019
557.000000,120.000000,1.000000,74.500553
557.000000,120.000000,1.000000,74.496071
558.000000,121.000000,1.000000,74.540974
559.000000,121.000000,1.000000,74.565861
560.000000,121.000000,1.000000,74.567369
561.000000,121.000000,1.000000,74.575997
561.000000,121.000000,1.000000,74.600379
562.000000,122.000000,1.000000,74.619603
563.000000,122.000000,1.000000,74.637845
563.000000,122.000000,1.000000,74.646170
564.000000,122.000000,1.000000,74.665421
565.000000,122.000000,1.000000,74.683678
566.000000,123.000000,1.000000,74.706755
567.000000,123.000000,1.000000,74.706942
567.000000,123.000000,1.000000,74.700362
568.000000,123.000000,1.000000,74.677037
569.000000,123.000000,1.000000,74.659296
570.000000,123.000000,1.000000,74.641491
570.000000,124.000000,1.000000,74.622984
571.000000,124.000000,1.000000,74.600577
571.000000,124.000000,1.000000,74.585816
572.000000,124.000000,1.000000,74.549007
573.000000,124.000000,1.000000,74.513612
574.000000,125.000000,1.000000,74.481114
574.000000,125.000000,1.000000,74.455758
575.000000,125.000000,1.000000,74.419464
576.000000,125.000000,1.000000,74.388667
576.000000,125.000000,1.000000,74.393452
578.000000,125.000000,1.000000,74.401622
578.000000,126.000000,1.000000,74.368407
579.000000,126.000000,1.000000,74.330419
580.000000,126.000000,1.000000,74.302311
580.000000,126.000000,1.000000,74.265573
581.000000,126.000000,1.000000,74.223813
582.000000,126.000000,1.000000,74.191430
582.000000,127.000000,1.000000,74.166842
583.000000,127.000000,1.000000,74.136780
584.000000,127.000000,1.000000,74.114102
585.000000,127.000000,1.000000,74.096862
585.000000,127.000000,1.000000,74.071476
586.000000,128.000000,1.000000,74.040028
587.000000,128.000000,1.000000,74.025114
588.000000,128.000000,1.000000,74.026787
588.000000,128.000000,1.000000,74.014922
589.000000,128.000000,1.000000,73.992667
590.000000,128.000000,1.000000,73.975595
591.000000,129.000000,1.000000,73.962069
591.000000,129.000000,1.000000,73.952569
592.000000,129.000000,1.000000,73.940840
592.000000,129.000000,1.000000,73.931274
593.000000,129.000000,1.000000,73.927206
594.000000,130.000000,1.000000,73.926710
595.000000,130.000000,1.000000,73.932877
595.000000,130.000000,1.000000,73.926534
596.000000,130.000000,1.000000,73.957666
597.000000,130.000000,1.000000,73.961702
598.000000,131.000000,1.000000,73.975356
598.000000,131.000000,1.000000,74.018730
599.000000,131.000000,1.000000,74.036211
600.000000,131.000000,1.000000,74.053122
600.000000,131.000000,1.000000,74.072594
601.000000,131.000000,1.000000,74.107201
602.000000,132.000000,1.000000,74.128579
603.000000,132.000000,1.000000,74.136643
603.000000,132.000000,1.000000,74.151350
604.000000,132.000000,1.000000,74.165974
605.000000,132.000000,1.000000,74.176339
605.000000,132.000000,1.000000,74.189935
606.000000,133.000000,1.000000,74.210329
606.000000,133.000000,1.000000,74.220690
608.000000,133.000000,1.000000,74.239562
608.000000,133.000000,1.000000,74.253297
609.000000,133.000000,1.000000,74.395728
610.000000,134.000000,1.000000,74.378156
610.000000,134.000000,1.000000,74.392121
611.000000,134.000000,1.000000,74.399298
612.000000,134.000000,1.000000,74.403021
613.000000,134.000000,1.000000,74.379598
613.000000,134.000000,1.000000,74.379602
614.000000,135.000000,1.000000,74.380138
615.000000,135.000000,1.000000,74.359981
615.000000,135.000000,1.000000,74.338851
616.000000,135.000000,1.000000,74.318515
617.000000,135.000000,1.000000,74.311799
617.000000,135.000000,1.000000,74.311034
618.000000,136.000000,1.000000,74.268987
619.000000,136.000000,1.000000,74.252078
619.000000,136.000000,1.000000,74.285023
620.000000,136.000000,1.000000,74.297348
621.000000,136.000000,1.000000,74.297799
622.000000,137.000000,1.000000,74.300394
622.000000,137.000000,1.000000,74.288234
623.000000,137.000000,1.000000,74.277861
623.000000,137.000000,1.000000,74.267842
624.000000,137.000000,1.000000,74.261169
625.000000,137.000000,1.000000,74.254353
625.000000,137.000000,1.000000,74.253602
626.000000,138.000000,1.000000,74.244909
627.000000,138.000000,1.000000,74.239185
628.000000,138.000000,1.000000,74.229565
628.000000,138.000000,1.000000,74.230702
629.000000,138.000000,1.000000,74.217916
630.000000,139.000000,1.000000,74.214349
630.000000,139.000000,1.000000,74.209829
631.000000,139.000000,1.000000,74.206879
631.000000,139.000000,1.000000,74.206388
632.000000,139.000000,1.000000,74.200309
633.000000,139.000000,1.000000,74.200003
634.000000,140.000000,1.000000,74.197370
634.000000,140.000000,1.000000,74.191098
635.000000,140.000000,1.000000,74.189598
635.000000,140.000000,1.000000,74.186994
636.000000,140.000000,1.000000,74.186631
636.000000,140.000000,1.000000,74.184674
637.000000,140.000000,1.000000,74.181374
637.000000,140.000000,1.000000,74.177046
638.000000,141.000000,1.000000,74.172007
638.000000,141.000000,1.000000,74.166572
639.000000,141.000000,1.000000,74.161057
640.000000,141.000000,1.000000,74.155778
640.000000,141.000000,1.000000,74.151051
641.000000,141.000000,1.000000,74.147192
642.000000,142.000000,1.000000,74.144516
643.000000,142.000000,1.000000,74.143339
644.000000,142.000000,1.000000,74.143479
644.000000,142.000000,1.000000,74.160190
645.000000,142.000000,1.000000,74.174286
646.000000,143.000000,1.000000,74.199010
646.000000,143.000000,1.000000,74.209277
647.000000,143.000000,1.000000,74.226813
648.000000,143.000000,1.000000,74.243837
648.000000,143.000000,1.000000,74.259215
649.000000,143.000000,1.000000,74.303713
649.000000,143.000000,1.000000,74.323890
650.000000,144.000000,1.000000,74.337811
651.000000,144.000000,1.000000,74.349910
651.000000,144.000000,1.000000,74.368699
652.000000,144.000000,1.000000,74.382808
653.000000,144.000000,1.000000,74.398191
653.000000,144.000000,1.000000,74.413533
654.000000,145.000000,1.000000,74.429647
654.000000,145.000000,1.000000,74.444493
655.000000,145.000000,1.000000,74.457271
656.000000,145.000000,1.000000,74.475005
656.000000,145.000000,1.000000,74.487481
657.000000,145.000000,1.000000,74.497552
658.000000,146.000000,1.000000,74.539973
658.000000,146.000000,1.000000,74.544397
659.000000,146.000000,1.000000,74.561832
659.000000,146.000000,1.000000,74.573033
660.000000,146.000000,1.000000,74.594975
661.000000,146.000000,1.000000,74.610718
661.000000,146.000000,1.000000,74.627185
662.000000,146.000000,1.000000,74.649844
662.000000,147.000000,1.000000,74.665255
663.000000,147.000000,1.000000,74.680029
663.000000,147.000000,1.000000,74.696967
664.000000,147.000000,1.000000,74.712197
665.000000,147.000000,1.000000,74.726424
665.000000,147.000000,1.000000,74.735198
666.000000,147.000000,1.000000,74.732790
667.000000,148.000000,1.000000,74.730349
667.000000,148.000000,1.000000,74.736373
668.000000,148.000000,1.000000,74.738779
668.000000,148.000000,1.000000,74.731713
669.000000,148.000000,1.000000,74.718901
669.000000,148.000000,1.000000,74.698784
670.000000,148.000000,1.000000,74.673279
671.000000,149.000000,1.000000,74.654193
671.000000,149.000000,1.000000,74.631690
672.000000,149.000000,1.000000,74.605772
673.000000,149.000000,1.000000,74.581235
673.000000,149.000000,1.000000,74.558833
674.000000,149.000000,1.000000,74.537585
674.000000,149.000000,1.000000,74.511259
675.000000,150.000000,1.000000,74.482722
676.000000,150.000000,1.000000,74.449201
676.000000,150.000000,1.000000,74.432515
677.000000,150.000000,1.000000,74.406896
677.000000,150.000000,1.000000,74.376732
678.000000,150.000000,1.000000,74.354784
679.000000,150.000000,1.000000,74.335052
679.000000,151.000000,1.000000,74.314195
680.000000,151.000000,1.000000,74.292971
680.000000,151.000000,1.000000,74.277985
681.000000,151.000000,1.000000,74.250752
682.000000,151.000000,1.000000,74.238484
682.000000,151.000000,1.000000,74.214164
683.000000,151.000000,1.000000,74.198472
683.000000,152.000000,1.000000,74.174650
684.000000,152.000000,1.000000,74.166937
685.000000,152.000000,1.000000,74.140924
685.000000,152.000000,1.000000,74.134277
686.000000,152.000000,1.000000,74.129805
686.000000,152.000000,1.000000,74.106064
687.000000,152.000000,1.000000,74.090678
687.000000,152.000000,1.000000,74.092816
688.000000,153.000000,1.000000,74.058210
689.000000,153.000000,1.000000,74.046261
689.000000,153.000000,1.000000,74.029655
690.000000,153.000000,1.000000,74.018355
690.000000,153.000000,1.000000,74.007848
691.000000,153.000000,1.000000,73.992840
692.000000,154.000000,1.000000,73.986555
692.000000,154.000000,1.000000,73.984884
693.000000,154.000000,1.000000,73.973772
694.000000,154.000000,1.000000,73.973945
694.000000,154.000000,1.000000,73.990103
695.000000,154.000000,1.000000,73.999637
695.000000,154.000000,1.000000,74.018541
696.000000,155.000000,1.000000,74.034961
696.000000,155.000000,1.000000,74.042017
697.000000,155.000000,1.000000,74.056517
698.000000,155.000000,1.000000,74.068008
698.000000,155.000000,1.000000,74.075237
699.000000,155.000000,1.000000,74.077994
699.000000,155.000000,1.000000,74.108965
700.000000,156.000000,1.000000,74.127288
701.000000,156.000000,1.000000,74.132616
701.000000,156.000000,1.000000,74.140276
702.000000,156.000000,1.000000,74.159137
702.000000,156.000000,1.000000,74.168914
703.000000,156.000000,1.000000,74.168924
703.000000,156.000000,1.000000,74.175917
704.000000,157.000000,1.000000,74.189865
705.000000,157.000000,1.000000,74.197810
705.000000,157.000000,1.000000,74.209534
706.000000,157.000000,1.000000,74.228169
706.000000,157.000000,1.000000,74.240805
707.000000,157.000000,1.000000,74.250436
708.000000,157.000000,1.000000,74.258942
708.000000,157.000000,1.000000,74.270052
709.000000,158.000000,1.000000,74.284708
709.000000,158.000000,1.000000,74.297569
710.000000,158.000000,1.000000,74.310112
711.000000,158.000000,1.000000,74.318862
711.000000,158.000000,1.000000,74.332921
711.000000,158.000000,1.000000,74.331883
712.000000,158.000000,1.000000,74.331843
713.000000,159.000000,1.000000,74.339043
713.000000,159.000000,1.000000,74.350767
714.000000,159.000000,1.000000,74.368181
715.000000,159.000000,1.000000,74.387903
715.000000,159.000000,1.000000,74.384472
715.000000,159.000000,1.000000,74.391728
716.000000,159.000000,1.000000,74.391063
716.000000,159.000000,1.000000,74.396746
717.000000,160.000000,1.000000,74.409234
718.000000,160.000000,1.000000,74.422988
718.000000,160.000000,1.000000,74.450114
718.000000,160.000000,1.000000,74.455752
719.000000,160.000000,1.000000,74.481497
720.000000,160.000000,1.000000,74.539134
720.000000,160.000000,1.000000,74.585583
721.000000,161.000000,1.000000,74.586246
721.000000,161.000000,1.000000,74.580612
722.000000,161.000000,1.000000,74.564117
722.000000,161.000000,1.000000,74.525300
723.000000,161.000000,1.000000,74.466169
724.000000,161.000000,1.000000,74.414712
725.000000,161.000000,1.000000,74.316177
725.000000,162.000000,1.000000,74.269853
725.000000,162.000000,1.000000,74.254342
725.000000,162.000000,1.000000,74.246298
726.000000,162.000000,1.000000,74.222374
726.000000,162.000000,1.000000,74.159224
728.000000,162.000000,1.000000,74.036383
728.000000,162.000000,1.000000,73.973232
729.000000,162.000000,1.000000,73.921907
729.000000,163.000000,1.000000,73.873356
730.000000,163.000000,1.000000,73.828006
730.000000,163.000000,1.000000,73.786282
731.000000,163.000000,1.000000,73.748610
731.000000,163.000000,1.000000,73.715416
732.000000,163.000000,1.000000,73.687127
732.000000,163.000000,1.000000,73.664168
733.000000,163.000000,1.000000,73.636471
734.000000,164.000000,1.000000,73.559847
735.000000,164.000000,1.000000,73.523716
735.000000,164.000000,1.000000,73.503476
735.000000,164.000000,1.000000,73.474043
736.000000,164.000000,1.000000,73.442004
736.000000,164.000000,1.000000,73.414638
737.000000,164.000000,1.000000,73.394125
738.000000,165.000000,1.000000,73.383095
738.000000,165.000000,1.000000,73.379093
739.000000,165.000000,1.000000,73.369587
739.000000,165.000000,1.000000,73.354060
740.000000,165.000000,1.000000,73.343162
740.000000,165.000000,1.000000,73.311304
741.000000,165.000000,1.000000,73.280655
742.000000,166.000000,1.000000,73.258308
742.000000,166.000000,1.000000,73.243142
743.000000,166.000000,1.000000,73.234037
743.000000,166.000000,1.000000,73.229873
743.000000,166.000000,1.000000,73.229529
744.000000,166.000000,1.000000,73.231884
744.000000,166.000000,1.000000,73.235818
745.000000,166.000000,1.000000,73.240210
745.000000,166.000000,1.000000,73.243941
746.000000,167.000000,1.000000,73.245889
746.000000,167.000000,1.000000,73.244933
747.000000,167.000000,1.000000,73.239955
748.000000,167.000000,1.000000,73.229831
748.000000,167.000000,1.000000,73.208082
749.000000,167.000000,1.000000,73.185923
749.000000,167.000000,1.000000,73.160175
749.000000,168.000000,1.000000,73.141196
750.000000,168.000000,1.000000,73.118550
751.000000,168.000000,1.000000,73.103937
751.000000,168.000000,1.000000,73.094031
751.000000,168.000000,1.000000,73.082739
752.000000,168.000000,1.000000,73.083217
752.000000,168.000000,1.000000,73.122935
753.000000,168.000000,1.000000,73.108883
753.000000,168.000000,1.000000,73.101031
754.000000,169.000000,1.000000,73.092513
754.000000,169.000000,1.000000,73.079543
755.000000,169.000000,1.000000,73.068040
755.000000,169.000000,1.000000,73.048722
755.000000,169.000000,1.000000,73.035087
756.000000,169.000000,1.000000,73.030014
756.000000,169.000000,1.000000,73.023884
757.000000,169.000000,1.000000,73.018016
757.000000,169.000000,1.000000,73.005633
757.000000,170.000000,1.000000,72.991593
758.000000,170.000000,1.000000,72.966769
758.000000,170.000000,1.000000,72.975314
759.000000,170.000000,1.000000,73.252339
759.000000,170.000000,1.000000,73.187179
759.000000,170.000000,1.000000,73.119260
760.000000,170.000000,1.000000,72.864665
760.000000,170.000000,1.000000,72.630256
761.000000,170.000000,1.000000,72.289261
761.000000,170.000000,1.000000,72.002196
761.000000,170.000000,1.000000,71.409794
762.000000,171.000000,1.000000,70.656466
762.000000,171.000000,1.000000,69.828522
762.000000,171.000000,1.000000,68.719352
762.000000,171.000000,1.000000,68.208922
763.000000,171.000000,1.000000,66.722967
763.000000,171.000000,1.000000,65.221100
763.000000,171.000000,1.000000,64.486449
764.000000,171.000000,1.000000,62.821711
764.000000,171.000000,1.000000,61.216849
764.000000,172.000000,1.000000,59.373153
765.000000,172.000000,1.000000,57.406578
765.000000,172.000000,1.000000,56.123732
765.000000,172.000000,1.000000,54.039020
765.000000,172.000000,1.000000,51.516253
766.000000,172.000000,1.000000,49.540719
766.000000,172.000000,1.000000,47.641408
766.000000,173.000000,1.000000,45.606393
766.000000,173.000000,1.000000,43.378236
766.000000,173.000000,1.000000,40.707663
766.000000,173.000000,1.000000,38.773001
767.000000,173.000000,1.000000,35.803236
767.000000,173.000000,1.000000,35.177535
767.000000,174.000000,1.000000,32.748060
767.000000,174.000000,1.000000,29.140200
767.000000,174.000000,1.000000,28.369628
767.000000,174.000000,1.000000,26.880731
768.000000,175.000000,1.000000,22.831065
768.000000,175.000000,1.000000,19.935998
768.000000,175.000000,1.000000,17.653052
768.000000,175.000000,1.000000,15.136466
768.000000,176.000000,1.000000,11.823566
768.000000,176.000000,1.000000,9.087509
768.000000,176.000000,1.000000,6.587059
768.000000,176.000000,1.000000,4.348536
768.000000,177.000000,1.000000,1.255057
768.000000,177.000000,1.000000,-0.428625
768.000000,177.000000,1.000000,-2.723325
768.000000,178.000000,1.000000,-10.140659
768.000000,178.000000,1.000000,-7.434425
768.000000,178.000000,1.000000,-9.712271
768.000000,178.000000,1.000000,-13.096713
768.000000,179.000000,1.000000,-14.764553
768.000000,179.000000,1.000000,-18.646589
768.000000,179.000000,1.000000,-21.391729
768.000000,180.000000,1.000000,-24.159273
768.000000,180.000000,1.000000,-27.419773
768.000000,180.000000,1.000000,-28.929358
768.000000,180.000000,1.000000,-30.543862
768.000000,181.000000,1.000000,-35.757189
768.000000,181.000000,1.000000,-38.454595
767.000000,181.000000,1.000000,-41.143533
767.000000,181.000000,1.000000,-44.374482
767.000000,182.000000,1.000000,-48.004566
766.000000,182.000000,1.000000,-50.284383
766.000000,182.000000,1.000000,-53.758196
766.000000,182.000000,1.000000,-55.570432
766.000000,183.000000,1.000000,-56.779502
766.000000,183.000000,1.000000,-58.050701
766.000000,183.000000,1.000000,-60.049324
765.000000,183.000000,1.000000,-63.440668
764.000000,184.000000,1.000000,-68.888031
764.000000,184.000000,1.000000,-72.277202
764.000000,184.000000,1.000000,-74.187631
763.000000,184.000000,1.000000,-76.536028
763.000000,184.000000,1.000000,-78.716020
762.000000,184.000000,1.000000,-80.809567
762.000000,184.000000,1.000000,-82.458182
761.000000,184.000000,1.000000,-84.478631
761.000000,184.000000,1.000000,-85.897048
761.000000,184.000000,1.000000,-86.548340
760.000000,184.000000,1.000000,-88.941923
760.000000,184.000000,1.000000,-90.103281
759.000000,184.000000,1.000000,-91.192930
759.000000,184.000000,1.000000,-92.730668
758.000000,184.000000,1.000000,-93.760289
758.000000,184.000000,1.000000,-94.658627
758.000000,185.000000,1.000000,-95.448042
758.000000,185.000000,1.000000,-96.150893
758.000000,185.000000,1.000000,-96.789537
758.000000,185.000000,1.000000,-97.386336
758.000000,185.000000,1.000000,-97.963646
758.000000,185.000000,1.000000,-98.543829
758.000000,185.000000,1.000000,-99.149242
757.000000,184.000000,1.000000,-99.802244
757.000000,184.000000,1.000000,-100.525195
756.000000,184.000000,1.000000,-101.340454
755.000000,184.000000,1.000000,-102.270379
753.000000,183.000000,1.000000,-103.337330
751.000000,183.000000,1.000000,-104.561055
749.000000,182.000000,1.000000,-105.569164
749.000000,182.000000,1.000000,-106.151318
748.000000,182.000000,1.000000,-106.431549
748.000000,182.000000,1.000000,-106.533889
748.000000,182.000000,1.000000,-106.582368
748.000000,181.000000,1.000000,-106.701019
747.000000,181.000000,1.000000,-107.047677
747.000000,181.000000,1.000000,-109.934048
746.000000,181.000000,1.000000,-110.216040
746.000000,181.000000,1.000000,-110.493304
745.000000,180.000000,1.000000,-110.720994
745.000000,180.000000,1.000000,-110.861275
744.000000,180.000000,1.000000,-110.942900
744.000000,180.000000,1.000000,-110.937702
743.000000,179.000000,1.000000,-110.877526
742.000000,179.000000,1.000000,-110.733356
742.000000,179.000000,1.000000,-110.608593
741.000000,179.000000,1.000000,-110.453438
741.000000,178.000000,1.000000,-110.263395
740.000000,178.000000,1.000000,-110.082248
739.000000,178.000000,1.000000,-109.905699
739.000000,178.000000,1.000000,-109.748032
739.000000,178.000000,1.000000,-109.884063
738.000000,178.000000,1.000000,-109.943384
737.000000,177.000000,1.000000,-109.777077
737.000000,177.000000,1.000000,-109.631296
736.000000,177.000000,1.000000,-109.486742
736.000000,177.000000,1.000000,-109.328283
735.000000,176.000000,1.000000,-109.171509
735.000000,176.000000,1.000000,-109.026659
734.000000,176.000000,1.000000,-108.888730
733.000000,176.000000,1.000000,-108.748349
733.000000,175.000000,1.000000,-108.643520
732.000000,175.000000,1.000000,-108.495973
732.000000,175.000000,1.000000,-108.328064
731.000000,175.000000,1.000000,-108.195986
730.000000,175.000000,1.000000,-108.072178
730.000000,175.000000,1.000000,-108.866655
730.000000,175.000000,1.000000,-108.844088
729.000000,175.000000,1.000000,-108.781483
728.000000,175.000000,1.000000,-108.777231
727.000000,174.000000,1.000000,-108.813520
727.000000,174.000000,1.000000,-108.823126
726.000000,174.000000,1.000000,-108.881838
726.000000,174.000000,1.000000,-108.898505
725.000000,174.000000,1.000000,-108.898769
725.000000,173.000000,1.000000,-108.896569
724.000000,173.000000,1.000000,-108.896653
724.000000,173.000000,1.000000,-108.896649
723.000000,173.000000,1.000000,-108.896308
722.000000,173.000000,1.000000,-108.891043
722.000000,172.000000,1.000000,-108.902226
721.000000,173.000000,1.000000,-110.922685
720.000000,173.000000,1.000000,-111.482931
720.000000,173.000000,1.000000,-111.477259
719.000000,173.000000,1.000000,-111.476466
719.000000,172.000000,1.000000,-111.474092
718.000000,172.000000,1.000000,-111.474297
717.000000,172.000000,1.000000,-111.478844
717.000000,172.000000,1.000000,-111.484538
716.000000,172.000000,1.000000,-111.487003
716.000000,172.000000,1.000000,-111.493415
715.000000,171.000000,1.000000,-111.493372
714.000000,171.000000,1.000000,-111.493418
714.000000,171.000000,1.000000,-111.493436
713.000000,171.000000,1.000000,-111.493670
713.000000,171.000000,1.000000,-111.512412
712.000000,171.000000,1.000000,-113.151833
711.000000,171.000000,1.000000,-113.141533
710.000000,170.000000,1.000000,-113.147923
710.000000,170.000000,1.000000,-113.153208
709.000000,170.000000,1.000000,-113.155014
708.000000,170.000000,1.000000,-113.157039
708.000000,170.000000,1.000000,-113.163290
707.000000,170.000000,1.000000,-113.170877
706.000000,169.000000,1.000000,-113.176633
706.000000,169.000000,1.000000,-113.183619
705.000000,169.000000,1.000000,-113.187017
704.000000,169.000000,1.000000,-113.195424
704.000000,169.000000,1.000000,-113.196204
703.000000,169.000000,1.000000,-113.204905
