651 787 217
651 788 217
651 789 217
651 798 217
651 799 217
651 800 217
651 801 217
651 802 217
651 803 217
651 840 207
651 841 207
652 785 217
652 786 217
652 787 217
652 788 217
652 789 217
652 798 217
652 799 217
652 800 217
652 801 217
652 802 217
652 803 217
652 842 207
652 843 207
652 844 207
653 844 207
653 845 207
653 846 207
654 847 207
654 848 207
654 849 207
654 850 207
654 851 207
655 848 207
655 849 207
655 850 207
655 851 207
655 852 207
656 849 207
656 850 207
656 851 207
656 852 207
656 853 207
656 854 207
657 850 207
657 851 207
657 852 207
657 853 207
657 854 207
657 855 230
657 856 230
658 854 230
658 855 230
658 856 230
658 857 230
658 858 230
658 859 230
659 855 230
659 856 230
659 857 230
659 858 230
659 859 230
659 860 230
659 861 230
661 863 207
661 864 207
661 865 207
661 866 207
661 867 207
661 868 207
662 864 207
662 865 207
662 866 207
662 867 207
662 868 207
662 869 207
662 870 207
662 871 207
662 872 207
663 864 207
663 865 207
663 866 207
663 867 207
663 868 207
663 869 207
663 870 207
663 871 207
663 872 207
663 873 207
664 653 227
664 654 227
664 655 227
664 656 227
664 657 227
664 658 227
664 659 227
664 868 207
664 869 207
664 870 207
664 871 207
664 872 207
664 873 207
664 874 207
664 875 207
664 876 207
664 877 207
665 649 227
665 650 227
665 651 227
665 652 227
665 653 227
665 654 227
665 655 227
665 656 227
665 657 227
665 658 227
665 659 227
665 660 227
665 661 227
665 870 207
665 871 207
665 872 207
665 873 207
665 874 207
665 875 207
665 876 207
665 877 207
665 878 207
665 879 207
666 642 227
666 643 227
666 644 227
666 645 227
666 646 227
666 647 227
666 648 227
666 649 227
666 650 227
666 651 227
666 652 227
666 653 227
666 654 227
666 655 227
666 656 227
666 657 227
666 658 227
666 659 227
666 877 207
666 878 207
666 879 207
666 880 207
666 881 207
666 882 207
667 639 227
667 640 227
667 641 227
667 642 227
667 643 227
667 644 227
667 645 227
667 646 227
667 647 227
667 648 227
667 649 227
667 650 227
667 651 227
667 652 227
667 653 227
667 654 227
667 655 227
667 656 227
667 657 227
667 878 207
667 879 207
667 880 207
667 881 207
667 882 207
667 883 207
668 639 227
668 640 227
668 641 227
668 642 227
668 643 227
668 644 227
668 645 227
668 646 227
668 647 227
668 648 227
668 649 227
668 650 227
668 651 227
668 652 227
668 880 207
668 881 207
668 882 207
668 883 207
668 884 207
669 583 227
669 584 227
669 585 227
669 586 227
669 587 227
669 588 227
669 589 227
669 590 227
669 591 227
669 640 227
669 641 227
669 642 227
669 643 227
669 644 227
669 645 227
669 646 227
669 647 227
669 648 227
669 674 227
669 675 227
669 676 227
669 677 227
669 678 227
669 679 227
669 680 227
669 681 227
670 580 227
670 581 227
670 582 227
670 583 227
670 584 227
670 585 227
670 586 227
670 587 227
670 588 227
670 589 227
670 590 227
670 591 227
670 592 227
670 593 227
670 594 227
670 595 227
670 596 227
670 597 227
670 598 227
670 599 227
670 600 227
670 601 227
670 602 227
670 603 227
670 604 227
670 605 227
670 606 227
670 607 227
670 608 227
670 625 227
670 626 227
670 627 227
670 628 227
670 629 227
670 669 227
670 670 227
670 671 227
670 672 227
670 673 227
670 674 227
670 675 227
670 676 227
670 677 227
670 678 227
670 679 227
670 680 227
670 681 227
670 682 227
670 683 227
670 684 227
670 827 217
670 828 217
670 829 217
670 830 217
670 831 217
670 832 217
670 833 217
670 840 230
670 841 230
670 842 230
670 843 230
670 844 230
670 845 230
670 846 230
670 847 230
670 848 230
670 849 230
670 850 230
670 851 230
670 852 230
670 853 230
670 854 230
670 855 230
670 856 230
670 857 230
671 580 227
671 581 227
671 582 227
671 583 227
671 584 227
671 585 227
671 586 227
671 587 227
671 588 227
671 589 227
671 590 227
671 591 227
671 592 227
671 593 227
671 594 227
671 595 227
671 596 227
671 597 227
671 598 227
671 599 227
671 600 227
671 601 227
671 602 227
671 603 227
671 604 227
671 605 227
671 606 227
671 607 227
671 608 227
671 623 227
671 624 227
671 625 227
671 626 227
671 627 227
671 628 227
671 629 227
671 630 227
671 631 227
671 632 227
671 633 227
671 669 227
671 670 227
671 671 227
671 672 227
671 673 227
671 674 227
671 675 227
671 676 227
671 677 227
671 678 227
671 679 227
671 680 227
671 681 227
671 682 227
671 683 227
671 684 227
671 827 217
671 828 217
671 829 217
671 830 217
671 831 217
671 832 217
671 833 217
671 834 217
671 835 217
671 836 217
671 837 217
671 838 230
671 839 230
671 840 230
671 841 230
671 842 230
671 843 230
671 844 230
671 845 230
671 846 230
671 847 230
671 848 230
671 849 230
671 850 230
671 851 230
671 852 230
671 853 230
671 854 230
671 855 230
671 856 230
671 857 230
672 587 227
672 588 227
672 589 227
672 590 227
672 591 227
672 592 227
672 593 227
672 594 227
672 595 227
672 596 227
672 597 227
672 598 227
672 599 227
672 600 227
672 601 227
672 602 227
672 620 206
672 621 206
672 622 206
672 623 206
672 624 206
672 625 206
672 626 206
672 627 227
672 628 227
672 827 217
672 828 217
672 829 217
672 830 217
672 831 217
672 832 217
672 833 217
672 834 217
672 835 217
672 836 217
672 837 217
672 838 217
672 839 217
673 589 227
673 590 227
673 591 227
673 592 227
673 593 227
673 594 227
673 595 227
673 596 227
673 597 227
673 598 227
682 568 206
682 569 206
682 570 206
682 571 206
682 572 206
682 573 206
682 574 206
682 575 206
682 576 206
682 577 206
682 802 206
682 803 206
683 564 206
683 565 206
683 566 206
683 567 206
683 568 206
683 569 206
683 570 206
683 571 206
683 572 206
683 573 206
683 574 206
683 575 206
683 576 206
683 577 206
683 578 206
683 800 206
683 801 206
683 802 206
683 803 206
684 558 206
684 559 206
684 560 206
684 561 206
684 562 206
684 563 206
684 564 206
684 565 206
684 566 206
684 567 206
684 568 206
684 569 206
684 570 206
684 571 206
684 572 206
684 573 206
684 574 206
684 575 206
684 576 206
684 680 206
684 681 206
684 682 206
684 683 206
684 684 206
684 685 206
684 686 206
684 799 206
684 800 206
684 801 206
684 802 206
684 803 206
684 804 206
685 559 206
685 560 206
685 561 206
685 562 206
685 563 206
685 564 206
685 565 206
685 566 206
685 567 206
685 568 206
685 569 206
685 570 206
685 571 206
685 679 206
685 680 206
685 681 206
685 682 206
685 683 206
685 684 206
685 685 206
685 686 206
685 800 206
685 801 206
685 802 206
685 803 206
686 562 206
686 563 206
686 564 206
686 565 206
686 566 206
686 680 206
686 681 206
686 682 206
686 683 206
716 414 206
716 415 206
716 416 206
716 417 206
716 418 206
717 408 206
717 409 206
717 410 206
717 411 206
717 412 206
717 413 206
717 414 206
717 415 206
717 416 206
717 417 206
717 418 206
717 419 206
717 420 206
717 421 206
717 422 206
718 405 206
718 406 206
718 407 206
718 408 206
718 409 206
718 410 206
718 411 206
718 412 206
718 413 206
718 414 206
718 415 206
718 416 206
718 417 206
718 418 206
718 419 206
718 420 206
718 421 206
718 422 206
719 138 207
719 139 207
719 140 207
719 141 207
719 142 207
719 402 206
719 403 206
719 404 206
719 405 206
719 406 206
719 407 206
719 408 206
719 409 206
719 410 206
719 411 206
719 412 206
719 413 206
719 414 206
719 415 206
719 416 206
719 417 206
719 418 206
719 419 206
719 420 206
719 421 206
719 652 206
719 653 206
719 654 206
719 655 206
719 656 206
719 657 206
719 658 206
720 397 206
720 398 206
720 399 206
720 400 206
720 401 206
720 402 206
720 403 206
720 404 206
720 405 206
720 406 206
720 407 206
720 408 206
720 409 206
720 410 206
720 411 206
720 412 206
720 413 206
720 414 206
720 415 206
720 416 206
720 417 206
720 649 206
720 650 206
720 651 206
720 652 206
720 653 206
720 654 206
720 655 206
720 656 206
720 657 206
720 658 206
720 659 206
720 660 206
720 661 206
721 387 206
721 388 206
721 389 206
721 390 206
721 391 206
721 392 206
721 393 206
721 394 206
721 395 206
721 396 206
721 397 206
721 398 206
721 399 206
721 400 206
721 401 206
721 402 206
721 403 206
721 404 206
721 405 206
721 406 206
721 407 206
721 408 206
721 647 206
721 648 206
721 649 206
721 650 206
721 651 206
721 652 206
721 653 206
721 654 206
721 655 206
721 656 206
721 657 206
721 658 206
721 659 206
721 660 206
721 661 206
722 384 206
722 385 206
722 386 206
722 387 206
722 388 206
722 389 206
722 390 206
722 391 206
722 392 206
722 393 206
722 394 206
722 395 206
722 396 206
722 397 206
722 398 206
722 399 206
722 400 206
722 401 206
722 402 206
722 403 206
722 404 206
722 645 206
722 646 206
722 647 206
722 648 206
722 649 206
722 650 206
722 651 206
722 652 206
722 653 206
722 654 206
722 655 206
722 656 206
722 657 206
722 658 206
722 659 206
723 378 206
723 379 206
723 380 206
723 381 206
723 382 206
723 383 206
723 384 206
723 385 206
723 386 206
723 387 206
723 388 206
723 389 206
723 390 206
723 391 206
723 392 206
723 393 206
723 394 206
723 395 206
723 396 206
723 397 206
723 398 206
723 399 206
723 643 206
723 644 206
723 645 206
723 646 206
723 647 206
723 648 206
723 649 206
723 650 206
723 651 206
723 652 206
723 653 206
723 654 206
723 655 206
723 656 206
723 657 206
724 374 206
724 375 206
724 376 206
724 377 206
724 378 206
724 379 206
724 380 206
724 381 206
724 382 206
724 383 206
724 384 206
724 385 206
724 386 206
724 387 206
724 388 206
724 389 206
724 390 206
724 391 206
724 392 206
724 393 206
724 394 206
724 395 206
724 396 206
724 397 206
724 398 206
724 642 206
724 643 206
724 644 206
724 645 206
724 646 206
724 647 206
724 648 206
724 649 206
724 650 206
724 651 206
724 652 206
724 653 206
724 654 206
724 655 206
724 656 206
725 367 206
725 368 206
725 369 206
725 370 206
725 371 206
725 372 206
725 373 206
725 374 206
725 375 206
725 376 206
725 377 206
725 378 206
725 379 206
725 380 206
725 381 206
725 382 206
725 383 206
725 384 206
725 385 206
725 386 206
725 387 206
725 388 206
725 389 206
725 390 206
725 391 206
725 392 206
725 639 206
725 640 206
725 641 206
725 642 206
725 643 206
725 644 206
725 645 206
725 646 206
725 647 206
725 648 206
725 649 206
725 650 206
725 651 206
725 652 206
725 653 206
726 364 206
726 365 206
726 366 206
726 367 206
726 368 206
726 369 206
726 370 206
726 371 206
726 372 206
726 373 206
726 374 206
726 375 206
726 376 206
726 377 206
726 378 206
726 379 206
726 380 206
726 381 206
726 382 206
726 383 206
726 384 206
726 385 206
726 386 206
726 387 206
726 388 206
726 389 206
726 637 206
726 638 206
726 639 206
726 640 206
726 641 206
726 642 206
726 643 206
726 644 206
726 645 206
726 646 206
726 647 206
726 648 206
726 649 206
726 650 206
726 651 206
726 652 206
727 358 206
727 359 206
727 360 206
727 361 206
727 362 206
727 363 206
727 364 206
727 365 206
727 366 206
727 367 206
727 368 206
727 369 206
727 370 206
727 371 206
727 372 206
727 373 206
727 374 206
727 375 206
727 376 206
727 377 206
727 378 206
727 379 206
727 380 206
727 381 206
727 382 206
727 634 206
727 635 206
727 636 206
727 637 206
727 638 206
727 639 206
727 640 206
727 641 206
727 642 206
727 643 206
727 644 206
727 645 206
727 646 206
727 647 206
727 648 206
727 649 206
727 650 206
727 651 206
728 353 206
728 354 206
728 355 206
728 356 206
728 357 206
728 358 206
728 359 206
728 360 206
728 361 206
728 362 206
728 363 206
728 364 206
728 365 206
728 366 206
728 367 206
728 368 206
728 369 206
728 370 206
728 371 206
728 372 206
728 373 206
728 374 206
728 375 206
728 376 206
728 377 206
728 378 206
728 633 206
728 634 206
728 635 206
728 636 206
728 637 206
728 638 206
728 639 206
728 640 206
728 641 206
728 642 206
728 643 206
728 644 206
728 645 206
728 646 206
728 647 206
728 648 206
728 649 206
729 345 206
729 346 206
729 347 206
729 348 206
729 349 206
729 350 206
729 351 206
729 352 206
729 353 206
729 354 206
729 355 206
729 356 206
729 357 206
729 358 206
729 359 206
729 360 206
729 361 206
729 362 206
729 363 206
729 364 206
729 365 206
729 366 206
729 367 206
729 368 206
729 369 206
729 370 206
729 371 206
729 629 206
729 630 206
729 631 206
729 632 206
729 633 206
729 634 206
729 635 206
729 636 206
729 637 206
729 638 206
729 639 206
729 640 206
729 641 206
729 642 206
729 643 206
729 644 206
729 645 206
729 646 206
729 647 206
730 343 206
730 344 206
730 345 206
730 346 206
730 347 206
730 348 206
730 349 206
730 350 206
730 351 206
730 352 206
730 353 206
730 354 206
730 355 206
730 356 206
730 357 206
730 358 206
730 359 206
730 360 206
730 361 206
730 362 206
730 363 206
730 364 206
730 365 206
730 366 206
730 367 206
730 628 206
730 629 206
730 630 206
730 631 206
730 632 206
730 633 206
730 634 206
730 635 206
730 636 206
730 637 206
730 638 206
730 639 206
730 640 206
730 641 206
730 642 206
730 643 206
730 644 206
730 645 206
730 646 206
730 647 206
731 337 206
731 338 206
731 339 206
731 340 206
731 341 206
731 342 206
731 343 206
731 344 206
731 345 206
731 346 206
731 347 206
731 348 206
731 349 206
731 350 206
731 351 206
731 352 206
731 353 206
731 354 206
731 355 206
731 356 206
731 357 206
731 358 206
731 359 206
731 360 206
731 361 206
731 362 206
731 625 206
731 626 206
731 627 206
731 628 206
731 629 206
731 630 206
731 631 206
731 632 206
731 633 206
731 634 206
731 635 206
731 636 206
731 637 206
731 638 206
731 639 206
731 640 206
731 641 206
731 642 206
731 643 206
731 644 206
732 333 206
732 334 206
732 335 206
732 336 206
732 337 206
732 338 206
732 339 206
732 340 206
732 341 206
732 342 206
732 343 206
732 344 206
732 345 206
732 346 206
732 347 206
732 348 206
732 349 206
732 350 206
732 351 206
732 352 206
732 353 206
732 354 206
732 355 206
732 356 206
732 357 206
732 358 206
732 625 206
732 626 206
732 627 206
732 628 206
732 629 206
732 630 206
732 631 206
732 632 206
732 633 206
732 634 206
732 635 206
732 636 206
732 637 206
732 638 206
732 639 206
732 640 206
732 641 206
732 642 206
732 643 206
733 325 206
733 326 206
733 327 206
733 328 206
733 329 206
733 330 206
733 331 206
733 332 206
733 333 206
733 334 206
733 335 206
733 336 206
733 337 206
733 338 206
733 339 206
733 340 206
733 341 206
733 342 206
733 343 206
733 344 206
733 345 206
733 346 206
733 347 206
733 348 206
733 349 206
733 350 206
733 351 206
733 352 206
733 622 206
733 623 206
733 624 206
733 625 206
733 626 206
733 627 206
733 628 206
733 629 206
733 630 206
733 631 206
733 632 206
733 633 206
733 634 206
733 635 206
733 636 206
733 637 206
733 638 206
733 639 206
733 640 206
733 641 206
734 323 206
734 324 206
734 325 206
734 326 206
734 327 206
734 328 206
734 329 206
734 330 206
734 331 206
734 332 206
734 333 206
734 334 206
734 335 206
734 336 206
734 337 206
734 338 206
734 339 206
734 340 206
734 341 206
734 342 206
734 343 206
734 344 206
734 345 206
734 346 206
734 347 206
734 348 206
734 620 206
734 621 206
734 622 206
734 623 206
734 624 206
734 625 206
734 626 206
734 627 206
734 628 206
734 629 206
734 630 206
734 631 206
734 632 206
734 633 206
734 634 206
734 635 206
734 636 206
734 637 206
734 638 206
734 639 206
735 318 206
735 319 206
735 320 206
735 321 206
735 322 206
735 323 206
735 324 206
735 325 206
735 326 206
735 327 206
735 328 206
735 329 206
735 330 206
735 331 206
735 332 206
735 333 206
735 334 206
735 335 206
735 336 206
735 337 206
735 338 206
735 339 206
735 340 206
735 341 206
735 342 206
735 343 206
735 618 206
735 619 206
735 620 206
735 621 206
735 622 206
735 623 206
735 624 206
735 625 206
735 626 206
735 627 206
735 628 206
735 629 206
735 630 206
735 631 206
735 632 206
735 633 206
735 634 206
735 635 206
735 636 206
735 637 206
736 314 206
736 315 206
736 316 206
736 317 206
736 318 206
736 319 206
736 320 206
736 321 206
736 322 206
736 323 206
736 324 206
736 325 206
736 326 206
736 327 206
736 328 206
736 329 206
736 330 206
736 331 206
736 332 206
736 333 206
736 334 206
736 335 206
736 336 206
736 337 206
736 338 206
736 339 206
736 615 206
736 616 206
736 617 206
736 618 206
736 619 206
736 620 206
736 621 206
736 622 206
736 623 206
736 624 206
736 625 206
736 626 206
736 627 206
736 628 206
736 629 206
736 630 206
736 631 206
736 632 206
736 633 206
736 634 206
736 635 206
736 636 206
736 637 206
737 305 206
737 306 206
737 307 206
737 308 206
737 309 206
737 310 206
737 311 206
737 312 206
737 313 206
737 314 206
737 315 206
737 316 206
737 317 206
737 318 206
737 319 206
737 320 206
737 321 206
737 322 206
737 323 206
737 324 206
737 325 206
737 326 206
737 327 206
737 328 206
737 329 206
737 330 206
737 331 206
737 614 206
737 615 206
737 616 206
737 617 206
737 618 206
737 619 206
737 620 206
737 621 206
737 622 206
737 623 206
737 624 206
737 625 206
737 626 206
737 627 206
737 628 206
737 629 206
737 630 206
737 631 206
737 632 206
737 633 206
737 634 206
738 303 206
738 304 206
738 305 206
738 306 206
738 307 206
738 308 206
738 309 206
738 310 206
738 311 206
738 312 206
738 313 206
738 314 206
738 315 206
738 316 206
738 317 206
738 318 206
738 319 206
738 320 206
738 321 206
738 322 206
738 323 206
738 324 206
738 325 206
738 326 206
738 327 206
738 613 206
738 614 206
738 615 206
738 616 206
738 617 206
738 618 206
738 619 206
738 620 206
738 621 206
738 622 206
738 623 206
738 624 206
738 625 206
738 626 206
738 627 206
738 628 206
738 629 206
738 630 206
738 631 206
738 632 206
738 633 206
739 299 206
739 300 206
739 301 206
739 302 206
739 303 206
739 304 206
739 305 206
739 306 206
739 307 206
739 308 206
739 309 206
739 310 206
739 311 206
739 312 206
739 313 206
739 314 206
739 315 206
739 316 206
739 317 206
739 318 206
739 319 206
739 320 206
739 321 206
739 322 206
739 610 206
739 611 206
739 612 206
739 613 206
739 614 206
739 615 206
739 616 206
739 617 206
739 618 206
739 619 206
739 620 206
739 621 206
739 622 206
739 623 206
739 624 206
739 625 206
739 626 206
739 627 206
739 628 206
739 629 206
739 630 206
739 631 206
740 298 206
740 299 206
740 300 206
740 301 206
740 302 206
740 303 206
740 304 206
740 305 206
740 306 206
740 307 206
740 308 206
740 309 206
740 310 206
740 311 206
740 312 206
740 313 206
740 314 206
740 315 206
740 316 206
740 317 206
740 318 206
740 319 206
740 608 206
740 609 206
740 610 206
740 611 206
740 612 206
740 613 206
740 614 206
740 615 206
740 616 206
740 617 206
740 618 206
740 619 206
740 620 206
740 621 206
740 622 206
740 623 206
740 624 206
740 625 206
740 626 206
740 627 206
740 628 206
740 629 206
741 284 206
741 285 206
741 286 206
741 287 206
741 288 206
741 289 206
741 290 206
741 291 206
741 292 206
741 293 206
741 294 206
741 295 206
741 296 206
741 297 206
741 298 206
741 299 206
741 300 206
741 301 206
741 302 206
741 303 206
741 304 206
741 305 206
741 306 206
741 307 206
741 308 206
741 309 206
741 310 206
741 311 206
741 605 206
741 606 206
741 607 206
741 608 206
741 609 206
741 610 206
741 611 206
741 612 206
741 613 206
741 614 206
741 615 206
741 616 206
741 617 206
741 618 206
741 619 206
741 620 206
741 621 206
741 622 206
741 623 206
741 624 206
741 625 206
741 626 206
741 627 206
742 279 206
742 280 206
742 281 206
742 282 206
742 283 206
742 284 206
742 285 206
742 286 206
742 287 206
742 288 206
742 289 206
742 290 206
742 291 206
742 292 206
742 293 206
742 294 206
742 295 206
742 296 206
742 297 206
742 298 206
742 299 206
742 300 206
742 301 206
742 302 206
742 303 206
742 304 206
742 305 206
742 306 206
742 307 206
742 604 206
742 605 206
742 606 206
742 607 206
742 608 206
742 609 206
742 610 206
742 611 206
742 612 206
742 613 206
742 614 206
742 615 206
742 616 206
742 617 206
742 618 206
742 619 206
742 620 206
742 621 206
742 622 206
742 623 206
742 624 206
742 625 206
742 626 206
742 627 206
743 273 206
743 274 206
743 275 206
743 276 206
743 277 206
743 278 206
743 279 206
743 280 206
743 281 206
743 282 206
743 283 206
743 284 206
743 285 206
743 286 206
743 287 206
743 288 206
743 289 206
743 290 206
743 291 206
743 292 206
743 293 206
743 294 206
743 295 206
743 296 206
743 297 206
743 298 206
743 299 206
743 300 206
743 301 206
743 602 206
743 603 206
743 604 206
743 605 206
743 606 206
743 607 206
743 608 206
743 609 206
743 610 206
743 611 206
743 612 206
743 613 206
743 614 206
743 615 206
743 616 206
743 617 206
743 618 206
743 619 206
743 620 206
743 621 206
743 622 206
743 623 206
743 624 206
744 270 206
744 271 206
744 272 206
744 273 206
744 274 206
744 275 206
744 276 206
744 277 206
744 278 206
744 279 206
744 280 206
744 281 206
744 282 206
744 283 206
744 284 206
744 285 206
744 286 206
744 287 206
744 288 206
744 289 206
744 290 206
744 291 206
744 292 206
744 293 206
744 294 206
744 295 206
744 296 206
744 297 206
744 599 206
744 600 206
744 601 206
744 602 206
744 603 206
744 604 206
744 605 206
744 606 206
744 607 206
744 608 206
744 609 206
744 610 206
744 611 206
744 612 206
744 613 206
744 614 206
744 615 206
744 616 206
744 617 206
744 618 206
744 619 206
744 620 206
744 621 206
744 622 206
745 269 206
745 270 206
745 271 206
745 272 206
745 273 206
745 274 206
745 275 206
745 276 206
745 277 206
745 278 206
745 279 206
745 280 206
745 281 206
745 282 206
745 283 206
745 284 206
745 285 206
745 286 206
745 287 206
745 288 206
745 289 206
745 597 206
745 598 206
745 599 206
745 600 206
745 601 206
745 602 206
745 603 206
745 604 206
745 605 206
745 606 206
745 607 206
745 608 206
745 609 206
745 610 206
745 611 206
745 612 206
745 613 206
745 614 206
745 615 206
745 616 206
745 617 206
745 618 206
745 619 206
746 280 206
746 281 206
746 282 206
746 283 206
746 595 206
746 596 206
746 597 206
746 598 206
746 599 206
746 600 206
746 601 206
746 602 206
746 603 206
746 604 206
746 605 206
746 606 206
746 607 206
746 608 206
746 609 206
746 610 206
746 611 206
746 612 206
746 613 206
746 614 206
746 615 206
746 616 206
746 617 206
746 618 206
747 593 206
747 594 206
747 595 206
747 596 206
747 597 206
747 598 206
747 599 206
747 600 206
747 601 206
747 602 206
747 603 206
747 604 206
747 605 206
747 606 206
747 607 206
747 608 206
747 609 206
747 610 206
747 611 206
747 612 206
747 613 206
747 614 206
747 615 206
747 616 206
748 592 206
748 593 206
748 594 206
748 595 206
748 596 206
748 597 206
748 598 206
748 599 206
748 600 206
748 601 206
748 602 206
748 603 206
748 604 206
748 605 206
748 606 206
748 607 206
748 608 206
748 609 206
748 610 206
748 611 206
748 612 206
748 613 206
748 614 206
749 589 206
749 590 206
749 591 206
749 592 206
749 593 206
749 594 206
749 595 206
749 596 206
749 597 206
749 598 206
749 599 206
749 600 206
749 601 206
749 602 206
749 603 206
749 604 206
749 605 206
749 606 206
749 607 206
749 608 206
749 609 206
749 610 206
749 611 206
749 612 206
749 613 206
750 588 206
750 589 206
750 590 206
750 591 206
750 592 206
750 593 206
750 594 206
750 595 206
750 596 206
750 597 206
750 598 206
750 599 206
750 600 206
750 601 206
750 602 206
750 603 206
750 604 206
750 605 206
750 606 206
750 607 206
750 608 206
750 609 206
750 610 206
750 611 206
750 612 206
751 585 206
751 586 206
751 587 206
751 588 206
751 589 206
751 590 206
751 591 206
751 592 206
751 593 206
751 594 206
751 595 206
751 596 206
751 597 206
751 598 206
751 599 206
751 600 206
751 601 206
751 602 206
751 603 206
751 604 206
751 605 206
751 606 206
751 607 206
751 608 206
751 609 206
752 583 206
752 584 206
752 585 206
752 586 206
752 587 206
752 588 206
752 589 206
752 590 206
752 591 206
752 592 206
752 593 206
752 594 206
752 595 206
752 596 206
752 597 206
752 598 206
752 599 206
752 600 206
752 601 206
752 602 206
752 603 206
752 604 206
752 605 206
752 606 206
752 607 206
752 608 206
753 580 206
753 581 206
753 582 206
753 583 206
753 584 206
753 585 206
753 586 206
753 587 206
753 588 206
753 589 206
753 590 206
753 591 206
753 592 206
753 593 206
753 594 206
753 595 206
753 596 206
753 597 206
753 598 206
753 599 206
753 600 206
753 601 206
753 602 206
753 603 206
753 604 206
754 580 206
754 581 206
754 582 206
754 583 206
754 584 206
754 585 206
754 586 206
754 587 206
754 588 206
754 589 206
754 590 206
754 591 206
754 592 206
754 593 206
754 594 206
754 595 206
754 596 206
754 597 206
754 598 206
754 599 206
754 600 206
754 601 206
754 602 206
755 580 206
755 581 206
755 582 206
755 583 206
755 584 206
755 585 206
755 586 206
755 587 206
755 588 206
755 589 206
755 590 206
755 591 206
755 592 206
755 593 206
755 594 206
755 595 206
755 596 206
755 597 206
755 598 206
756 580 206
756 581 206
756 582 206
756 583 206
756 584 206
756 585 206
756 586 206
756 587 206
756 588 206
756 589 206
756 590 206
756 591 206
756 592 206
756 593 206
756 594 206
756 595 206
756 596 206
756 597 206
836 1824 230
837 1824 230
845 1852 230
846 1852 230
846 1853 230
846 1854 230
847 1853 230
847 1854 230
847 1855 230
847 1856 230
848 1854 230
852 1802 230
852 1803 230
852 1804 230
852 1805 230
852 1806 230
853 1800 230
853 1801 230
853 1802 230
853 1803 230
853 1804 230
853 1805 230
853 1806 230
853 1807 230
853 1834 230
854 1799 230
854 1800 230
854 1801 230
854 1802 230
854 1803 230
854 1804 230
854 1805 230
854 1806 230
854 1828 230
854 1829 230
854 1830 230
854 1831 230
854 1832 230
854 1833 230
854 1834 230
854 1835 230
854 1836 230
854 1837 230
855 1802 230
855 1803 230
855 1804 230
855 1810 230
855 1811 230
855 1812 230
855 1827 230
855 1828 230
855 1829 230
855 1830 230
855 1831 230
855 1832 230
855 1833 230
855 1834 230
855 1835 230
855 1836 230
856 1802 230
856 1803 230
856 1804 230
856 1805 230
856 1806 230
856 1810 230
856 1811 230
856 1812 230
856 1813 230
856 1814 230
856 1825 230
856 1826 230
856 1827 230
856 1828 230
856 1829 230
856 1830 230
856 1831 230
856 1832 230
856 1833 230
856 1834 230
857 1802 230
857 1803 230
857 1804 230
857 1814 230
857 1819 230
858 1813 230
858 1814 230
858 1815 230
858 1816 230
858 1817 230
859 1808 230
859 1809 230
859 1810 230
859 1811 230
859 1812 230
859 1813 230
859 1814 230
859 1815 230
859 1816 230
859 1817 230
860 1803 230
860 1804 230
860 1805 230
860 1806 230
860 1807 230
860 1808 230
860 1809 230
860 1810 230
860 1811 230
860 1812 230
860 1813 230
860 1814 230
860 1815 230
860 1816 230
860 1817 230
861 1789 230
861 1790 230
861 1791 230
861 1792 230
861 1793 230
861 1794 230
861 1795 230
861 1796 230
861 1797 230
861 1798 230
861 1799 230
861 1800 230
861 1801 230
861 1802 230
861 1803 230
861 1804 230
861 1805 230
861 1806 230
861 1810 230
861 1811 230
861 1812 230
861 1813 230
861 1814 230
861 1815 230
861 1816 230
862 1789 230
862 1790 230
862 1791 230
862 1792 230
862 1793 230
862 1794 230
862 1795 230
862 1796 230
862 1797 230
862 1798 230
862 1799 230
862 1800 230
862 1801 230
862 1802 230
862 1803 230
862 1804 230
862 1805 230
862 1806 230
862 1807 230
862 1808 230
862 1809 230
862 1810 230
862 1811 230
862 1812 230
862 1813 230
862 1814 230
862 1815 230
862 1816 230
863 1788 230
863 1789 230
863 1790 230
863 1791 230
863 1792 230
863 1793 230
863 1794 230
863 1795 230
863 1796 230
863 1798 230
863 1799 230
863 1800 230
863 1801 230
863 1802 230
863 1803 230
863 1804 230
863 1805 230
863 1806 230
863 1807 230
863 1808 230
863 1809 230
863 1810 230
863 1811 230
863 1812 230
863 1813 230
864 1787 230
864 1788 230
864 1789 230
864 1790 230
864 1791 230
864 1792 230
864 1793 230
864 1794 230
864 1795 230
864 1796 230
864 1799 230
864 1804 230
864 1805 230
864 1806 230
864 1807 230
864 1808 230
864 1809 230
865 1798 230
865 1799 230
865 1800 230
865 1801 230
865 1802 230
865 1803 230
865 1804 230
865 1805 230
865 1806 230
865 1807 230
866 1798 230
866 1799 230
866 1800 230
866 1801 230
866 1802 230
866 1803 230
866 1804 230
866 1805 230
866 1806 230
867 1799 230
867 1800 230
867 1801 230
867 1802 230
867 1803 230
868 1799 230
868 1800 230
868 1801 230
868 1802 230
869 1798 230
869 1799 230
869 1800 230
869 1801 230
870 1799 230
879 1732 230
879 1733 230
879 1734 230
879 1735 230
879 1736 230
880 1729 230
880 1730 230
880 1731 230
880 1732 230
880 1733 230
880 1734 230
880 1735 230
880 1736 230
880 1737 230
880 1747 230
880 1748 230
880 1749 230
881 1727 230
881 1728 230
881 1729 230
881 1730 230
881 1731 230
881 1732 230
881 1733 230
881 1734 230
881 1735 230
881 1736 230
881 1737 230
881 1738 230
881 1739 230
881 1740 230
881 1741 230
881 1742 230
881 1743 230
881 1744 230
881 1745 230
881 1746 230
881 1747 230
881 1748 230
881 1749 230
881 1750 230
881 1751 230
881 1752 230
881 1753 230
881 1769 230
881 1770 230
881 1771 230
881 1772 230
881 1773 230
881 1774 230
881 1775 230
881 1776 230
881 1777 230
881 1778 230
881 1779 230
881 1780 230
881 1781 230
881 1799 230
882 1725 230
882 1726 230
882 1727 230
882 1728 230
882 1729 230
882 1730 230
882 1731 230
882 1732 230
882 1733 230
882 1734 230
882 1735 230
882 1736 230
882 1737 230
882 1738 230
882 1739 230
882 1740 230
882 1741 230
882 1742 230
882 1743 230
882 1744 230
882 1745 230
882 1746 230
882 1747 230
882 1748 230
882 1749 230
882 1750 230
882 1751 230
882 1752 230
882 1753 230
882 1754 230
882 1755 230
882 1756 230
882 1767 230
882 1768 230
882 1769 230
882 1770 230
882 1771 230
882 1772 230
882 1773 230
882 1774 230
882 1775 230
882 1776 230
882 1777 230
882 1778 230
882 1779 230
882 1780 230
882 1781 230
882 1782 230
882 1798 230
882 1799 230
883 1724 230
883 1725 230
883 1726 230
883 1727 230
883 1728 230
883 1729 230
883 1730 230
883 1731 230
883 1732 230
883 1733 230
883 1734 230
883 1735 230
883 1736 230
883 1737 230
883 1738 230
883 1739 230
883 1740 230
883 1741 230
883 1742 230
883 1743 230
883 1744 230
883 1745 230
883 1746 230
883 1747 230
883 1748 230
883 1749 230
883 1750 230
883 1751 230
883 1752 230
883 1753 230
883 1754 230
883 1755 230
883 1756 230
883 1757 230
883 1758 230
883 1759 230
883 1760 230
883 1761 230
883 1762 230
883 1763 230
883 1764 230
883 1765 230
883 1766 230
883 1767 230
883 1768 230
883 1769 230
883 1770 230
883 1771 230
883 1772 230
883 1773 230
883 1774 230
883 1775 230
883 1776 230
883 1777 230
883 1778 230
883 1779 230
883 1780 230
883 1781 230
883 1782 230
883 1783 230
883 1784 230
883 1792 230
883 1797 230
883 1798 230
884 1724 230
884 1725 230
884 1726 230
884 1727 230
884 1728 230
884 1729 230
884 1730 230
884 1731 230
884 1732 230
884 1733 230
884 1734 230
884 1735 230
884 1736 230
884 1737 230
884 1738 230
884 1739 230
884 1740 230
884 1741 230
884 1742 230
884 1743 230
884 1744 230
884 1745 230
884 1746 230
884 1747 230
884 1748 230
884 1749 230
884 1750 230
884 1751 230
884 1752 230
884 1753 230
884 1754 230
884 1755 230
884 1756 230
884 1757 230
884 1758 230
884 1759 230
884 1760 230
884 1761 230
884 1762 230
884 1763 230
884 1764 230
884 1765 230
884 1766 230
884 1767 230
884 1768 230
884 1769 230
884 1770 230
884 1771 230
884 1772 230
884 1773 230
884 1774 230
884 1775 230
884 1776 230
884 1777 230
884 1778 230
884 1779 230
884 1780 230
884 1781 230
884 1782 230
884 1783 230
884 1784 230
884 1790 230
884 1791 230
884 1792 230
884 1793 230
884 1795 230
884 1796 230
884 1797 230
884 1798 230
885 1724 230
885 1725 230
885 1726 230
885 1727 230
885 1728 230
885 1729 230
885 1730 230
885 1731 230
885 1732 230
885 1733 230
885 1734 230
885 1735 230
885 1736 230
885 1737 230
885 1738 230
885 1739 230
885 1740 230
885 1741 230
885 1742 230
885 1743 230
885 1744 230
885 1745 230
885 1746 230
885 1747 230
885 1748 230
885 1749 230
885 1750 230
885 1751 230
885 1752 230
885 1753 230
885 1754 230
885 1755 230
885 1756 230
885 1757 230
885 1758 230
885 1759 230
885 1760 230
885 1761 230
885 1762 230
885 1763 230
885 1764 230
885 1765 230
885 1766 230
885 1767 230
885 1768 230
885 1769 230
885 1770 230
885 1771 230
885 1772 230
885 1773 230
885 1774 230
885 1775 230
885 1776 230
885 1777 230
885 1778 230
885 1779 230
885 1780 230
885 1781 230
885 1782 230
885 1783 230
885 1784 230
885 1785 230
885 1786 230
885 1787 230
885 1790 230
885 1791 230
885 1792 230
885 1793 230
885 1795 230
885 1796 230
885 1797 230
885 1798 230
886 1724 230
886 1725 230
886 1726 230
886 1727 230
886 1728 230
886 1729 230
886 1730 230
886 1731 230
886 1732 230
886 1733 230
886 1734 230
886 1735 230
886 1736 230
886 1737 230
886 1738 230
886 1739 230
886 1740 230
886 1741 230
886 1742 230
886 1743 230
886 1744 230
886 1745 230
886 1746 230
886 1747 230
886 1748 230
886 1749 230
886 1750 230
886 1751 230
886 1752 230
886 1753 230
886 1754 230
886 1755 230
886 1756 230
886 1757 230
886 1758 230
886 1759 230
886 1760 230
886 1761 230
886 1762 230
886 1763 230
886 1764 230
886 1765 230
886 1766 230
886 1767 230
886 1768 230
886 1769 230
886 1770 230
886 1771 230
886 1772 230
886 1773 230
886 1774 230
886 1775 230
886 1776 230
886 1777 230
886 1778 230
886 1779 230
886 1780 230
886 1781 230
886 1782 230
886 1783 230
886 1784 230
886 1785 230
886 1786 230
886 1787 230
886 1788 230
886 1790 230
886 1791 230
886 1792 230
886 1793 230
886 1794 230
886 1795 230
886 1796 230
886 1797 230
886 1798 230
887 1724 230
887 1725 230
887 1726 230
887 1727 230
887 1728 230
887 1729 230
887 1730 230
887 1731 230
887 1732 230
887 1733 230
887 1734 230
887 1735 230
887 1736 230
887 1737 230
887 1738 230
887 1739 230
887 1740 230
887 1741 230
887 1742 230
887 1743 230
887 1744 230
887 1745 230
887 1746 230
887 1747 230
887 1748 230
887 1749 230
887 1750 230
887 1751 230
887 1752 230
887 1753 230
887 1754 230
887 1755 230
887 1756 230
887 1757 230
887 1758 230
887 1759 230
887 1760 230
887 1761 230
887 1762 230
887 1763 230
887 1764 230
887 1765 230
887 1766 230
887 1767 230
887 1768 230
887 1769 230
887 1770 230
887 1771 230
887 1772 230
887 1773 230
887 1774 230
887 1775 230
887 1776 230
887 1777 230
887 1778 230
887 1779 230
887 1780 230
887 1781 230
887 1782 230
887 1783 230
887 1784 230
887 1785 230
887 1786 230
887 1787 230
887 1788 230
887 1789 230
887 1790 230
887 1791 230
887 1792 230
887 1793 230
887 1794 230
887 1795 230
887 1796 230
887 1797 230
887 1798 230
887 1799 230
888 1724 227
888 1725 227
888 1726 227
888 1727 227
888 1728 230
888 1729 230
888 1730 230
888 1731 230
888 1732 230
888 1733 230
888 1734 230
888 1735 230
888 1736 230
888 1737 230
888 1738 230
888 1739 230
888 1740 230
888 1741 230
888 1742 230
888 1743 230
888 1744 230
888 1745 230
888 1746 230
888 1747 230
888 1748 230
888 1749 230
888 1750 230
888 1751 230
888 1752 230
888 1753 230
888 1754 230
888 1755 230
888 1756 230
888 1757 230
888 1758 230
888 1759 230
888 1760 230
888 1761 230
888 1762 230
888 1763 230
888 1764 230
888 1765 230
888 1766 230
888 1767 230
888 1768 230
888 1769 230
888 1770 230
888 1771 230
888 1772 230
888 1773 230
888 1774 230
888 1775 230
888 1776 230
888 1777 230
888 1778 230
888 1779 230
888 1780 230
888 1781 230
888 1782 230
888 1783 230
888 1784 230
888 1785 230
888 1786 230
888 1787 230
888 1788 230
888 1789 230
888 1790 230
888 1791 230
888 1792 230
888 1793 230
888 1794 230
888 1795 230
888 1796 230
888 1797 230
888 1798 230
888 1799 230
889 1722 227
889 1723 227
889 1724 227
889 1725 227
889 1726 227
889 1727 227
889 1728 230
889 1729 230
889 1730 230
889 1731 230
889 1732 230
889 1733 230
889 1734 230
889 1735 230
889 1736 230
889 1737 230
889 1738 230
889 1739 230
889 1740 230
889 1741 230
889 1742 230
889 1743 230
889 1744 230
889 1745 230
889 1746 230
889 1747 230
889 1748 230
889 1749 230
889 1750 230
889 1751 230
889 1752 230
889 1753 230
889 1754 230
889 1755 230
889 1756 230
889 1757 230
889 1758 230
889 1759 230
889 1760 230
889 1761 230
889 1762 230
889 1763 230
889 1764 230
889 1765 230
889 1766 230
889 1767 230
889 1768 230
889 1769 230
889 1770 230
889 1771 230
889 1772 230
889 1773 230
889 1774 230
889 1775 230
889 1776 230
889 1777 230
889 1778 230
889 1779 230
889 1780 230
889 1781 230
889 1782 230
889 1783 230
889 1784 230
889 1785 230
889 1786 230
889 1787 230
889 1788 230
889 1789 230
889 1790 230
889 1791 230
889 1792 230
889 1793 230
889 1794 230
889 1795 230
889 1796 230
890 1722 227
890 1723 227
890 1724 227
890 1725 227
890 1726 227
890 1727 227
890 1728 230
890 1729 230
890 1730 230
890 1731 230
890 1732 230
890 1733 230
890 1734 230
890 1735 230
890 1736 230
890 1737 230
890 1738 230
890 1739 230
890 1740 230
890 1741 230
890 1742 230
890 1743 230
890 1744 230
890 1745 230
890 1746 230
890 1747 230
890 1748 230
890 1749 230
890 1750 230
890 1751 230
890 1752 230
890 1753 230
890 1754 230
890 1755 230
890 1756 230
890 1757 230
890 1758 230
890 1759 230
890 1760 230
890 1761 230
890 1762 230
890 1763 230
890 1764 230
890 1765 230
890 1766 230
890 1767 230
890 1768 230
890 1769 230
890 1770 230
890 1771 230
890 1772 230
890 1773 230
890 1774 230
890 1775 230
890 1776 230
890 1777 230
890 1778 230
890 1779 230
890 1780 230
890 1781 230
890 1782 230
890 1783 230
890 1784 230
890 1785 230
890 1786 230
890 1787 230
890 1788 230
890 1789 230
890 1790 230
890 1791 230
890 1793 230
890 1794 230
890 1795 230
890 1796 230
891 1720 227
891 1721 227
891 1722 227
891 1723 227
891 1724 227
891 1725 227
891 1726 227
891 1727 227
891 1728 230
891 1729 230
891 1730 230
891 1731 230
891 1732 230
891 1733 230
891 1734 230
891 1735 230
891 1736 230
891 1737 230
891 1738 230
891 1739 227
891 1740 227
891 1741 227
891 1742 230
891 1743 230
891 1744 230
891 1745 230
891 1746 230
891 1747 230
891 1748 230
891 1749 230
891 1750 230
891 1751 230
891 1752 230
891 1753 230
891 1754 230
891 1755 230
891 1756 230
891 1757 230
891 1758 230
891 1759 230
891 1760 230
891 1761 230
891 1762 230
891 1763 230
891 1764 230
891 1765 230
891 1766 230
891 1767 230
891 1768 230
891 1769 230
891 1770 230
891 1771 230
891 1772 230
891 1773 230
891 1774 230
891 1775 230
891 1776 230
891 1777 230
891 1778 230
891 1779 230
891 1780 230
891 1781 230
891 1782 230
891 1783 230
891 1784 230
891 1785 230
891 1786 230
891 1787 230
891 1788 230
891 1789 230
891 1790 230
891 1791 230
891 1793 230
891 1794 230
891 1795 230
891 1796 230
891 1797 230
891 1798 230
891 1799 230
892 1720 227
892 1721 227
892 1722 227
892 1723 227
892 1724 227
892 1725 227
892 1726 227
892 1727 227
892 1728 230
892 1729 230
892 1730 230
892 1731 230
892 1732 230
892 1733 230
892 1734 230
892 1735 230
892 1736 230
892 1737 230
892 1738 227
892 1739 227
892 1740 227
892 1741 227
892 1742 227
892 1743 227
892 1744 227
892 1745 227
892 1746 227
892 1747 227
892 1748 230
892 1749 230
892 1750 230
892 1751 230
892 1752 230
892 1753 230
892 1754 230
892 1755 230
892 1756 230
892 1757 230
892 1758 230
892 1759 230
892 1760 230
892 1761 230
892 1762 230
892 1763 230
892 1764 230
892 1765 230
892 1766 230
892 1767 230
892 1768 230
892 1769 230
892 1770 230
892 1771 230
892 1772 230
892 1773 230
892 1774 230
892 1775 230
892 1776 230
892 1777 230
892 1778 230
892 1779 230
892 1780 230
892 1781 230
892 1782 230
892 1783 230
892 1784 230
892 1785 230
892 1786 230
892 1787 230
892 1788 230
892 1789 230
892 1790 230
892 1791 230
892 1792 230
892 1793 230
892 1794 230
892 1795 230
892 1796 230
892 1797 230
892 1798 230
892 1799 230
892 1800 230
892 1801 230
892 1802 230
893 1718 227
893 1719 230
893 1720 227
893 1721 227
893 1722 227
893 1723 227
893 1724 227
893 1725 227
893 1726 227
893 1727 227
893 1728 227
893 1729 230
893 1730 227
893 1731 227
893 1732 227
893 1733 227
893 1734 227
893 1735 227
893 1736 227
893 1737 227
893 1738 227
893 1739 227
893 1740 227
893 1741 227
893 1742 227
893 1743 227
893 1744 227
893 1745 227
893 1746 227
893 1747 227
893 1748 227
893 1749 230
893 1750 230
893 1751 230
893 1752 230
893 1753 230
893 1754 230
893 1755 230
893 1756 230
893 1757 230
893 1758 230
893 1759 230
893 1760 230
893 1761 230
893 1762 230
893 1763 230
893 1764 230
893 1765 230
893 1766 230
893 1767 230
893 1768 230
893 1769 230
893 1770 230
893 1771 230
893 1772 230
893 1773 230
893 1774 230
893 1775 230
893 1776 230
893 1777 230
893 1778 230
893 1779 230
893 1780 230
893 1781 230
893 1782 230
893 1783 230
893 1784 230
893 1785 230
893 1786 230
893 1787 230
893 1788 230
893 1789 230
893 1790 230
893 1791 230
893 1792 230
893 1793 230
893 1795 230
893 1796 230
893 1797 230
893 1798 230
893 1799 230
893 1800 230
893 1801 230
893 1802 230
893 1803 230
894 1717 227
894 1718 227
894 1719 230
894 1720 227
894 1721 227
894 1722 227
894 1723 227
894 1724 227
894 1725 227
894 1726 227
894 1727 227
894 1728 227
894 1729 227
894 1730 227
894 1731 227
894 1732 227
894 1733 227
894 1734 227
894 1735 227
894 1736 227
894 1737 227
894 1738 227
894 1739 227
894 1740 227
894 1741 227
894 1742 227
894 1743 227
894 1744 227
894 1745 227
894 1746 227
894 1747 227
894 1748 227
894 1749 227
894 1750 230
894 1751 230
894 1752 230
894 1753 230
894 1754 230
894 1755 230
894 1756 230
894 1757 230
894 1758 230
894 1759 230
894 1760 230
894 1761 230
894 1762 230
894 1763 230
894 1764 230
894 1765 230
894 1766 230
894 1767 230
894 1768 230
894 1769 230
894 1770 230
894 1771 230
894 1772 230
894 1773 230
894 1774 230
894 1775 230
894 1776 230
894 1777 230
894 1778 230
894 1779 230
894 1780 230
894 1781 230
894 1782 230
894 1783 230
894 1784 230
894 1785 230
894 1786 230
894 1787 230
894 1788 230
894 1789 230
894 1790 230
894 1791 230
894 1792 230
894 1793 230
894 1795 230
894 1796 230
894 1797 230
894 1798 230
894 1799 230
894 1800 230
894 1801 230
894 1802 230
894 1803 230
894 1804 230
895 1715 227
895 1716 227
895 1717 227
895 1718 227
895 1719 230
895 1720 227
895 1721 227
895 1722 227
895 1723 227
895 1724 227
895 1725 227
895 1726 227
895 1727 227
895 1728 227
895 1729 227
895 1730 227
895 1731 227
895 1732 227
895 1733 227
895 1734 227
895 1735 227
895 1736 227
895 1737 227
895 1738 227
895 1739 227
895 1740 227
895 1741 227
895 1742 227
895 1743 227
895 1744 227
895 1745 227
895 1746 227
895 1747 227
895 1748 227
895 1749 227
895 1750 227
895 1751 227
895 1752 227
895 1753 230
895 1754 230
895 1755 230
895 1756 230
895 1757 230
895 1758 230
895 1759 230
895 1760 230
895 1761 230
895 1762 230
895 1763 230
895 1764 230
895 1765 230
895 1766 230
895 1767 230
895 1768 230
895 1769 230
895 1770 230
895 1771 230
895 1772 230
895 1773 230
895 1774 230
895 1775 230
895 1776 230
895 1777 230
895 1778 230
895 1779 230
895 1780 230
895 1781 230
895 1782 230
895 1783 230
895 1784 230
895 1785 230
895 1786 230
895 1787 230
895 1788 230
895 1789 230
895 1790 230
895 1791 230
895 1792 230
895 1793 230
895 1794 230
895 1795 230
895 1796 230
895 1797 230
895 1798 230
895 1799 230
895 1800 230
895 1801 230
895 1802 230
895 1803 230
895 1804 230
895 1805 230
895 1806 230
896 1714 227
896 1715 227
896 1716 227
896 1717 227
896 1718 227
896 1719 230
896 1720 227
896 1721 227
896 1722 227
896 1723 227
896 1724 227
896 1725 227
896 1726 227
896 1727 227
896 1728 227
896 1729 227
896 1730 227
896 1731 227
896 1732 227
896 1733 227
896 1734 227
896 1735 227
896 1736 227
896 1737 227
896 1738 227
896 1739 227
896 1740 227
896 1741 227
896 1742 227
896 1743 227
896 1744 227
896 1745 227
896 1746 227
896 1747 227
896 1748 227
896 1749 227
896 1750 227
896 1751 227
896 1752 227
896 1753 227
896 1754 230
896 1755 230
896 1756 230
896 1757 230
896 1758 230
896 1759 230
896 1760 230
896 1761 230
896 1762 230
896 1763 230
896 1764 230
896 1765 230
896 1766 230
896 1767 230
896 1768 230
896 1769 230
896 1770 230
896 1771 230
896 1772 230
896 1773 230
896 1774 230
896 1775 230
896 1776 230
896 1777 230
896 1778 230
896 1779 230
896 1780 230
896 1781 230
896 1782 230
896 1783 230
896 1784 230
896 1785 230
896 1786 230
896 1787 230
896 1788 230
896 1789 230
896 1790 230
896 1791 230
896 1792 230
896 1793 230
896 1794 230
896 1795 230
896 1796 230
896 1797 230
896 1798 230
896 1799 230
896 1800 230
896 1801 230
896 1802 230
896 1803 230
896 1804 230
896 1805 230
896 1806 230
897 1712 227
897 1713 227
897 1714 227
897 1715 227
897 1716 227
897 1717 227
897 1718 227
897 1719 227
897 1720 227
897 1721 227
897 1722 227
897 1723 227
897 1724 227
897 1725 227
897 1726 227
897 1727 227
897 1728 227
897 1729 227
897 1730 227
897 1731 227
897 1732 227
897 1733 227
897 1734 227
897 1735 227
897 1736 227
897 1737 227
897 1738 227
897 1739 227
897 1740 227
897 1741 227
897 1742 227
897 1743 227
897 1744 227
897 1745 227
897 1746 227
897 1747 227
897 1748 227
897 1749 227
897 1750 227
897 1751 227
897 1752 227
897 1753 227
897 1755 230
897 1756 230
897 1757 230
897 1758 230
897 1759 230
897 1760 230
897 1761 230
897 1762 230
897 1763 230
897 1764 230
897 1765 230
897 1766 230
897 1767 230
897 1768 230
897 1769 230
897 1770 230
897 1771 230
897 1772 230
897 1773 230
897 1774 230
897 1775 230
897 1776 230
897 1777 230
897 1778 230
897 1779 230
897 1780 230
897 1781 230
897 1782 230
897 1783 230
897 1784 230
897 1785 230
897 1786 230
897 1787 230
897 1788 230
897 1789 230
897 1790 230
897 1791 230
897 1792 230
897 1793 230
897 1794 230
897 1795 230
897 1796 230
897 1797 230
897 1798 230
897 1799 230
897 1800 230
897 1801 230
897 1802 230
897 1803 230
897 1804 230
897 1805 230
897 1806 230
897 1807 230
898 1712 227
898 1713 227
898 1714 227
898 1715 227
898 1716 227
898 1717 227
898 1718 227
898 1719 227
898 1720 227
898 1721 227
898 1722 227
898 1723 227
898 1724 227
898 1725 227
898 1726 227
898 1727 227
898 1728 227
898 1729 227
898 1730 227
898 1731 227
898 1732 227
898 1733 227
898 1734 227
898 1735 227
898 1736 227
898 1737 227
898 1738 227
898 1739 227
898 1740 227
898 1741 227
898 1742 227
898 1743 227
898 1744 227
898 1745 227
898 1746 227
898 1747 227
898 1748 227
898 1749 227
898 1750 227
898 1751 227
898 1752 227
898 1753 227
898 1755 230
898 1756 230
898 1757 230
898 1758 230
898 1759 230
898 1760 230
898 1761 230
898 1762 230
898 1763 230
898 1764 230
898 1765 230
898 1766 230
898 1767 230
898 1768 230
898 1769 230
898 1770 230
898 1771 230
898 1772 230
898 1773 230
898 1774 230
898 1775 230
898 1776 230
898 1777 230
898 1778 230
898 1779 230
898 1780 230
898 1781 230
898 1782 230
898 1783 230
898 1784 230
898 1785 230
898 1786 230
898 1787 230
898 1788 230
898 1789 230
898 1790 230
898 1791 230
898 1792 230
898 1793 230
898 1794 230
898 1795 230
898 1796 230
898 1797 230
898 1798 230
898 1799 230
898 1800 230
898 1801 230
898 1802 230
898 1803 230
898 1804 230
898 1805 230
898 1806 230
898 1807 230
898 1808 230
899 1709 227
899 1710 227
899 1711 227
899 1712 227
899 1713 227
899 1714 227
899 1715 227
899 1716 227
899 1717 227
899 1718 227
899 1719 227
899 1720 227
899 1721 227
899 1722 227
899 1723 227
899 1724 227
899 1725 227
899 1726 227
899 1727 227
899 1728 227
899 1729 227
899 1730 227
899 1731 227
899 1732 227
899 1733 227
899 1734 227
899 1735 227
899 1736 227
899 1737 227
899 1738 227
899 1739 227
899 1740 227
899 1741 227
899 1742 227
899 1743 227
899 1744 227
899 1745 227
899 1746 227
899 1747 227
899 1748 227
899 1749 227
899 1750 227
899 1751 227
899 1752 227
899 1753 227
899 1757 230
899 1758 230
899 1759 230
899 1760 230
899 1761 230
899 1762 230
899 1763 230
899 1764 230
899 1765 230
899 1766 230
899 1768 230
899 1769 230
899 1770 230
899 1771 230
899 1772 230
899 1773 230
899 1774 230
899 1775 230
899 1776 230
899 1777 230
899 1778 230
899 1779 230
899 1780 230
899 1781 230
899 1782 230
899 1783 230
899 1784 230
899 1785 230
899 1786 230
899 1787 230
899 1788 230
899 1789 230
899 1790 230
899 1791 230
899 1792 230
899 1793 230
899 1794 230
899 1795 230
899 1796 230
899 1797 230
899 1798 230
899 1799 230
899 1800 230
899 1801 230
899 1802 230
899 1803 230
899 1804 230
899 1805 230
899 1806 230
899 1807 230
899 1808 230
899 1809 230
899 1810 230
899 1811 230
899 1812 230
900 1708 227
900 1709 227
900 1710 227
900 1711 227
900 1712 227
900 1713 227
900 1714 227
900 1715 227
900 1716 227
900 1717 227
900 1718 227
900 1719 227
900 1720 227
900 1721 227
900 1722 227
900 1723 227
900 1724 227
900 1725 227
900 1726 227
900 1727 227
900 1728 227
900 1729 227
900 1730 227
900 1731 227
900 1732 227
900 1733 227
900 1734 227
900 1735 227
900 1736 227
900 1737 227
900 1738 227
900 1739 227
900 1740 227
900 1741 227
900 1742 227
900 1743 227
900 1744 227
900 1745 227
900 1746 227
900 1747 227
900 1748 227
900 1749 227
900 1750 227
900 1751 227
900 1752 227
900 1753 227
900 1760 230
900 1761 230
900 1762 230
900 1773 230
900 1774 230
900 1775 230
900 1776 230
900 1777 230
900 1778 230
900 1779 230
900 1780 230
900 1781 230
900 1782 230
900 1783 230
900 1784 230
900 1785 230
900 1786 230
900 1787 230
900 1788 230
900 1789 230
900 1790 230
900 1791 230
900 1792 230
900 1793 230
900 1794 230
900 1795 230
900 1796 230
900 1797 230
900 1798 230
900 1799 230
900 1800 230
900 1801 230
900 1802 230
900 1803 230
900 1804 230
900 1805 230
900 1806 230
900 1807 230
900 1808 230
900 1809 230
900 1810 230
900 1811 230
900 1812 230
901 1707 227
901 1708 227
901 1709 227
901 1710 227
901 1711 227
901 1712 227
901 1713 227
901 1714 227
901 1715 227
901 1716 227
901 1717 227
901 1718 227
901 1719 227
901 1720 227
901 1721 227
901 1722 227
901 1723 227
901 1724 227
901 1725 227
901 1726 227
901 1727 227
901 1728 227
901 1729 227
901 1730 227
901 1731 227
901 1732 227
901 1733 227
901 1734 227
901 1735 227
901 1736 227
901 1737 227
901 1738 227
901 1739 227
901 1740 227
901 1741 227
901 1742 227
901 1743 227
901 1744 227
901 1745 227
901 1746 227
901 1747 227
901 1748 227
901 1749 227
901 1750 227
901 1751 227
901 1752 227
901 1753 227
901 1754 227
901 1777 230
901 1778 230
901 1779 230
901 1780 230
901 1781 230
901 1782 230
901 1783 230
901 1784 230
901 1785 230
901 1786 230
901 1787 230
901 1788 230
901 1789 230
901 1790 230
901 1791 230
901 1792 230
901 1793 230
901 1794 230
901 1795 230
901 1796 230
901 1797 230
901 1798 230
901 1799 230
901 1800 230
901 1801 230
901 1802 230
901 1803 230
901 1804 230
901 1805 230
901 1806 230
901 1807 230
901 1808 230
901 1809 230
901 1810 230
901 1811 230
901 1812 230
901 1813 230
902 1707 227
902 1708 227
902 1709 227
902 1710 227
902 1711 227
902 1712 227
902 1713 227
902 1714 227
902 1715 227
902 1716 227
902 1717 227
902 1718 227
902 1719 227
902 1720 227
902 1721 227
902 1722 227
902 1723 227
902 1724 227
902 1725 227
902 1726 227
902 1727 227
902 1728 227
902 1729 227
902 1730 227
902 1731 227
902 1732 227
902 1733 227
902 1734 227
902 1735 227
902 1736 227
902 1737 227
902 1738 227
902 1739 227
902 1740 227
902 1741 227
902 1742 227
902 1743 227
902 1744 227
902 1745 227
902 1746 227
902 1747 227
902 1748 227
902 1749 227
902 1750 227
902 1751 227
902 1752 227
902 1753 227
902 1754 227
902 1755 230
902 1756 230
902 1757 230
902 1758 230
902 1782 230
902 1783 230
902 1784 230
902 1785 230
902 1786 230
902 1787 230
902 1788 230
902 1789 230
902 1790 230
902 1791 230
902 1792 230
902 1793 230
902 1794 230
902 1795 230
902 1796 230
902 1797 230
902 1798 230
902 1799 230
902 1800 230
902 1801 230
902 1802 230
902 1803 230
902 1804 230
902 1805 230
902 1806 230
902 1807 230
902 1808 230
902 1809 230
902 1810 230
902 1811 230
902 1812 230
902 1813 230
903 1707 227
903 1708 227
903 1709 227
903 1710 227
903 1711 227
903 1712 227
903 1713 227
903 1714 227
903 1715 227
903 1716 227
903 1717 227
903 1718 227
903 1719 227
903 1720 227
903 1721 227
903 1722 227
903 1723 227
903 1724 227
903 1725 227
903 1726 227
903 1727 227
903 1728 227
903 1729 227
903 1730 227
903 1731 227
903 1732 227
903 1733 227
903 1734 227
903 1735 227
903 1736 227
903 1737 227
903 1738 227
903 1739 227
903 1740 227
903 1741 227
903 1742 227
903 1743 227
903 1744 227
903 1745 227
903 1746 227
903 1747 227
903 1748 227
903 1749 227
903 1750 227
903 1751 227
903 1752 227
903 1753 227
903 1754 227
903 1755 230
903 1756 230
903 1757 230
903 1758 230
903 1795 230
903 1796 230
903 1797 230
903 1798 230
903 1799 230
903 1800 230
903 1801 230
903 1802 230
903 1803 230
903 1804 230
903 1805 230
903 1806 230
903 1807 230
903 1808 230
903 1809 230
903 1810 230
903 1811 230
903 1812 230
903 1813 230
903 1814 230
904 1705 227
904 1706 227
904 1707 227
904 1708 227
904 1709 227
904 1710 227
904 1711 227
904 1712 227
904 1713 227
904 1714 227
904 1715 227
904 1716 227
904 1717 227
904 1718 227
904 1719 227
904 1720 227
904 1721 227
904 1722 227
904 1723 227
904 1724 227
904 1725 227
904 1726 227
904 1727 227
904 1728 227
904 1729 227
904 1730 227
904 1731 227
904 1732 227
904 1733 227
904 1734 227
904 1735 227
904 1736 227
904 1737 227
904 1738 227
904 1739 227
904 1740 227
904 1741 227
904 1742 227
904 1743 227
904 1744 227
904 1745 227
904 1746 227
904 1747 227
904 1748 227
904 1749 227
904 1750 227
904 1751 227
904 1752 227
904 1753 227
904 1754 227
904 1755 230
904 1756 230
904 1757 230
904 1758 230
904 1795 230
904 1796 230
904 1797 230
904 1798 230
904 1799 230
904 1800 230
904 1801 230
904 1802 230
904 1803 230
904 1804 230
904 1805 230
904 1806 230
904 1807 230
904 1808 230
904 1809 230
904 1810 230
904 1811 230
904 1812 230
904 1813 230
904 1814 230
905 1705 227
905 1706 227
905 1707 227
905 1708 227
905 1709 227
905 1710 227
905 1711 227
905 1712 227
905 1713 227
905 1714 227
905 1715 227
905 1716 227
905 1717 227
905 1718 227
905 1719 227
905 1720 227
905 1721 227
905 1722 227
905 1723 227
905 1724 227
905 1725 227
905 1726 227
905 1727 227
905 1728 227
905 1729 227
905 1730 227
905 1731 227
905 1732 227
905 1733 227
905 1734 227
905 1735 227
905 1736 227
905 1737 227
905 1738 227
905 1739 227
905 1740 227
905 1741 227
905 1742 227
905 1743 227
905 1744 227
905 1745 227
905 1746 227
905 1747 227
905 1748 227
905 1749 227
905 1750 227
905 1751 227
905 1752 227
905 1753 227
905 1754 230
905 1755 230
905 1756 230
905 1757 230
905 1800 230
905 1801 230
905 1802 230
905 1803 230
905 1804 230
905 1805 230
905 1806 230
905 1807 230
905 1808 230
905 1809 230
905 1810 230
905 1811 230
905 1812 230
905 1813 230
905 1814 230
906 1704 227
906 1705 227
906 1706 227
906 1707 227
906 1708 227
906 1709 227
906 1710 227
906 1711 227
906 1712 227
906 1713 227
906 1714 227
906 1715 227
906 1716 227
906 1717 227
906 1718 227
906 1719 227
906 1720 227
906 1721 227
906 1722 227
906 1723 227
906 1724 227
906 1725 227
906 1726 227
906 1727 227
906 1728 227
906 1729 227
906 1730 227
906 1731 227
906 1732 227
906 1733 227
906 1734 227
906 1735 227
906 1736 227
906 1737 227
906 1738 227
906 1739 227
906 1740 227
906 1741 227
906 1742 227
906 1743 227
906 1744 227
906 1745 227
906 1746 227
906 1747 227
906 1748 227
906 1749 227
906 1750 227
906 1751 227
906 1752 227
906 1753 230
906 1754 230
906 1755 230
906 1756 230
906 1757 230
906 1800 230
906 1801 230
906 1802 230
906 1803 230
906 1804 230
906 1805 230
906 1806 230
906 1807 230
906 1808 230
906 1809 230
906 1810 230
906 1811 230
906 1813 230
906 1814 230
906 1815 230
906 1816 230
907 1704 227
907 1705 227
907 1706 227
907 1707 227
907 1708 227
907 1709 227
907 1710 227
907 1711 227
907 1712 227
907 1713 227
907 1714 227
907 1715 227
907 1716 227
907 1717 227
907 1718 227
907 1719 227
907 1720 227
907 1721 227
907 1722 227
907 1723 227
907 1724 227
907 1725 227
907 1726 227
907 1727 227
907 1728 227
907 1729 227
907 1730 227
907 1731 227
907 1732 227
907 1733 227
907 1734 227
907 1735 227
907 1736 227
907 1737 227
907 1738 227
907 1739 227
907 1740 227
907 1741 227
907 1742 227
907 1743 227
907 1744 227
907 1745 227
907 1746 227
907 1747 227
907 1748 227
907 1749 230
907 1750 230
907 1751 230
907 1752 230
907 1753 230
907 1754 230
907 1755 230
907 1756 230
907 1757 230
907 1799 230
907 1800 230
907 1801 230
907 1802 230
907 1803 230
907 1804 230
907 1805 230
907 1806 230
907 1807 230
907 1808 230
907 1809 230
907 1810 230
907 1811 230
907 1812 230
907 1813 230
907 1814 230
907 1815 230
907 1816 230
907 1817 230
908 1704 227
908 1705 227
908 1706 227
908 1707 227
908 1708 227
908 1709 227
908 1710 227
908 1711 227
908 1712 227
908 1713 227
908 1714 227
908 1715 227
908 1716 227
908 1717 227
908 1718 227
908 1719 227
908 1720 227
908 1721 227
908 1722 227
908 1723 227
908 1724 227
908 1725 227
908 1726 227
908 1727 227
908 1728 227
908 1729 227
908 1730 227
908 1731 227
908 1732 227
908 1733 227
908 1734 227
908 1735 227
908 1736 227
908 1737 227
908 1738 227
908 1739 227
908 1740 227
908 1741 227
908 1742 227
908 1743 227
908 1744 227
908 1745 227
908 1746 227
908 1747 227
908 1748 227
908 1749 230
908 1750 230
908 1751 230
908 1752 230
908 1753 230
908 1754 230
908 1755 230
908 1756 230
908 1757 230
908 1799 230
908 1800 230
908 1801 230
908 1802 230
908 1803 230
908 1804 230
908 1805 230
908 1806 230
908 1807 230
908 1808 230
908 1809 230
908 1810 230
908 1811 230
908 1812 230
908 1813 230
908 1814 230
908 1815 230
908 1816 230
908 1817 230
909 1705 227
909 1706 227
909 1707 227
909 1708 227
909 1709 227
909 1710 227
909 1711 227
909 1712 227
909 1713 227
909 1714 227
909 1715 227
909 1716 227
909 1717 227
909 1718 227
909 1719 227
909 1720 227
909 1721 227
909 1722 227
909 1723 227
909 1724 227
909 1725 227
909 1726 227
909 1727 227
909 1728 227
909 1729 227
909 1730 227
909 1731 227
909 1732 227
909 1733 227
909 1734 227
909 1735 227
909 1736 227
909 1737 227
909 1738 227
909 1739 227
909 1740 227
909 1741 227
909 1742 227
909 1743 227
909 1744 227
909 1745 227
909 1746 227
909 1747 227
909 1748 230
909 1749 230
909 1750 230
909 1751 230
909 1752 230
909 1753 230
909 1754 230
909 1755 230
909 1756 230
909 1757 230
909 1800 230
909 1801 230
909 1802 230
909 1803 230
909 1804 230
909 1805 230
909 1806 230
909 1807 230
909 1808 230
909 1809 230
909 1810 230
909 1811 230
909 1812 230
909 1813 230
909 1814 230
910 1704 227
910 1705 227
910 1706 227
910 1707 227
910 1708 227
910 1709 227
910 1710 227
910 1711 227
910 1712 227
910 1713 227
910 1714 227
910 1715 227
910 1716 227
910 1717 227
910 1718 227
910 1719 227
910 1720 227
910 1721 227
910 1722 227
910 1723 227
910 1724 227
910 1725 227
910 1726 227
910 1727 227
910 1728 227
910 1729 227
910 1730 227
910 1731 227
910 1732 227
910 1733 227
910 1734 227
910 1735 227
910 1736 227
910 1737 227
910 1738 227
910 1739 227
910 1740 227
910 1741 227
910 1742 227
910 1743 227
910 1744 227
910 1745 227
910 1746 227
910 1747 227
910 1748 230
910 1749 230
910 1750 230
910 1751 230
910 1752 230
910 1753 230
910 1754 230
910 1755 230
910 1756 230
910 1757 230
910 1800 230
910 1801 230
910 1802 230
910 1803 230
910 1804 230
910 1805 230
910 1806 230
910 1807 230
910 1808 230
910 1809 230
910 1810 230
910 1811 230
910 1812 230
910 1813 230
910 1814 230
911 1704 227
911 1705 227
911 1706 227
911 1707 227
911 1708 227
911 1709 227
911 1710 227
911 1711 227
911 1712 227
911 1713 227
911 1714 227
911 1715 227
911 1716 227
911 1717 227
911 1718 227
911 1719 227
911 1720 227
911 1721 227
911 1722 227
911 1723 227
911 1724 227
911 1725 227
911 1726 227
911 1727 227
911 1728 227
911 1729 227
911 1730 227
911 1731 227
911 1732 227
911 1733 227
911 1734 227
911 1735 227
911 1736 227
911 1737 227
911 1738 227
911 1739 227
911 1740 227
911 1741 227
911 1742 227
911 1743 227
911 1744 227
911 1748 230
911 1749 230
911 1750 230
911 1751 230
911 1752 230
911 1753 230
911 1754 230
911 1755 230
911 1756 230
911 1797 230
911 1798 230
911 1799 230
911 1800 230
911 1801 230
911 1802 230
911 1803 230
911 1804 230
911 1805 230
911 1806 230
911 1807 230
911 1808 230
911 1809 230
911 1810 230
911 1811 230
911 1812 230
911 1813 230
912 1704 227
912 1705 227
912 1706 227
912 1707 227
912 1708 227
912 1709 227
912 1710 227
912 1711 227
912 1712 227
912 1713 227
912 1714 227
912 1715 227
912 1716 227
912 1717 227
912 1718 227
912 1719 227
912 1720 227
912 1721 227
912 1722 227
912 1723 227
912 1724 227
912 1725 227
912 1726 227
912 1727 227
912 1728 227
912 1729 227
912 1730 227
912 1731 227
912 1732 227
912 1733 227
912 1734 227
912 1735 227
912 1736 227
912 1737 227
912 1738 227
912 1739 227
912 1740 227
912 1741 227
912 1742 227
912 1748 230
912 1749 230
912 1750 230
912 1751 230
912 1752 230
912 1753 230
912 1754 230
912 1755 230
912 1756 230
912 1797 230
912 1798 230
912 1799 230
912 1800 230
912 1801 230
912 1802 230
912 1803 230
912 1804 230
912 1805 230
912 1806 230
912 1807 230
912 1808 230
912 1809 230
912 1810 230
912 1811 230
912 1812 230
912 1813 230
912 1814 230
913 1704 227
913 1705 227
913 1706 227
913 1707 227
913 1708 227
913 1709 227
913 1710 227
913 1711 227
913 1712 227
913 1713 227
913 1714 227
913 1715 227
913 1716 227
913 1717 227
913 1718 227
913 1719 227
913 1720 227
913 1721 227
913 1722 227
913 1723 227
913 1724 227
913 1725 227
913 1726 227
913 1727 227
913 1728 227
913 1729 227
913 1730 227
913 1731 227
913 1732 227
913 1733 227
913 1734 227
913 1735 227
913 1736 227
913 1737 227
913 1750 230
913 1751 230
913 1752 230
913 1753 230
913 1795 230
913 1796 230
913 1797 230
913 1798 230
913 1799 230
913 1800 230
913 1801 230
913 1802 230
913 1803 230
913 1804 230
913 1805 230
913 1806 230
913 1807 230
913 1808 230
913 1809 230
913 1810 230
913 1811 230
913 1812 230
914 1704 227
914 1705 227
914 1706 227
914 1707 227
914 1708 227
914 1709 227
914 1710 227
914 1711 227
914 1712 227
914 1713 227
914 1714 227
914 1715 227
914 1716 227
914 1717 227
914 1718 227
914 1719 227
914 1720 227
914 1721 227
914 1722 227
914 1723 227
914 1724 227
914 1725 227
914 1726 227
914 1727 227
914 1728 227
914 1729 227
914 1730 227
914 1731 227
914 1732 227
914 1733 227
914 1734 227
914 1795 230
914 1796 230
914 1797 230
914 1798 230
914 1799 230
914 1800 230
914 1801 230
914 1802 230
914 1803 230
914 1804 230
914 1805 230
914 1806 230
914 1807 230
914 1808 230
914 1809 230
914 1810 230
914 1811 230
914 1812 230
915 1705 227
915 1706 227
915 1707 227
915 1708 227
915 1709 227
915 1710 227
915 1711 227
915 1712 227
915 1713 227
915 1714 227
915 1715 227
915 1716 227
915 1717 227
915 1718 227
915 1719 227
915 1720 227
915 1721 227
915 1722 227
915 1723 227
915 1724 227
915 1725 227
915 1726 227
915 1727 227
915 1728 227
915 1729 227
915 1730 227
915 1731 227
915 1732 227
915 1733 227
915 1795 230
915 1796 230
915 1797 230
915 1798 230
915 1799 230
915 1800 230
915 1801 230
915 1802 230
915 1803 230
915 1804 230
915 1805 230
915 1806 230
915 1807 230
915 1808 230
915 1809 230
915 1810 230
915 1811 230
915 1812 230
915 1813 230
915 1829 230
915 1830 230
915 1831 230
915 1832 230
916 1705 227
916 1706 227
916 1707 227
916 1708 227
916 1709 227
916 1710 227
916 1711 227
916 1712 227
916 1713 227
916 1714 227
916 1715 227
916 1716 227
916 1717 227
916 1718 227
916 1719 227
916 1720 227
916 1721 227
916 1722 227
916 1723 227
916 1724 227
916 1725 227
916 1726 227
916 1727 227
916 1728 227
916 1729 227
916 1730 227
916 1731 227
916 1732 227
916 1795 230
916 1796 230
916 1797 230
916 1798 230
916 1799 230
916 1800 230
916 1801 230
916 1802 230
916 1803 230
916 1804 230
916 1805 230
916 1806 230
916 1807 230
916 1808 230
916 1809 230
916 1810 230
916 1811 230
916 1812 230
916 1813 230
916 1814 230
916 1815 230
916 1816 230
916 1822 230
916 1829 230
916 1830 230
916 1831 230
916 1832 230
916 1833 230
916 1834 230
917 1707 227
917 1708 227
917 1709 227
917 1710 227
917 1711 227
917 1712 227
917 1713 227
917 1714 227
917 1715 227
917 1716 227
917 1717 227
917 1718 227
917 1719 227
917 1720 227
917 1721 227
917 1722 227
917 1723 227
917 1724 227
917 1725 227
917 1726 227
917 1727 227
917 1728 227
917 1729 227
917 1730 227
917 1731 227
917 1732 227
917 1745 217
917 1746 217
917 1747 217
917 1748 217
917 1749 217
917 1750 217
917 1751 217
917 1752 217
917 1753 217
917 1754 217
917 1804 230
917 1805 230
917 1806 230
917 1807 230
917 1808 230
917 1809 230
917 1810 230
917 1811 230
917 1812 230
917 1813 230
917 1818 230
917 1819 230
917 1820 230
917 1821 230
917 1822 230
917 1823 230
917 1824 230
917 1825 230
917 1826 230
917 1827 227
917 1828 230
917 1829 230
917 1834 230
917 1835 230
917 1836 230
917 1837 230
918 1708 227
918 1709 227
918 1710 227
918 1711 227
918 1712 227
918 1713 227
918 1714 227
918 1715 227
918 1716 227
918 1717 227
918 1718 227
918 1719 227
918 1720 227
918 1721 227
918 1722 227
918 1723 227
918 1724 227
918 1725 227
918 1726 227
918 1727 227
918 1728 227
918 1729 227
918 1730 227
918 1731 227
918 1732 217
918 1733 217
918 1740 217
918 1741 217
918 1742 217
918 1743 217
918 1744 217
918 1745 217
918 1746 217
918 1747 217
918 1748 217
918 1749 217
918 1750 217
918 1751 217
918 1752 217
918 1753 217
918 1754 217
918 1805 230
918 1806 230
918 1807 230
918 1808 230
918 1809 230
918 1810 230
918 1811 230
918 1812 230
918 1813 230
918 1815 230
918 1816 230
918 1817 230
918 1818 230
918 1819 230
918 1820 230
918 1821 230
918 1822 230
918 1823 230
918 1824 230
918 1825 230
918 1826 230
918 1827 227
918 1828 230
918 1829 230
918 1834 230
918 1835 230
918 1836 230
918 1837 230
919 1709 227
919 1710 227
919 1711 227
919 1712 227
919 1713 227
919 1714 227
919 1715 227
919 1716 227
919 1717 227
919 1718 227
919 1719 227
919 1720 227
919 1721 227
919 1722 227
919 1723 227
919 1724 227
919 1725 227
919 1726 227
919 1727 227
919 1728 227
919 1729 217
919 1730 217
919 1731 217
919 1732 217
919 1733 217
919 1734 217
919 1735 217
919 1736 217
919 1737 217
919 1738 217
919 1739 217
919 1740 217
919 1741 217
919 1742 217
919 1743 217
919 1744 217
919 1745 217
919 1746 217
919 1747 217
919 1748 217
919 1749 217
919 1750 217
919 1751 217
919 1752 217
919 1753 217
919 1775 217
919 1776 217
919 1777 217
919 1778 217
919 1779 217
919 1780 217
919 1781 217
919 1782 217
919 1807 230
919 1808 230
919 1809 230
919 1810 230
919 1811 230
919 1812 230
919 1813 230
919 1814 230
919 1815 230
919 1816 230
919 1817 230
919 1818 230
919 1819 230
919 1820 230
919 1821 230
919 1822 230
919 1823 230
919 1824 230
919 1825 230
919 1826 230
919 1827 230
919 1828 230
919 1829 230
919 1830 227
919 1831 227
919 1832 227
919 1834 230
920 1710 227
920 1711 227
920 1712 227
920 1713 227
920 1714 227
920 1715 227
920 1716 227
920 1717 227
920 1718 227
920 1719 227
920 1720 227
920 1721 227
920 1722 227
920 1723 227
920 1724 227
920 1725 227
920 1726 227
920 1727 217
920 1728 217
920 1729 217
920 1730 217
920 1731 217
920 1732 217
920 1733 217
920 1734 217
920 1735 217
920 1736 217
920 1737 217
920 1738 217
920 1739 217
920 1740 217
920 1741 217
920 1742 217
920 1743 217
920 1744 217
920 1745 217
920 1746 217
920 1747 217
920 1748 217
920 1749 217
920 1750 217
920 1751 217
920 1752 217
920 1774 217
920 1775 217
920 1776 217
920 1777 217
920 1778 217
920 1779 217
920 1780 217
920 1781 217
920 1782 217
920 1783 217
920 1808 230
920 1809 230
920 1810 230
920 1811 230
920 1812 230
920 1813 230
920 1814 230
920 1815 230
920 1816 230
920 1817 230
920 1818 230
920 1819 217
920 1820 217
920 1821 217
920 1822 230
920 1823 230
920 1824 230
920 1825 230
920 1826 230
920 1827 230
920 1828 230
920 1829 230
920 1830 227
920 1831 227
920 1832 227
920 1833 227
921 1712 227
921 1713 227
921 1714 217
921 1715 217
921 1716 217
921 1717 217
921 1718 217
921 1719 217
921 1720 217
921 1721 217
921 1722 217
921 1723 217
921 1724 217
921 1725 217
921 1726 217
921 1777 217
921 1778 217
921 1779 217
921 1780 217
921 1781 217
921 1782 217
921 1809 230
921 1810 230
921 1811 230
921 1812 230
921 1813 230
921 1814 230
921 1815 230
921 1816 230
921 1817 230
921 1818 227
921 1819 227
921 1820 227
921 1821 227
921 1822 227
921 1823 227
921 1824 227
921 1825 227
921 1826 227
921 1827 227
921 1828 227
921 1829 230
921 1830 227
921 1831 227
921 1832 227
921 1833 227
921 1834 227
921 1835 227
921 1836 227
921 1838 227
921 1839 227
922 1713 217
922 1714 217
922 1715 217
922 1716 217
922 1717 217
922 1718 217
922 1719 217
922 1720 217
922 1721 217
922 1722 217
922 1723 217
922 1778 217
922 1779 217
922 1780 217
922 1781 217
922 1782 217
922 1815 230
922 1816 230
922 1817 227
922 1818 227
922 1819 227
922 1820 227
922 1821 227
922 1822 227
922 1823 227
922 1824 217
922 1825 217
922 1826 217
922 1827 217
922 1828 217
922 1829 217
922 1830 227
922 1831 227
922 1832 227
922 1833 227
922 1834 227
922 1835 227
922 1836 227
922 1837 227
922 1838 227
922 1839 227
923 1715 217
923 1716 217
923 1717 217
923 1817 217
923 1818 217
923 1819 217
923 1820 217
923 1821 217
923 1822 217
923 1823 217
923 1824 217
923 1825 217
923 1826 217
923 1827 217
923 1828 217
923 1829 217
923 1830 227
923 1831 227
923 1832 227
923 1833 227
923 1834 227
923 1835 227
923 1836 227
923 1837 227
923 1838 227
924 1817 217
924 1818 217
924 1819 217
924 1820 217
924 1821 217
924 1822 217
924 1823 217
924 1824 217
924 1825 217
924 1826 217
924 1827 217
924 1828 217
924 1829 217
924 1830 217
924 1831 217
924 1832 227
924 1833 227
924 1834 227
924 1835 227
924 1836 227
924 1837 227
924 1838 227
924 1842 217
925 1818 217
925 1819 217
925 1820 217
925 1821 217
925 1822 217
925 1823 217
925 1824 217
925 1825 217
925 1826 217
925 1827 217
925 1828 217
925 1829 217
925 1830 217
925 1831 217
925 1832 217
925 1833 217
925 1834 217
925 1835 217
925 1836 217
925 1837 227
925 1838 217
925 1839 217
925 1840 217
925 1841 217
925 1842 217
926 1819 217
926 1820 217
926 1821 217
926 1822 217
926 1823 217
926 1824 217
926 1825 217
926 1826 217
926 1827 217
926 1828 217
926 1829 217
926 1830 217
926 1831 217
926 1832 217
926 1833 217
926 1834 217
926 1835 217
926 1836 217
926 1837 217
926 1838 217
926 1839 217
926 1840 217
926 1841 217
926 1842 217
927 1819 217
927 1820 217
927 1821 217
927 1822 217
927 1823 217
927 1824 217
927 1825 217
927 1826 217
927 1827 217
927 1828 217
927 1829 217
927 1830 217
927 1831 217
927 1832 217
927 1833 217
927 1834 217
927 1835 217
927 1836 217
927 1837 217
927 1838 217
927 1839 217
927 1840 217
927 1841 217
927 1842 217
928 1819 217
928 1820 217
928 1821 217
928 1822 217
928 1823 217
928 1824 217
928 1825 217
928 1826 217
928 1827 217
928 1828 217
928 1829 217
928 1830 217
928 1831 217
928 1832 217
928 1833 217
928 1834 217
928 1835 217
928 1836 217
928 1837 217
928 1838 217
928 1839 217
928 1840 217
928 1841 217
928 1842 217
929 1820 217
929 1821 217
929 1822 217
929 1823 217
929 1824 217
929 1825 217
929 1826 217
929 1827 217
929 1828 217
929 1829 217
929 1830 217
929 1831 217
929 1832 217
929 1833 217
929 1834 217
929 1835 217
929 1836 217
929 1837 217
929 1838 217
929 1839 217
929 1840 217
929 1841 217
929 1842 217
930 1820 217
930 1821 217
930 1822 217
930 1823 217
930 1824 217
930 1825 217
930 1826 217
930 1827 217
930 1828 217
930 1829 217
930 1830 217
930 1831 217
930 1832 217
930 1833 217
930 1834 217
930 1835 217
930 1836 217
930 1837 217
930 1838 217
930 1839 217
930 1840 217
930 1841 217
930 1842 217
931 1820 217
931 1821 217
931 1822 217
931 1823 217
931 1824 217
931 1825 217
931 1826 217
931 1827 217
931 1828 217
931 1829 217
931 1830 217
931 1831 217
931 1832 217
931 1833 217
931 1834 217
931 1835 217
931 1836 217
931 1837 217
931 1838 217
931 1839 217
931 1840 217
931 1841 217
931 1842 217
931 1843 217
932 1820 217
932 1821 217
932 1822 217
932 1823 217
932 1824 217
932 1825 217
932 1826 217
932 1827 217
932 1828 217
932 1829 217
932 1830 217
932 1831 217
932 1832 217
932 1833 217
932 1834 217
932 1835 217
932 1836 217
932 1837 217
932 1838 217
932 1839 217
932 1840 217
932 1841 217
932 1842 217
932 1843 217
933 1820 217
933 1821 217
933 1822 217
933 1823 217
933 1824 217
933 1825 217
933 1826 217
933 1827 217
933 1828 217
933 1829 217
933 1830 217
933 1831 217
933 1832 217
933 1833 217
933 1834 217
933 1835 217
933 1836 217
933 1837 217
933 1838 217
933 1839 217
933 1840 217
933 1841 217
933 1842 217
933 1843 227
933 1844 227
933 1845 227
933 1846 227
933 1847 227
934 1820 217
934 1821 217
934 1822 217
934 1823 217
934 1824 217
934 1825 217
934 1826 217
934 1827 217
934 1828 217
934 1829 217
934 1830 217
934 1831 217
934 1832 217
934 1833 217
934 1834 217
934 1835 217
934 1836 217
934 1837 217
934 1838 217
934 1839 217
934 1840 217
934 1841 217
934 1842 217
934 1843 227
934 1844 227
934 1845 227
934 1846 227
935 1823 217
935 1824 217
935 1825 217
935 1826 217
935 1827 217
935 1828 217
935 1842 227
935 1843 227
935 1844 227
935 1845 227
935 1846 227
935 1849 227
935 1850 227
935 1851 227
935 1852 227
936 1839 227
936 1840 227
936 1841 227
936 1842 227
936 1843 227
936 1844 227
936 1845 227
936 1846 227
936 1848 227
936 1849 227
936 1850 227
936 1851 227
936 1852 227
936 1853 227
937 1838 227
937 1839 227
937 1840 227
937 1841 227
937 1842 227
937 1843 227
937 1844 227
937 1850 227
937 1851 227
937 1852 227
937 1853 227
937 1854 227
938 1839 227
938 1852 227
938 1853 227
938 1854 227
938 1855 227
938 1856 227
938 1857 227
939 1853 227
939 1854 227
939 1855 227
939 1856 227
939 1857 227
939 1858 227
