-240.61008946 -38.134170425 -244.88051256 -41.062013985 -245.30887029 -37.475396044 
-241.12949524 -38.269525823 -245.39944384 -41.198061342 -245.82838275 -37.611512861 
-241.75873589 -38.430171343 -246.027845 -41.359930512 -246.4578118 -37.773505112 
-242.43930123 -38.601806811 -246.70732724 -41.533143591 -247.13861951 -37.946877347 
-243.11268102 -38.771239234 -247.37950187 -41.704329951 -247.81226809 -38.118241273 
-243.72036518 -38.923061402 -247.9859806 -41.857904915 -248.42022014 -38.271994344 
-244.20179064 -39.041869404 -248.46632242 -41.978287302 -248.90188561 -38.392537267 
-244.49844732 -39.113363239 -248.76213957 -42.051000009 -249.1987277 -38.465374624 
-244.55285163 -39.123241271 -248.8160709 -42.061564395 -249.25323627 -38.476009341 
-244.41016919 -39.084717586 -248.67336271 -42.023078072 -249.1105595 -38.43752685 
-244.99321697 -39.238792778 -249.25924652 -42.173034281 -249.69298 -38.587062463 
-245.3535158 -39.334542654 -249.62448352 -42.261591695 -250.05217398 -38.674894124 
-245.68404636 -39.421482576 -249.9610749 -42.33966835 -250.38132649 -38.752091563 
-246.13570294 -39.541444558 -250.42442642 -42.442415484 -250.83025454 -38.8531785 
-246.59659796 -39.662498966 -250.9024664 -42.537960386 -251.28698122 -38.946377594 
-247.07494336 -39.786847049 -251.40430048 -42.626820343 -251.75928221 -39.032198447 
-247.00822128 -39.771452915 -251.33249137 -42.619165958 -251.69390254 -39.0251848 
-247.80785908 -39.969469659 -252.18266243 -42.738923936 -252.47935586 -39.139022325 
-248.27080741 -40.079449219 -252.67710802 -42.798510893 -252.93246536 -39.195441198 
-248.54385467 -40.141015871 -252.96947849 -42.828511954 -253.19907465 -39.223709019 
-248.78508069 -40.193775876 -253.22715689 -42.853990221 -253.43456836 -39.247842819 
-249.35478498 -40.310228829 -253.98895871 -39.291917119 
-249.78899409 -40.350504314 -254.41003635 -39.274171028 
-250.23038881 -40.387446939 -254.84068573 -39.265980379 
-250.60300678 -40.447748373 -255.20055207 -39.275100843 
-251.05671802 -40.517885344 
-251.42933625 -40.570436739 
-251.81529908 -40.620752653 
-252.15301668 -40.661180852 
-252.54205938 -40.701527584 
-252.99987775 -40.740658008 
-253.31193346 -40.763412657 
-253.69276474 -40.787165268 
-254.0807817 -40.806477891 
-254.47290477 -40.822462548 
-254.85168356 -40.831825532 
-255.11241493 -40.833625926 
-255.55483834 -40.806352389 
-255.94388575 -40.729342528 
-256.36988466 -40.710952015 
-256.63780215 -40.696133863 
-257.09459658 -40.664408742 
-257.39844204 -40.638462132 
-257.72692375 -40.606940694 
-257.98457675 -40.577745989 
-258.41468308 -40.520598989 
-258.8488957 -40.455695469 
-259.11270824 -40.412098147 
-259.46377413 -40.349540901 
-259.87745727 -40.269169982 
-260.2398152 -40.192201967 
-260.55598029 -40.12195012 
-260.84750921 -40.055058796 
-261.1657298 -39.925018414 
-261.51269089 -39.829253449 
-261.81961807 -39.742409152 
-262.23227627 -39.618861332 
-262.62132492 -39.495350992 
-262.8943777 -39.404131908 
-263.11610492 -39.326280012 
-263.39531713 -39.223979754 
-263.768969 -39.080565348 
-264.20626519 -38.903835669 
-264.49882268 -38.78047855 
-264.90019126 -38.604913048 
-265.21327952 -38.461594799 
-265.58385309 -38.284971061 
-265.78813081 -38.179468393 
-266.10224515 -38.043898351 
-266.59189535 -37.798442754 
-266.93783288 -37.619643784 
-267.24270951 -37.46305279 
-267.44801362 -37.357548375 
-267.8699137 -37.136557329 
-268.15528668 -36.982211553 
-268.51148985 -36.78346766 
-268.73732486 -36.653573539 
-268.97547816 -36.515909857 
-269.49900479 -36.211721783 
-269.7771926 -36.046315958 
-270.05230084 -35.882022145 
-270.44237988 -35.643367277 
-270.64665802 -35.520150144 
-270.50910137 -35.663189419 
-271.45555684 -35.066044222 
-271.64135796 -34.942856452 
-271.85487533 -34.799696119 
-272.11253339 -34.624358583 
-272.40611984 -34.424606849 
-272.72536956 -34.203778663 
-273.06207024 -33.969637038 
-273.40493027 -33.725521358 
-273.74676391 -33.478085876 
-274.07627941 -33.233991388 
-274.38629112 -32.997677883 
-274.70143575 -32.750284833 
-275.00939486 -32.502903203 
-275.30606225 -32.26107521 
-275.59349106 -32.021476184 
-275.87168123 -31.78521326 
-276.14268591 -31.548961768 
-276.40650505 -31.313828843 
-276.66416519 -31.078705716 
-276.91669287 -30.842483619 
-277.16614118 -30.602945013 
-277.41251011 -30.360089897 
-277.65682618 -30.113916637 
-277.90011595 -29.862209326 
-278.14443243 -29.604964694 
-278.38874915 -29.341077241 
-278.63614571 -29.068327788 
-278.87635678 -28.795589781 
-279.09398439 -28.536173384 
-279.29210822 -28.285645158 
-279.47894045 -28.038456336 
-279.65961371 -27.791277331 
-279.83926063 -27.539671418 
-280.02506692 -27.278091468 
-280.2211387 -27.003209526 
-280.43466163 -26.709478456 
-280.67076832 -26.393568662 
-280.77547653 -26.252795624 
-280.80935335 -26.191849227 
-280.86170894 -26.085480872 
-280.94588817 -25.922597928 
-281.07523611 -25.687679227 
-281.26001823 -25.367422776 
-281.51255299 -24.948523307 
-281.8410525 -24.426539157 
-282.00427577 -24.164995142 
-282.14080832 -23.948886193 
-282.26194236 -23.75937302 
-282.39847471 -23.547692592 
-282.51550254 -23.36372163 
-282.63971631 -23.167560726 
-282.66845999 -23.12212237 
-282.86658598 -22.811808721 
-282.95897625 -22.668841012 
-283.0503398 -22.531410605 
-283.17865943 -22.33745739 
-283.22485454 -22.266527098 
-283.36651929 -22.054838434 
-283.39526493 -21.96179334 
-283.44044375 -21.64286683 
-283.52154212 -21.510988469 
-283.58724205 -21.404598761 
-283.68065897 -21.257200859 
-283.74327914 -21.157458866 
-283.80384618 -21.061041549 
-283.85004132 -20.989004115 
-283.91266144 -20.890369251 
-283.95475029 -20.826088306 
-283.99478605 -20.764024905 
-284.04406072 -20.690875417 
-284.05227321 -20.677576702 
-284.11591954 -20.585582995 
-284.14055678 -20.551222516 
-284.16519529 -20.485862306 
-284.2072901 -20.2765469 
-284.22474143 -20.25326923 
-284.2350069 -20.239967235 
-284.24116613 -20.233314599 
-284.2493783 -20.227765816 
-284.25553735 -20.225541712 
-284.25964336 -20.224428022 
-284.26374933 -20.224421463 
-284.26888175 -20.225520399 
-284.27298754 -20.229942375 
-284.27606679 -20.235473122 
-284.27709315 -20.238792882 
-284.27914563 -20.250968069 
-284.27914518 -20.262039402 
-284.27503857 -20.277545825 
-284.32534495 -20.077074368 
-284.32534468 -20.083717167 
-284.32637044 -20.10142966 
-284.32842297 -20.112497713 
-284.33047555 -20.122458633 
-284.33252817 -20.131312421 
-284.33663368 -20.142377195 
-284.34279205 -20.15676009 
-284.3458713 -20.162290838 
-284.34895055 -20.167821585 
-284.35305625 -20.174457827 
-284.36126778 -20.18440891 
-284.36639992 -20.192150644 
-284.37358505 -20.199889101 
-284.38077109 -20.185484891 
-284.39822875 -20.008315697 
-284.40336121 -20.008307499 
-284.41567904 -20.010502092 
-284.42389098 -20.010488975 
-284.43620884 -20.011576433 
-284.44544728 -20.011561676 
-284.45776519 -20.011542001 
-284.46905656 -20.012631099 
-284.48240096 -20.012609784 
-284.49471892 -20.011482976 
-284.50498385 -20.011466579 
-284.51935479 -20.010336492 
-284.53372578 -20.00809927 
-284.54912326 -20.005860411 
-284.54193904 -19.97597929 
-284.50498917 -19.881931989 
-284.5173074 -19.874162381 
-284.52654602 -19.869719091 
-284.54707619 -19.861936366 
-284.5573413 -19.857491437 
-284.57171238 -19.853039949 
-284.5809509 -19.850810926 
-284.59429539 -19.848575344 
-284.6055869 -19.846343042 
-284.61995785 -19.845212953 
-284.62919628 -19.845198196 
-284.6404877 -19.845180161 
-284.65383205 -19.846265978 
-284.66307044 -19.847358355 
-284.64356768 -19.832996776 
-284.55426496 -19.781104161 
-284.56042392 -19.781094323 
-284.56658292 -19.779977352 
-284.57376841 -19.778858741 
-284.57992741 -19.777741771 
-284.58608641 -19.776624799 
-284.59224546 -19.774400695 
-284.60148398 -19.772171672 
-284.60353706 -19.769954126 
-284.59737824 -19.766642564 
-284.58608705 -19.761124934 
-284.57068993 -19.754506729 
-284.55323979 -19.748998936 
-284.53886912 -19.743486224 
-284.52860437 -19.739074088 
-284.52655148 -19.7368631 
-284.52552508 -19.734650474 
-284.52449868 -19.732437847 
-284.52244578 -19.730226859 
-284.52039289 -19.728015872 
-284.5173135 -19.725806525 
-284.51320762 -19.723598816 
-284.5091017 -19.722498241 
-284.50499582 -19.720290533 
-284.50088994 -19.718082825 
-284.49575752 -19.716983889 
-284.4916516 -19.715883315 
-284.48754572 -19.713675606 
-284.48343979 -19.712575031 
-284.48036036 -19.711472818 
-284.47728097 -19.709263469 
-284.47420154 -19.708161254 
-284.4721486 -19.707057401 
-284.47112215 -19.705951907 
-284.47009571 -19.704846414 
-284.46804277 -19.703742559 
-284.46598987 -19.701531573 
-284.46393693 -19.700427718 
-284.46188404 -19.698216731 
-284.45880461 -19.697114517 
-284.45675171 -19.69490353 
-284.45367228 -19.693801315 
-284.45059289 -19.691591967 
-284.44751351 -19.689382619 
-284.44032788 -19.693822629 
-284.42287682 -19.710457501 
-284.42493008 -19.703811422 
-284.42493026 -19.69938289 
-284.42595689 -19.69605985 
-284.42493044 -19.694954356 
-284.42493044 -19.694954356 
-284.42287745 -19.694957635 
-284.42185087 -19.697173542 
-284.41877126 -19.70049986 
-284.41671809 -19.704931672 
-284.41261194 -19.709366764 
-284.40953223 -19.714907348 
-284.40542603 -19.720449574 
-284.4002933 -19.727100569 
-284.39516056 -19.733751567 
-284.39002783 -19.740402565 
-284.38489509 -19.747053563 
-284.37976245 -19.751490293 
-284.37565629 -19.755925384 
-284.3705236 -19.76146925 
-284.36847052 -19.763686794 
-284.36333783 -19.769230659 
-284.35820514 -19.774774522 
-284.35409904 -19.778102481 
-284.34896635 -19.783646344 
-284.3438337 -19.788083075 
-284.33870105 -19.792519806 
-284.33151533 -19.799174082 
-284.32638269 -19.803610812 
-284.33254169 -19.802493842 
-284.37668156 -19.785816343 
-284.37565493 -19.789139383 
-284.37462825 -19.793569555 
-284.37154845 -19.801324406 
-284.36846861 -19.810186392 
-284.36538891 -19.815726976 
-284.36230906 -19.82458896 
-284.36025585 -19.830127907 
-284.35820278 -19.832345452 
-284.35614952 -19.838991531 
-284.34793685 -19.856718779 
-284.34588373 -19.860043458 
-284.34177739 -19.868907081 
-284.33767106 -19.877770707 
-284.34075063 -19.87555152 
-284.38899801 -19.821224933 
-284.3879712 -19.828976505 
-284.38797092 -19.835619304 
-284.38694402 -19.845585144 
-284.38694384 -19.850013676 
-284.38591685 -19.862193782 
-284.38488999 -19.871052487 
-284.38488967 -19.878802421 
-284.38386282 -19.887661126 
-284.38283591 -19.897626964 
-284.3818091 -19.905378537 
-284.38078225 -19.914237242 
-284.37872885 -19.924204722 
-284.37770195 -19.93417056 
-284.37667527 -19.938600733 
-284.41157976 -19.847760059 
-284.41363233 -19.857720981 
-284.41465855 -19.86436214 
-284.41671117 -19.873215927 
-284.41773735 -19.880964221 
-284.41876352 -19.888712514 
-284.41978969 -19.896460807 
-284.42184227 -19.906421727 
-284.4228684 -19.915277153 
-284.42389457 -19.923025447 
-284.42594719 -19.931879233 
-284.42697323 -19.942948927 
-284.42799936 -19.951804353 
-284.42902562 -19.95733838 
-284.43210647 -19.924119463 
-284.43621499 -19.862113443 
-284.43929419 -19.868751323 
-284.4423734 -19.875389204 
-284.44442611 -19.882028725 
-284.44750527 -19.889773739 
-284.44853158 -19.894200633 
-284.45263709 -19.905265406 
-284.45571625 -19.91301042 
-284.45674257 -19.917437315 
-284.46084808 -19.928502088 
-284.46290075 -19.936248741 
-284.46495346 -19.942888262 
-284.46803262 -19.950633276 
-284.47111173 -19.959485423 
-284.46700653 -19.940670717 
-284.45263923 -19.853230143 
-284.45571839 -19.860975157 
-284.45879764 -19.866505904 
-284.46290334 -19.873142147 
-284.46598255 -19.879780027 
-284.46803535 -19.884205281 
-284.4700882 -19.887523402 
-284.4731674 -19.894161282 
-284.47316736 -19.895268416 
-284.47316736 -19.895268416 
-284.4731674 -19.894161282 
-284.4731674 -19.894161282 
-284.47316745 -19.893054148 
-284.47316754 -19.890839882 
-284.47214109 -19.889734388 
-284.47214118 -19.887520122 
-284.47214127 -19.885305855 
-284.47111487 -19.883093228 
-284.47111496 -19.880878962 
-284.47008861 -19.877559202 
-284.4700887 -19.875344935 
-284.46906234 -19.872025175 
-284.46906243 -19.869810908 
-284.46803608 -19.866491148 
-284.46803621 -19.863169749 
-284.46700981 -19.860957122 
-284.46700995 -19.857635722 
-284.46598355 -19.855423095 
-284.46598364 -19.853208829 
-284.46495728 -19.849889068 
-284.46495737 -19.847674802 
-284.46495746 -19.845460535 
-284.46393102 -19.844355041 
-284.46393111 -19.842140775 
-284.46393115 -19.841033641 
-284.4639312 -19.839926509 
-284.46290475 -19.838821014 
-284.46290475 -19.838821014 
-284.46290475 -19.838821014 
-284.4639312 -19.839926509 
-284.46495756 -19.843246269 
-284.46598396 -19.845458895 
-284.46701031 -19.848778656 
-284.46803662 -19.85320555 
-284.46290461 -19.842142415 
-284.44237667 -19.795675609 
-284.44340307 -19.797888237 
-284.44442943 -19.801207997 
-284.44442934 -19.803422263 
-284.44545574 -19.80563489 
-284.44648214 -19.807847518 
-284.44648201 -19.811168917 
-284.44750836 -19.814488677 
-284.44750827 -19.816702944 
-284.44853463 -19.820022705 
-284.44853454 -19.822236971 
-284.4485344 -19.82555837 
-284.44853431 -19.827772637 
-284.44956071 -19.829985263 
-284.4444287 -19.818922129 
-284.4331386 -19.7868333 
-284.43313847 -19.790154699 
-284.43416487 -19.792367327 
-284.43416473 -19.795688726 
-284.4341646 -19.799010126 
-284.43519104 -19.80011562 
-284.43519091 -19.803437019 
-284.43519082 -19.805651286 
-284.43519072 -19.807865552 
-284.43519068 -19.808972686 
-284.4351905 -19.813401219 
-284.43519022 -19.820044018 
-284.43519022 -19.820044018 
-284.43519009 -19.823365419 
-284.43519027 -19.818936885 
-284.43108575 -19.783515179 
-284.43108562 -19.786836579 
-284.43211198 -19.790156339 
-284.43313838 -19.792368966 
-284.43416473 -19.795688726 
-284.4341646 -19.799010126 
-284.43519095 -19.802329886 
-284.43519091 -19.803437019 
-284.43621722 -19.807863913 
-284.43621708 -19.811185313 
-284.43724348 -19.813397939 
-284.4372433 -19.817826473 
-284.4382697 -19.8200391 
-284.43826956 -19.823360499 
-284.43929588 -19.827787393 
-284.4331386 -19.7868333 
-284.43416496 -19.79015306 
-284.43621781 -19.793471181 
-284.43621776 -19.794578314 
-284.43827057 -19.799003568 
-284.43929692 -19.802323328 
-284.44032323 -19.806750222 
-284.44134959 -19.810069982 
-284.44237604 -19.811175476 
-284.44340235 -19.815602369 
-284.4444287 -19.818922129 
-284.44545501 -19.823349022 
-284.44648137 -19.826668783 
-284.44750773 -19.829988543 
-284.44340239 -19.814495236 
-284.43724444 -19.790148141 
-284.43929729 -19.793466262 
-284.44135009 -19.797891517 
-284.44237645 -19.801211277 
-284.44442925 -19.805636529 
-284.44545565 -19.807849157 
-284.44648205 -19.810061784 
-284.44750846 -19.812274411 
-284.44853481 -19.815594171 
-284.45058761 -19.820019424 
-284.45366682 -19.826657305 
-284.45469317 -19.829977066 
-284.45674598 -19.83440232 
