916.40261979 253.42247912 
917.21583132 253.80461315 
917.95100741 254.15140879 
918.70774596 254.50925122 
919.03015579 254.66055842 
918.89667418 254.5964979 
918.51368461 254.4131534 
918.0824361 254.20882883 
917.80725836 254.07961019 
917.89145411 254.1226917 
918.5383264 254.43305349 
919.95015142 255.10899877 
922.33125986 256.24772233 
925.35719018 257.69238564 
925.88290351 257.94310293 
926.11701026 258.05465537 
927.26803541 258.60247602 
927.82968653 258.8697596 
928.57513223 259.22429661 
929.1316496 259.4893721 
929.90584561 259.85716224 
930.4141043 260.0990434 
931.18624701 260.46572916 
931.52816665 260.62808704 
932.48923826 261.08423514 
933.12481875 261.38686377 
933.82919372 261.72484228 
933.94419894 261.73688957 
935.14040428 262.31344779 
935.76571758 262.60944603 
936.57071876 262.99048874 
937.0327731 263.20917419 
937.76179206 263.5559828 
938.57192752 263.94034172 
938.77215114 264.03532699 
939.77634954 264.51357148 
940.1921987 264.71127463 
941.20153146 265.19172812 
941.84224717 265.49878171 
942.29711436 265.71636919 
942.5815349 265.85111574 
943.66479576 266.37798569 
944.50368954 266.71913582 
945.11154854 267.01072777 
945.6423984 267.26587201 
946.22356085 267.54642324 
946.85914319 267.85348397 
947.6405294 268.23345002 
948.070754 268.4422095 
948.91888154 268.85642128 
949.62736572 269.20436387 
950.0925009 269.4341196 
950.92933369 269.84723775 
951.42219225 270.09135501 
952.00335454 270.38076467 
952.79808861 270.77953846 
953.46652551 271.13417031 
954.0928769 271.36374427 
954.42247727 271.51947654 
955.41332843 272.01767093 
955.97600882 272.30045967 
956.76150247 272.69592382 
957.40324571 273.01958729 
958.02958708 273.33662556 
958.66619641 273.65918804 
959.24735915 273.95413508 
959.33052898 273.99721919 
960.52263149 274.60368705 
961.12022297 274.90858015 
961.59665323 275.15271802 
962.35134367 275.53825459 
963.07214751 275.92825814 
963.59479261 276.1225234 
964.5230112 276.59532817 
965.12265663 276.90354133 
965.41426501 277.05378228 
966.41230506 277.56858001 
966.93083409 277.83702834 
967.49043483 278.126466 
968.02539261 278.40375311 
968.81088732 278.81139959 
969.4043723 279.11962074 
970.15392949 279.50959403 
970.72379834 279.80677079 
971.10781815 280.0067293 
972.20956495 280.58119777 
969.06449329 279.03475435 
963.16864844 276.11857565 
974.00747932 281.49809464 
974.67489344 281.85051921 
975.32793262 282.1952102 
975.50146047 282.28579996 
976.58164508 282.85586612 
977.04986204 283.10333764 
976.86401277 283.00501168 
978.39290553 283.8148222 
978.93607838 284.1031738 
979.45768864 284.3804784 
980.15590705 284.75279827 
979.85300357 284.59038979 
981.45171856 285.44440915 
982.01748073 285.74934307 
982.53909361 286.00893425 
983.25066055 286.39120423 
983.92834356 286.75469115 
984.48794548 287.05520403 
985.13174462 287.399908 
985.56710487 287.63302524 
986.06099242 287.89707673 
986.27867266 288.01308185 
987.11448278 288.4583204 
987.92051614 288.88698557 
988.23163476 289.05270727 
989.04896316 289.48689584 
989.62191466 289.79071637 
990.28419739 290.14204385 
990.81402371 290.4226631 
991.46501212 290.7662536 
991.96916882 291.03250908 
992.55649589 291.34406417 
992.99083069 291.57275537 
993.61101549 291.900881 
994.28356716 292.25551951 
994.90477919 292.58253719 
994.94687786 292.60463285 
995.93157618 293.122779 
996.4973415 293.41996639 
996.89163166 293.62766745 
997.45123635 293.92154054 
997.83217832 294.12150671 
998.612545 294.52916856 
999.11156972 294.78435995 
999.67322668 295.09262396 
1000.3170293 295.43068919 
1000.8139997 295.69252599 
1001.3099435 295.95214977 
1001.7257971 296.1697918 
1002.4661193 296.5575711 
1002.9928673 296.83376793 
1003.5791698 297.14089832 
1003.7496187 297.22927927 
1004.6008357 297.67450673 
1005.210755 297.99268257 
1005.3729894 298.07775137 
1006.3607715 298.59257695 
1006.7673846 298.80469446 
1007.4214567 299.14607157 
1007.9923609 299.42111335 
1008.5375924 299.70504079 
1009.0787167 299.98675864 
1009.5900639 300.25300982 
1009.9545786 300.44192483 
1010.6209731 300.78771766 
1011.1836608 301.07937625 
1011.8356803 301.41743545 
1012.3460011 301.68258122 
1012.8758315 301.95656253 
1013.4570019 302.25816535 
1013.9036613 302.48906092 
1014.525904 302.81165399 
1015.1019409 303.10883437 
1015.6132878 303.38394386 
1016.2334841 303.65118314 
1016.7037603 303.89423154 
1017.3208699 304.21129536 
1017.9420866 304.53167618 
1018.4483013 304.79239926 
1018.9514358 305.0509116 
1019.3631848 305.26191842 
1020.1702537 305.67730765 
1020.5614666 305.87837319 
1021.1991128 306.20648662 
1021.5851918 306.40534374 
1022.2659639 306.75665957 
1022.9303072 307.10024381 
1023.5535782 307.42394521 
1024.0700608 307.6979437 
1024.79705 307.99163852 
1025.284783 308.24463351 
1025.7961327 308.50867386 
1026.4019486 308.82243106 
1026.4399404 308.84231754 
1027.5858566 309.43779804 
1028.2019405 309.75929429 
1028.3508275 309.83662943 
1029.0624048 310.20673446 
1029.6887569 310.53486258 
1030.4157363 310.91491523 
1031.1478496 311.29939097 
1031.6920577 311.58332477 
1032.0935393 311.79434507 
1032.8307859 312.18988698 
1033.5485361 312.47584469 
1034.0372966 312.73216171 
1034.5630226 313.0061523 
1035.2561181 313.36963669 
1035.8855516 313.69997729 
1036.2777925 313.90547278 
1036.9544594 314.26011865 
1037.6054561 314.60261447 
1038.0387693 314.8313149 
1038.830439 315.2478344 
1039.2452699 315.46659116 
1040.0215373 315.8775923 
1040.6160599 316.19136546 
1041.1684832 316.48414944 
1041.7075555 316.79023373 
1042.4550829 317.10716111 
1043.0085334 317.39994438 
1043.696496 317.76454396 
1044.2365981 318.05069935 
1044.8485769 318.37552575 
1045.3691697 318.65173858 
1045.8250734 318.89370126 
1046.6465217 319.33122623 
1047.2749298 319.66489232 
1046.1095002 319.04285267 
1048.4526817 320.29245473 
1049.0739021 320.62502201 
1049.6098975 320.9111831 
1049.7988309 321.01061841 
1050.7383626 321.51665786 
1051.5916453 321.95414977 
1052.1420163 322.24804564 
1052.6656904 322.52757808 
1053.2324906 322.83031331 
1054.0097873 323.24574637 
1054.6310087 323.57831509 
1055.0858866 323.82138777 
1055.8210844 324.21472471 
1056.4186893 324.5351412 
1056.8571384 324.76937508 
1057.507111 325.11741305 
1057.892166 325.32291989 
1058.8193785 325.81901175 
1059.4816732 326.17367962 
1060.1018687 326.50514374 
1060.6809923 326.81118872 
1061.4007889 327.19679421 
1062.0066092 327.52163168 
1062.5487671 327.81221747 
1063.2377595 328.18235718 
1063.8548749 328.51493275 
1064.3908723 328.80220427 
1064.8940113 329.07401177 
1065.5162613 329.40768932 
1066.094358 329.71927237 
1066.8223701 330.11040622 
1067.4651567 330.45513329 
1068.0925411 330.79212734 
1068.7640785 331.15343052 
1069.3360151 331.46059251 
1069.9644254 331.8075501 
1070.628775 332.1688616 
1071.0497694 332.39758134 
1071.5025952 332.64398075 
1072.511955 333.19534541 
1072.9637538 333.44285334 
1073.6137284 333.79753845 
1074.1671821 334.1014002 
1074.9229188 334.51575624 
1075.6303949 334.90580785 
1076.2536724 335.24834412 
1076.6880158 335.48701458 
1077.3174541 335.83508012 
1078.0803787 336.25607216 
1078.4921321 336.48369606 
1079.1831797 336.86601655 
1079.9081121 337.26933613 
1080.5960791 337.65276749 
1079.9553457 337.29474912 
1081.8641977 338.35996211 
1082.4279201 338.67488599 
1082.9331139 338.95776636 
1083.6426445 339.3544609 
1084.1878843 339.66054809 
1084.9076831 340.06498184 
1085.5217196 340.41085187 
1085.6100259 340.46057758 
1086.9243521 341.20093899 
1086.946942 341.21420023 
1087.9316597 341.7722407 
1088.5754772 342.11365094 
1089.2151846 342.47610125 
1089.770693 342.7910357 
1090.3600864 343.12586217 
1090.9689892 343.47284625 
1091.5645436 343.81209492 
1089.8004708 342.80761061 
1092.0533091 344.08945922 
1092.9990086 344.6287225 
1093.9026088 345.14367451 
1094.5063782 345.48734361 
1095.0495652 345.797864 
1095.6369056 346.13269398 
1096.241702 346.47746955 
1096.6996615 346.75265359 
1097.0323614 346.86300974 
1098.0016748 347.44764199 
1098.3733832 347.66202669 
1099.1065323 348.08195022 
1099.6569077 348.39689247 
1099.9967849 348.59249032 
1100.7792217 349.04114694 
1101.364509 349.37708766 
1101.7064402 349.57268355 
1102.4190535 349.98155879 
1102.9612146 350.2931892 
1103.4828393 350.59377041 
1103.9449086 350.85898727 
1104.6349321 351.25570891 
1105.2458911 351.60269443 
1105.7736866 351.83462751 
1106.2604 352.11310405 
1106.7532743 352.39600262 
1107.3395898 352.72972944 
1108.0049709 353.10765717 
1108.5317311 353.40601974 
1108.9866137 353.66349535 
1109.6632906 354.04473287 
1110.2516606 354.37624396 
1110.7332413 354.64586985 
1111.443804 355.04367868 
1111.7005102 355.18733179 
1112.4562538 355.60723534 
1113.0631078 355.94426307 
1113.5128577 356.19288798 
1114.1495029 356.44795668 
1114.7029622 356.7551492 
1115.4576806 357.16730489 
1116.0943139 357.51426586 
1116.6159427 357.79824299 
1117.17043 358.09989935 
1117.7875543 358.43359598 
1118.3492298 358.73745923 
1118.9304153 359.05126603 
1119.4048106 359.30761576 
1120.1944429 359.73302139 
1120.7715215 360.04351162 
1121.2489977 360.29985844 
1121.7100447 360.54736577 
1122.6259785 361.03463733 
1123.1671325 361.22006066 
1123.9269878 361.62667793 
1124.4424577 361.89959202 
1125.0164571 362.2045509 
1125.7598839 362.59900776 
1125.9837334 362.71834041 
1126.9325272 363.2210786 
1127.4479975 363.49399335 
1128.2448205 363.91496551 
1128.8999404 364.26191033 
1129.4626456 364.55802521 
1130.1321415 364.91159792 
1130.7410544 365.23312817 
1131.1712982 365.45963447 
1131.9249926 365.87511785 
1132.694109 366.15440826 
1133.4005732 366.51569271 
1133.9581453 366.80627844 
1134.4736173 367.07476618 
1134.9931966 367.34546397 
1135.9820407 367.85923476 
1136.4892983 368.1233031 
1137.1813868 368.4823896 
1137.8467774 368.82932604 
1137.8262407 368.81827641 
1139.0871975 369.47458109 
1139.7649108 369.82593359 
1140.4220873 370.1684509 
1140.7188437 370.3220291 
1141.6696963 370.81591397 
1142.4244332 371.13175796 
1143.0528592 371.45548508 
1143.7007949 371.79137025 
1144.2727446 372.08747891 
1144.8970633 372.41121084 
1145.6168782 372.78355617 
1146.1600767 373.06530285 
1146.7874761 373.39124629 
1147.4117951 373.71497888 
1148.1480398 374.09727188 
1148.4797095 374.26852844 
1149.0270158 374.55248571 
1149.9521998 375.0320082 
1150.630942 375.38336272 
1151.3209802 375.73691985 
1151.9227157 376.00310661 
1152.5614115 376.33346825 
1153.2935501 376.71244577 
1153.8973335 377.02513031 
1154.2392722 377.20191255 
1155.1182497 377.65602151 
1155.6316713 377.92119462 
1156.1738447 378.20073041 
1156.913172 378.5830229 
1157.6268283 378.95205695 
1158.1905656 379.24374904 
1158.9196248 379.62051726 
1159.5901542 379.96634731 
1160.2216635 380.29339714 
1160.8860322 380.63480548 
1161.5442438 380.94522082 
1162.0956594 381.23139108 
1162.6583704 381.52308531 
1163.3052829 381.85786978 
1163.9409004 382.18602345 
1164.7325983 382.59594194 
1165.1227997 382.79813936 
1166.0212899 383.2633033 
1166.073659 383.2909269 
1167.1970288 383.87210528 
1167.9548416 384.26434611 
1168.5504127 384.57261443 
1169.1490645 384.88198683 
1169.8041929 385.22119304 
1170.3422607 385.50073635 
1171.1842763 385.93164005 
1171.6196597 386.15704122 
1172.4544869 386.59016712 
1173.0059041 386.87633992 
1173.7524227 387.26305872 
1174.3325919 387.56470174 
1175.0298219 387.92711534 
1175.6366894 388.24201649 
1176.1172547 388.49062125 
1176.6984512 388.79226378 
1177.6010515 389.26074925 
1177.1071371 389.00440814 
1178.9297947 389.95021864 
1179.2963799 390.14137161 
1180.3591694 390.69383375 
1180.9598781 390.9954571 
1181.5985785 391.33025509 
1181.931278 391.50372953 
1183.0156315 392.07167032 
1183.2631024 392.20094808 
1184.3433487 392.76889373 
1184.9923181 393.11032479 
1185.6731198 393.46943715 
1186.2286459 393.76225156 
1187.0234282 394.1821385 
1187.5984644 394.48711147 
1188.3490922 394.88490193 
1189.0073034 395.23518157 
1189.4683594 395.48048782 
1190.3483705 395.95010863 
1191.083596 396.34016595 
1191.8177942 396.73465309 
1192.0437014 396.85620412 
1192.1802724 396.93024081 
1193.6353198 397.71590837 
1194.3530884 398.1048776 
1194.8480304 398.3745068 
1195.5781213 398.7712136 
1196.2024466 399.11156601 
1196.9787458 399.53590385 
1197.5671314 399.85747245 
1198.183242 400.19451246 
1198.8568562 400.56470731 
1199.6044039 400.97468294 
1200.1999774 401.3039947 
1200.9639573 401.70620395 
1201.6724846 402.09850629 
1202.3173469 402.45766041 
1202.9108668 402.78808209 
1203.6070717 403.17707629 
1204.2601491 403.54175814 
1204.4511433 403.64895353 
1205.143241 404.03684527 
1206.1105349 404.57945288 
1206.7862032 404.95850493 
1207.4269587 405.31766465 
1207.9219012 405.59615364 
1208.5564958 405.9519986 
1209.0216597 406.2139114 
1209.776396 406.63827556 
1210.3596521 406.93771003 
1211.2098855 407.41954755 
1211.9060916 407.81186559 
1212.413357 408.09698567 
1213.0500058 408.45615113 
1213.7246483 408.83631335 
1214.9969196 409.55353907 
1215.4713258 409.82208647 
1215.4343588 409.80330306 
1215.172511 409.65632256 
1214.9722745 409.5436001 
1215.1211683 409.62758969 
1215.903631 410.06742728 
1217.6071823 411.02446071 
1219.2316666 411.93729089 
1219.4452612 411.99464365 
1219.7030088 412.08959375 
1220.1363458 412.30393468 
1220.7103596 412.61445244 
1221.3901378 412.99793301 
1222.138714 413.43005732 
1222.9222024 413.88982452 
1223.7046635 414.35291442 
1224.4511848 414.79611285 
1225.1268536 415.19620561 
1225.6967572 415.52997847 
1226.1311172 415.77753333 
1226.7482589 416.12011542 
1227.4044212 416.48480056 
1227.9866501 416.80638302 
1228.5637547 417.05490034 
1229.2301868 417.41957555 
1229.7436169 417.7002646 
1230.4038881 418.06051789 
1231.0015212 418.38540685 
1231.5406233 418.67824864 
1232.1341494 418.99871353 
1232.7420515 419.32802103 
1232.6907084 419.3003949 
1233.8695464 419.93579812 
1234.5205774 420.28609778 
1234.9590477 420.52257882 
1235.6819592 420.91266257 
1236.1779342 421.17897804 
1236.8094551 421.51933395 
1237.3229023 421.68599038 
1237.9441553 422.01749996 
1238.3692771 422.24513812 
1239.1106734 422.64073986 
1237.906162 421.99207446 
1235.5392415 420.7201668 
1233.2318805 419.48030785 
1232.2060449 418.92999859 
1233.6816462 419.72341996 
1238.8806557 422.51808134 
1243.3054162 424.89614867 
1243.8383594 425.18235674 
1244.5725681 425.5790746 
1245.2010098 425.91832875 
1245.349907 425.98682045 
1245.9023689 426.22761701 
1246.8132067 426.66512113 
1247.7671671 427.16900985 
1248.3288634 427.46958262 
1248.8268941 427.7358987 
1249.4347996 428.06188913 
1250.1505263 428.44534182 
1250.7224917 428.75144047 
1251.286242 429.05422614 
1251.9629482 429.41668322 
1252.5605856 429.73604203 
1253.1263902 430.03882608 
1253.7425113 430.36923788 
1254.2980474 430.6664969 
1254.8125079 430.94829753 
1255.6874151 431.31387786 
1256.3384505 431.6608622 
1256.9063096 431.9636451 
1257.4197446 432.23769744 
1258.209408 432.6576136 
1258.7023058 432.92061555 
1259.4611633 433.32506325 
1259.9766524 433.60022121 
1260.4069113 433.83007248 
1261.2109514 434.25883227 
1261.5837056 434.4577418 
1262.3939072 434.88981721 
1262.8241664 435.11966893 
1263.6569593 435.56500769 
1264.0327937 435.7705573 
1264.6325015 435.98916841 
1265.4447563 436.43120698 
1266.0896325 436.77377169 
1266.8382226 437.17380354 
1267.3865727 437.46664434 
1268.0663628 437.82910299 
1268.6311429 438.13189182 
1269.2020843 438.43799602 
1269.8603101 438.79051258 
1270.4271441 439.09551405 
1270.9703602 439.38725369 
1271.6563117 439.75635002 
1272.2693552 440.08676978 
1272.9152588 440.43487098 
1273.4820931 440.74098032 
1274.2111817 441.07792766 
1274.4011534 441.18070125 
1275.3407434 441.68793694 
1276.0349107 442.06145487 
1276.6212561 442.37861683 
1277.1952792 442.6880413 
1277.8411837 443.03614387 
1278.4542282 443.36656525 
1279.0498163 443.68593288 
1279.6382161 444.00309354 
1280.1290628 444.26720918 
1280.6794685 444.56226532 
1281.3880132 444.94352046 
1281.939446 445.23968301 
1282.7260337 445.66182478 
1283.4797648 446.04303568 
1283.8710051 446.2530017 
1284.6401362 446.66630442 
1285.1648707 446.94810155 
1285.8015348 447.29067984 
1286.288275 447.55147947 
1286.9403426 447.9017927 
1287.3469863 448.12060107 
1288.2619351 448.61125945 
1288.4786066 448.72729329 
