1596.6419751 634.18003183 1592.920418 630.48602691 1592.0611222 633.9495345 
1596.0329822 633.85284316 1592.3136363 630.1566119 1591.4522681 633.61960467 
1595.3942075 633.50907323 1591.6768146 629.81087763 1590.8136172 633.27341487 
1594.7246243 633.14540158 1591.008878 629.44555159 1590.1441393 632.90770425 
1594.0211516 632.76183086 1590.3066967 629.06068439 1589.4407498 632.52253507 
1593.2827626 632.35614773 1589.5691954 628.65411067 1588.7024184 632.1157536 
1592.5053494 631.92724863 1588.7922175 628.22477491 1587.9250335 631.68631588 
1592.0658081 631.68405746 1588.3527964 627.98146329 1587.4855 631.44297613 
1591.6190783 631.43644403 1587.905787 627.73413012 1587.038752 631.19570842 
1591.0871108 631.13908308 1587.3735318 627.43705786 1586.5067658 630.89870355 
1590.4637456 630.77869444 1586.746363 627.08048858 1585.8831559 630.54302343 
1589.7314836 630.59332544 1586.0709292 626.83886121 1585.1550204 630.28782993 
1589.1707595 630.29156112 1585.5112367 626.53609146 1584.5943805 629.98480844 
1588.8791013 630.13238526 1585.2192742 626.377212 1584.3026974 629.82600323 
1588.2002771 629.7609736 1584.5385768 626.007627 1583.6237209 629.45687515 
1588.0205582 629.66259368 1584.3579358 625.91014684 1583.4439275 629.35961966 
1587.3324915 629.28676171 1583.6692222 625.53494639 1582.7558086 628.98457674 
1586.6413437 628.9109326 1582.9765362 625.16061988 1582.0645373 628.61062453 
1586.1114297 628.62242807 1582.445125 624.87357891 1581.5345037 628.32394741 
1585.7109133 628.40466851 1582.0428833 624.65750746 1581.1338504 628.10829479 
1585.0978151 628.07195069 1581.4289976 624.32556066 1580.52069 627.77653897 
1584.6017911 627.80223853 1580.9316889 624.05710704 1580.0245649 627.50839667 
1584.1971668 627.58337564 1580.526026 623.83926225 1579.6198593 627.29080336 
1583.5142351 627.21418318 1579.8417581 623.47138041 1578.9368234 626.92324475 
1583.0777757 626.97431249 1579.4036762 623.23310236 1578.5002383 626.68535873 
1582.6731613 626.69566502 1578.9984196 622.95508574 1578.0955744 626.40749716 
1581.8186823 626.50597537 1578.1695562 622.74040257 1577.2431688 626.18657154 
1581.3206036 626.24290846 1577.6714144 622.47739674 1576.7450848 625.92358121 
1580.8677118 626.00194524 1577.2171828 622.23773245 1576.2920796 625.68424636 
1580.3203391 625.71124288 1576.6685518 621.94825081 1575.744601 625.39507384 
1579.8222608 625.44706917 1576.1690522 621.68545684 1575.2464035 625.13262864 
1579.2954276 625.16742061 1575.6409159 621.40707433 1574.7194616 624.85456562 
1578.8918301 624.95409343 1575.2367492 621.1943004 1574.3158169 624.64193114 
1578.1986285 624.5871257 1574.5417705 620.82906111 1573.6224682 624.27712686 
1577.6697413 624.30858642 1574.0117446 620.55163017 1573.0934872 623.99997434 
1577.2240384 624.07315335 1573.5652111 620.31700605 1572.6477162 623.76555317 
1576.6674232 623.78024562 1573.007648 620.0250219 1572.0910235 623.47380049 
1576.1868035 623.5271289 1572.5263553 619.77256118 1571.610349 623.221504 
1575.7205614 623.28174974 1572.0594735 619.52780575 1571.1440549 622.97690459 
1575.1403253 622.98222004 1571.4787834 619.22871892 1570.563782 622.67792846 
1574.783973 622.76774561 1571.1216909 619.01496664 1570.2073697 622.46435656 
1574.0137275 622.49827296 1570.3551636 618.741869 1569.4374269 622.19035176 
1573.5608355 622.26395397 1569.9015613 618.50824199 1568.9844768 621.95689825 
1573.0298947 621.98652468 1569.3695918 618.23181533 1568.453452 621.6807227 
1572.4732799 621.69583223 1568.8127954 617.94129985 1567.8968224 621.39025151 
1572.0214154 621.46040553 1568.3609224 617.70588146 1567.4449572 621.15483519 
1571.6547892 621.26808303 1567.9941332 617.5137179 1567.0783178 620.96271141 
1570.9749387 620.91439148 1567.3149432 617.15938239 1566.3985211 620.60821472 
1570.4686452 620.65133409 1566.8096436 616.89535657 1565.8923087 620.34394627 
1569.8647902 620.33743357 1566.2067182 616.58055065 1565.28853 620.02891322 
1569.500218 620.1473239 1565.8425584 616.39003951 1564.9239917 619.83830129 
1568.9682506 619.87100359 1565.3110042 616.11331702 1564.3920583 619.56147777 
1568.4876315 619.6212099 1564.831039 615.86288698 1563.9114931 619.31088777 
1567.9186935 619.32610076 1564.2625349 615.5673558 1563.342591 619.01525042 
1567.3877533 619.05088706 1563.7315258 615.29220902 1562.811645 618.74012049 
1566.8516782 618.77346369 1563.1965504 615.01371625 1562.2756611 618.46135848 
1566.1184192 618.43753401 1562.4993361 614.64307786 1561.5455887 618.08177531 
1565.6501244 618.19215873 1562.03091 614.39782777 1561.0772816 617.8365582 
1565.2578248 617.98657405 1561.6381417 614.1926903 1560.6849382 617.63153853 
1564.5851648 617.63398531 1560.9649583 613.84060092 1560.0122292 617.27958061 
1564.0881151 617.3742427 1560.4675093 613.58123951 1559.5151423 617.02031949 
1563.6917076 617.16866187 1560.0708575 613.37589185 1559.1187119 616.81503316 
1563.2870848 616.9564455 1559.665415 613.16445814 1558.7140128 616.60380516 
1562.527133 616.56075537 1558.9042286 612.76994752 1557.9539464 616.20960416 
1563.1289329 616.87244145 1559.5058418 613.0818121 1558.5557291 616.52151555 
1561.4909285 616.02248667 1557.8678656 612.23183031 1556.9177272 615.67152667 
1561.077063 615.80695736 1557.4534853 612.01679319 1556.5038142 615.4566186 
1560.863455 615.69643073 1557.2393245 611.90679507 1556.2901551 615.34675894 
1559.6023464 615.0421105 1555.9780055 611.25267612 1555.0290271 614.69269269 
1559.4174932 614.94705872 1555.793152 611.15762461 1554.8441739 614.59764126 
1558.9214711 614.68953061 1555.2892366 610.90766163 1554.3474331 614.34964945 
1558.323779 614.38448482 1554.7721136 610.52685175 1553.7579267 613.94821097 
1557.8729439 614.14684581 1554.321943 610.28860105 1553.3071667 613.70978553 
1557.2978467 613.84399484 1553.7464076 609.98615341 1552.7320199 613.40745313 
1556.788475 613.57540758 1553.2368864 609.7177038 1552.2226313 613.13904283 
1556.3016965 613.3189791 1552.7499489 609.46142164 1551.7358348 612.88280245 
1555.8549692 613.08465828 1552.3030799 609.22723137 1551.2890916 612.64864945 
1555.2490637 612.76522783 1551.6970294 608.90793445 1550.6831696 612.32939064 
1554.7150452 612.48448417 1551.1626355 608.62753647 1550.1491087 612.04909131 
1554.2991272 612.2645294 1550.7465852 608.40770362 1549.7331758 611.82929325 
1553.6932218 611.94620649 1550.1402168 608.08980713 1549.1272182 611.51151837 
1553.1941202 611.6831467 1549.6409878 607.82686481 1548.6281022 611.24860954 
1552.6662638 611.40571951 1549.1131311 607.54943788 1548.1002458 610.97118269 
1553.023645 611.59472563 1549.4707652 607.73821098 1548.4576555 611.15988934 
1551.5653649 610.8276554 1548.0117362 606.97183087 1546.9992911 610.39370593 
1551.2038756 610.63976023 1547.6511213 606.78312989 1546.6379002 610.20477527 
1550.5271046 610.32150022 1547.0255902 606.41828907 1545.9672718 609.82625564 
1550.0084916 610.04627982 1546.5078762 606.14226239 1545.448773 609.54998513 
1549.5350649 609.79426961 1546.0343049 605.89038192 1544.9753279 609.29814391 
1549.1499564 609.58978856 1545.64919 605.68590657 1544.5902186 609.09367029 
1548.387955 609.1863551 1544.8869745 605.28266508 1543.82819 608.69048686 
1547.96793 608.96419084 1544.4666583 605.06076196 1543.408128 608.46866271 
1547.4174817 608.67239204 1543.9157237 604.76939952 1542.857618 608.17743215 
1546.9491901 608.42369925 1543.4473679 604.52076426 1542.3893182 607.92881427 
1546.7160713 608.29990556 1543.2137556 604.39741341 1542.1561369 607.80559719 
1545.8955341 607.86441762 1542.3927218 603.96237125 1541.3355368 607.37068961 
1545.3563824 607.5803593 1541.8537363 603.67816376 1540.7964062 607.08643709 
1544.7566407 607.26314051 1541.2541698 603.36078765 1540.1966866 606.7690135 
1544.2267319 606.98350285 1540.723748 603.08161043 1539.6667129 606.48997525 
1543.6814187 606.69612896 1540.1807877 602.79212553 1539.1216981 606.19985251 
1543.235719 606.46955963 1539.7588766 602.54435549 1538.6790983 605.94558363 
1542.6544617 606.16893205 1539.1998647 602.22413547 1538.100876 605.6192051 
1542.0701253 605.85612894 1538.616978 601.91006334 1537.5167419 605.30472894 
1541.4775736 605.53779757 1538.0242003 601.59192974 1536.9241586 604.98665835 
1540.9651243 605.26257382 1537.5112338 601.31715874 1536.4116371 604.71203153 
1540.4906722 605.00835216 1537.0367586 601.06295727 1535.9371818 604.45783649 
1539.9053094 604.69444339 1536.4514981 600.7489589 1535.3518332 604.14380959 
1539.3795098 604.41258899 1535.9258474 600.46697424 1534.8260545 603.86178345 
1538.8177671 604.11083809 1535.3639857 600.16532749 1534.2642952 603.56016987 
1538.5158434 603.94835641 1535.0620602 600.00284731 1533.9623712 603.39769016 
1537.7908157 603.55817947 1534.3370507 599.61265443 1533.237346 603.00749221 
1537.3060945 603.29843189 1533.8523483 599.35289044 1532.7526275 602.747723 
1536.7073819 602.97678583 1533.2536355 599.03124459 1532.1539149 602.42607721 
1536.2493618 602.73030045 1532.7956162 598.78475852 1531.6958949 602.17959093 
1535.6732424 602.42081313 1532.2195029 598.47526575 1531.1197763 601.87009642 
1535.094044 602.09804314 1531.6384062 598.15415833 1530.5403134 601.54951784 
1534.5877424 601.91913546 1531.1480235 597.96135914 1530.0362589 601.35226664 
1534.0044335 601.61297629 1530.5664866 597.65366049 1529.4532042 601.04406994 
1533.5577101 601.37312425 1530.1197779 597.41379569 1529.0064829 600.80420101 
1532.9251093 601.0304737 1529.4872218 597.07110632 1528.3738885 600.46149907 
1532.341802 600.71545794 1528.9043449 596.75571699 1527.7906431 600.14598873 
1531.8252465 600.43691851 1528.3879542 596.4770344 1527.2741113 599.86725975 
1531.5828866 600.30538466 1528.1454279 596.34564499 1527.0317275 599.73591714 
1531.0047144 599.99257895 1527.567666 596.03248316 1526.4536143 599.42263992 
1530.2827694 599.6024017 1526.845831 595.64221048 1525.7316851 599.03233629 
1529.9613344 599.42886715 1526.5245618 595.46853211 1525.410274 598.8586113 
1529.1644227 598.99668576 1525.7273737 595.0365905 1524.6133225 598.42674742 
1528.584197 598.68277537 1525.1471002 594.72272166 1524.0330899 598.11289205 
1528.1005046 598.42081459 1524.6633868 594.46077904 1523.5493945 597.85095531 
1527.6537827 598.17653521 1524.2169245 594.21627435 1523.10271 597.60637759 
1527.1659914 597.85700766 1523.7295782 593.89636071 1522.6149828 597.28633875 
1526.4142366 597.63292711 1522.9777512 593.67234279 1521.8632176 597.06234115 
1525.8761153 597.34776539 1522.4396362 593.38717565 1521.3250972 596.77717224 
1525.3985849 597.08912111 1521.9620675 593.12856457 1520.8475613 596.51857194 
1524.7629049 596.74426133 1521.3266438 592.78348243 1520.2119182 596.17341768 
1524.2668897 596.47566954 1520.8313009 592.51430739 1519.7159999 595.90405335 
1523.8129794 596.22918304 1520.3783001 592.26703232 1519.262221 595.65652217 
1523.2224853 595.90864037 1519.7883248 591.94603999 1518.6718019 595.33538368 
1522.5857788 595.56267498 1519.1520708 591.5996825 1518.0351609 594.98889869 
1522.1452192 595.32281971 1518.7122477 591.35918917 1517.594708 594.74819773 
1521.5372674 594.99232885 1518.1053165 591.02781468 1516.9869043 594.41653543 
1521.0053096 594.70384144 1517.5742661 590.73854186 1516.4550784 594.12700654 
1520.5647503 594.46287935 1517.1345652 590.49683724 1516.0146441 593.8850596 
1519.827404 594.06054072 1516.3986233 590.09328437 1515.2775026 593.48110999 
1519.6589838 593.97654885 1516.2304626 590.00906824 1515.1091204 593.39682053 
1518.7347303 593.49466368 1515.3073298 589.52621485 1514.1850307 592.91365029 
1518.2458813 593.37552899 1514.8173856 589.4080263 1513.6960216 592.79577137 
1517.9326684 593.17320353 1514.5049861 589.20499813 1513.3829276 592.59251327 
1517.0505233 592.69349581 1513.6242851 588.72404347 1512.5009941 592.11115011 
1516.5349975 592.4127447 1513.109802 588.44239258 1511.9856214 591.82920407 
1515.9301278 592.08225259 1512.505861 588.11109946 1511.3808883 591.49764792 
1515.2677494 591.72081235 1511.8443216 587.74893588 1510.7186335 591.1352466 
1514.7368199 591.43011124 1511.314151 587.45758088 1510.187816 590.8436765 
1514.2613455 591.16925322 1510.8395348 587.19598364 1509.7124684 590.58183588 
1513.5979407 590.80560013 1510.1772523 586.83136428 1509.0492297 590.21689807 
1513.2559688 590.61880074 1509.8356392 586.64425608 1508.707311 590.02968801 
1512.5340285 590.22309351 1509.1150095 586.24742141 1507.9855651 589.63248116 
1512.0821743 589.97439326 1508.6638492 585.99812439 1507.533814 589.38298692 
1511.4721709 589.63947842 1508.05502 585.66220052 1506.9239855 589.04672928 
1510.7728239 589.25482284 1507.3570608 585.27635303 1506.2248455 588.660487 
1510.3137803 589.00834363 1506.8985443 585.02942124 1505.7658807 588.41340516 
1509.5866858 588.73664017 1506.1675425 584.76107489 1505.0382039 588.14616992 
1509.0146779 588.43379871 1505.5960688 584.45777415 1504.4662754 587.84271744 
1508.4057024 588.09777665 1504.9882069 584.12079478 1503.8574656 587.50542152 
1507.8532087 587.79270378 1504.4367081 583.81486722 1503.3051202 587.19921102 
1507.3530892 587.51526235 1503.9375954 583.53656123 1502.805151 586.92061852 
1506.8201076 587.22013642 1503.4053011 583.24084541 1502.2722722 586.62470705 
1506.5489955 587.07091695 1503.1348597 583.09105048 1502.0012605 586.47472112 
1505.6730166 586.58456537 1502.2600003 582.6037388 1501.1254495 585.98709046 
1505.247864 586.34802097 1501.8354191 582.36670465 1500.7003828 585.74989347 
1504.5659769 585.9688873 1501.1544122 581.98681674 1500.018628 585.36975457 
1504.0555887 585.68481304 1500.6448352 581.70204756 1499.5083619 585.08475394 
1503.5575238 585.40737061 1500.1475566 581.42393195 1499.0104155 584.80641393 
1502.8746103 585.02602411 1499.4658205 581.04157783 1498.3276799 584.42372359 
1502.2461246 584.67562854 1498.8384718 580.69020978 1497.6993662 584.07203065 
1501.7963264 584.42249999 1498.3893233 580.43652591 1497.2496665 583.81816109 
1501.1431684 584.22269617 1497.7369536 580.23604841 1496.596628 583.61745815 
1500.5773251 583.91431567 1497.1720293 579.92688279 1496.0309243 583.30802956 
1500.1449847 583.67335017 1496.7403725 579.68533364 1495.5986879 583.06628475 
1499.5031495 583.31411034 1496.099805 579.32501189 1494.9570459 582.70559996 
1498.9424424 583.00019 1495.5396965 579.01058093 1494.3964302 582.3909975 
1498.3344962 582.66084833 1494.9328674 578.67028677 1493.7886547 582.05038314 
1497.7049846 582.30824069 1494.3045702 578.31664429 1493.1593291 581.69639234 
1497.1042273 581.97221427 1493.7043463 577.98016351 1492.5586536 581.35975849 
1497.3589073 582.11480463 1493.9587198 578.12301494 1492.8132865 581.50269788 
1496.0567534 581.38527208 1492.6580699 577.39220172 1491.5113636 580.77145291 
1495.5597169 581.10672335 1492.1614622 577.1132881 1491.014393 580.49241615 
1495.0020913 580.79390834 1491.604563 576.79985511 1490.4568792 580.17877448 
1494.5286741 580.53083835 1491.1321044 576.53596984 1489.9836098 579.91461367 
1494.1250903 580.29538374 1490.7282496 576.30074561 1489.5799842 579.67946733 
1493.2583637 579.77138629 1489.859096 575.77881336 1488.7128842 579.15823232 
1492.4829924 579.56615945 1489.0982689 575.56124908 1487.939773 578.93647669 
1491.8493729 579.21909277 1488.464922 575.21395203 1487.3061964 578.58910076 
1491.4231952 578.98144476 1488.0383603 574.97662863 1486.8799584 578.35188848 
1490.7577421 578.6100503 1487.3724813 574.60559409 1486.2144383 577.9809771 
1490.2031977 578.30166219 1486.817696 574.29740965 1485.659856 577.67286232 
1489.6281148 577.98111436 1486.2422948 573.97713099 1485.0847232 577.35267569 
1489.4196473 577.8650542 1486.0338035 573.86109094 1484.8762519 577.23664253 
1488.422495 577.30906966 1485.0362479 573.30544745 1483.8790364 576.68111562 
1487.8874629 577.01062863 1484.5008491 573.00731659 1483.3439468 576.38309073 
1488.0784725 577.11674028 1484.6917123 573.11355208 1483.5349334 576.48936852 
1486.8523147 576.43253656 1483.4653732 572.42950177 1482.3087472 575.8053706 
1486.2238321 576.0810383 1482.8365324 572.07830659 1481.6802085 575.4542789 
1485.647723 575.75938528 1482.2599745 571.7570335 1481.1040292 575.13313548 
1485.0366983 575.41894282 1481.6490059 571.41654351 1480.4930132 574.79262927 
1484.4523736 575.09508328 1481.0644355 571.09289194 1479.9086501 574.46904866 
1484.0919106 574.95701862 1480.7062838 570.95287187 1479.5485493 574.32836072 
1483.1584118 574.55044095 1479.7769374 570.54278689 1478.6157046 573.91707384 
1482.529929 574.20447934 1479.1485034 570.19678412 1477.9872295 573.57105694 
1482.0164631 573.91930569 1478.6345579 569.91201523 1477.4736879 573.28642701 
1481.5204552 573.64408048 1478.138363 569.63694773 1476.9776504 573.01141365 
1480.9494813 573.3268525 1477.5672046 569.31987559 1476.4066474 572.69439498 
1480.2521951 572.93888306 1476.8694649 568.93228895 1475.7092897 572.30693966 
1479.7448912 572.65702571 1476.3622021 568.65039691 1475.2019923 572.02503573 
1479.0938171 572.29558577 1475.7111841 568.28890957 1474.5509269 571.66353212 
1478.8196266 572.14305101 1475.4365511 568.13674841 1474.2766667 571.51149909 
1477.9939746 571.68323549 1474.6104324 567.67732707 1473.4509412 571.05221286 
1477.5421255 571.43122072 1474.1584645 567.42541264 1472.9990733 570.80033281 
1476.8017088 571.02004183 1473.4180455 567.01423567 1472.2586563 570.3891565 
1476.270786 570.72492119 1472.8872081 566.71904293 1471.727747 570.09393905 
1475.7491122 570.39325706 1472.3632648 566.38929687 1471.2057163 569.76484951 
1475.0158492 570.2112476 1471.6423832 566.19685014 1470.4744157 569.56881187 
1475.570391 570.52073914 1472.1974407 566.50590835 1471.02904 569.87772001 
1473.8831449 569.59007216 1470.5102838 565.57516649 1469.3418082 568.94695221 
1473.4949655 569.37564262 1470.1221059 565.36073564 1468.9536291 568.73252092 
1472.7411994 568.95894155 1469.3683388 564.94403536 1468.1998628 568.3158209 
1472.2708658 568.69919477 1468.898025 564.68427201 1467.7295323 568.05605181 
1471.5530422 568.3034968 1468.1802811 564.28850707 1467.0117215 567.66026367 
1471.0139047 568.00506348 1467.6414126 563.98984774 1466.4726271 567.36152603 
1470.4090436 567.6712621 1467.0365301 563.65606442 1465.8677626 567.02774896 
1469.8298558 567.35183014 1466.457714 563.33632028 1465.2886344 566.70789661 
1469.2219143 567.01581763 1465.8497407 563.00033438 1464.6806878 566.37191994 
1469.7107322 567.28551108 1466.3380685 563.27043954 1465.1694271 566.64216779 
1468.1148857 566.4045858 1464.7433006 562.38860846 1463.5737536 565.76002268 
1467.4360864 566.02988895 1464.0648218 562.01364259 1462.8950057 565.38496347 
1467.0417458 565.81435899 1463.6705236 561.79807699 1462.500672 565.16938551 
1466.2520183 565.50840563 1462.8796337 561.49309958 1461.7107579 564.86474656 
1465.7488233 565.23429754 1462.3768881 561.21861415 1461.207635 564.59013031 
1465.2476829 564.95686631 1461.8761691 560.94082913 1460.7065623 564.31222259 
1464.5072686 564.54790566 1461.1371134 560.53072828 1459.9663662 563.90172592 
1463.9486206 564.23842057 1460.5792157 560.22061381 1459.407839 563.59139273 
1463.2985761 563.87919845 1459.9299066 559.86077512 1458.757913 563.23133961 
1462.7697091 563.58629333 1459.4016868 559.56732756 1458.2291504 562.93770327 
1462.2829462 563.31659948 1458.9157435 559.29694694 1457.7425198 562.66708345 
1461.7171099 563.00380013 1458.350863 558.98334719 1457.1768381 562.35320469 
1461.1327892 562.67994657 1457.7675711 558.65863247 1456.592684 562.02818947 
1460.7025075 562.44120093 1457.3378718 558.41939947 1456.1624967 561.78878628 
1459.9179365 562.00681827 1456.5546138 557.98391876 1455.3781389 561.35292173 
1459.1744428 561.5945408 1455.8119598 557.5709394 1454.6347818 560.93969675 
1458.7410804 561.35469123 1455.3792104 557.33057761 1454.2015193 560.69915557 
1458.3508585 561.07715987 1454.9900291 557.05217717 1453.811467 560.42045053 
1457.4512485 560.73366794 1454.0902215 556.70885022 1452.9118247 560.07718143 
1456.7714227 560.36893935 1453.4111557 556.34348714 1452.232123 559.7115958 
1456.1295955 560.01081886 1452.7701075 555.98471644 1451.5904231 559.35259688 
1455.6079183 559.72012306 1452.2490391 555.69351281 1451.0688455 559.06121486 
1455.0636489 559.41726971 1451.7055789 555.38998453 1450.5247085 558.75744934 
1454.3406951 559.01383197 1450.9834153 554.98588804 1449.8018843 558.35312111 
1453.8220991 558.72424087 1450.4652922 554.69590285 1449.2833659 558.0629972 
1453.5561261 558.57613012 1450.1995414 554.54760693 1449.0174293 557.91463606 
1453.0508801 558.29427682 1449.6949363 554.26521977 1448.5122887 557.63206083 
1452.3094421 557.88089257 1448.9543058 553.85116302 1447.7709834 557.217767 
1451.3800777 557.36139713 1448.0253585 553.33132026 1446.8416877 556.69780171 
1450.7865168 557.02980482 1447.4319074 552.99963661 1446.2481449 556.36608584 
1450.1487984 556.67389648 1446.7942283 552.64369561 1445.610433 556.01013331 
1449.6137723 556.37546444 1446.2597572 552.3448016 1445.0754983 555.71107623 
1448.945247 555.99854938 1445.5909669 551.96810713 1444.4069294 555.33445964 
1448.2417864 555.73237942 1444.8894374 551.70033082 1443.7037874 555.06611574 
1447.6081757 555.38200366 1444.2560695 551.34975319 1443.0702168 554.71546671 
1446.9951041 555.03935903 1443.642958 551.00714162 1442.4571386 554.37286684 
1446.4457016 554.73208395 1443.0933705 550.70002044 1441.9077056 554.0658001 
1445.8285225 554.38722917 1442.4762243 550.35513827 1441.2905319 553.72090823 
1445.2103165 554.0423755 1441.8580284 550.01027615 1440.6723275 553.37604312 
1444.9433173 553.89315956 1441.591107 549.86099559 1440.4053412 553.2267397 
1444.0981622 553.42119589 1440.7459498 549.38903361 1439.5601857 552.75477833 
1443.5795679 553.13049999 1440.2273556 549.09833769 1439.0415914 552.4640824 
1442.8165666 552.70496031 1439.4643543 548.67279797 1438.2785901 552.03854266 
1442.1850112 552.35236989 1438.8327989 548.32020755 1437.6470347 551.68595225 
1441.6838748 552.07162244 1438.3315665 548.03953992 1437.1458825 551.40531285 
1440.9557894 551.66376517 1437.6029786 547.63210056 1436.4177141 550.99802126 
1440.5090798 551.41396725 1437.1561808 547.38237596 1435.9709899 550.74832258 
1440.1106351 551.1929101 1436.7581301 547.16099116 1435.5726103 550.52682194 
1439.1175896 550.73769192 1435.766459 546.70463064 1434.5797921 550.07005719 
1438.5075995 550.40168948 1435.1564695 546.36862765 1433.9698021 549.734054 
1437.9530641 550.08999269 1434.6016702 546.05715012 1433.415223 549.4226541 
1437.3913404 549.77387417 1434.0396512 545.74127699 1432.8534504 549.10686784 
1436.7844322 549.43344083 1433.4325949 545.40096683 1432.2465178 548.76660126 
1436.3274541 549.17701046 1432.9752955 545.14480354 1431.7894865 548.51053247 
1435.6620121 548.80231068 1432.3097114 544.77022191 1431.1240211 548.13599263 
1434.923659 548.38782208 1431.5710774 544.35596686 1430.3856215 547.72182017 
1434.4492236 548.12144412 1431.0966832 544.08955455 1429.9111929 547.45539571 
1433.7878894 547.75006246 1430.4354559 543.71808412 1429.2498764 547.0838939 
1433.1871436 547.41183861 1429.8347109 543.37985961 1428.6491308 546.74566915 
1432.6490397 547.10898488 1429.296607 543.07700588 1428.1110269 546.44281542 
1431.9702486 546.72654867 1428.6178156 542.69456983 1427.4322357 546.06037944 
1431.4372794 546.42701184 1428.0848352 542.39504238 1426.8992647 545.7608553 
1430.8714489 546.1097916 1427.5186761 542.07809534 1426.3333799 545.44400486 
1430.4729843 546.02601997 1427.1180774 541.99609939 1425.9345634 545.36263599 
1429.5600608 545.48658983 1426.204758 541.45699893 1425.0215748 544.8236518 
1429.0342807 545.18926113 1425.6788514 541.1597755 1424.4957739 544.5264655 
1428.3801363 544.8200886 1425.0235072 540.79160239 1423.8414323 544.15864455 
1427.7249652 544.44981009 1424.3678126 540.42176014 1423.1861753 543.7889559 
1427.1755662 544.14032539 1423.8181236 540.11251713 1422.6367287 543.47979794 
1426.604602 543.81868247 1423.2465988 539.79134158 1422.0656726 543.1587868 
1425.9987231 543.47603678 1422.6399508 539.44933731 1421.4596678 542.81700801 
1425.4133825 543.14555052 1422.0543736 539.11904841 1420.8742884 542.48678845 
1425.182327 543.0151246 1421.8225784 538.9892397 1420.643112 542.3571965 
1424.4070076 542.57742413 1421.046992 538.55176207 1419.867749 541.9197971 
1423.8411786 542.25799137 1420.480353 538.23300547 1419.3017877 541.60127771 
1423.1100167 541.84571413 1419.7486067 537.82121626 1418.5705305 541.18965959 
1423.0329987 541.79928656 1419.6710908 537.77520465 1418.4934313 541.14379373 
1422.1776057 541.15241437 1418.8014351 537.14029119 1417.6357402 540.51303925 
1421.5172718 540.97146126 1418.1555172 536.94725124 1416.9777294 540.31579543 
1420.7665763 540.6964868 1417.4170134 536.66212334 1416.2290386 540.02708841 
1420.2890625 540.42568614 1416.9393236 536.39146881 1415.7514956 539.75648571 
1419.5055284 539.98688787 1416.157719 535.95106919 1414.968282 539.31551769 
1418.9284038 539.66303836 1415.5815612 535.62641789 1414.3913184 538.99058139 
1418.3779792 539.35355672 1415.0319818 535.31623567 1413.8410346 538.68014992 
1418.0021295 539.14244647 1414.6566989 535.10465577 1413.4652796 538.4684028 
1417.3582562 538.77991025 1414.0136673 534.74142227 1412.8215468 538.10492088 
1418.2793955 539.29939956 1414.9330337 535.26238051 1413.7423902 538.62640223 
1416.0263526 538.03052285 1412.6841793 533.99003558 1411.4900477 537.35282072 
1415.4338254 537.69561736 1412.092913 533.65408734 1410.8977321 537.01649967 
1415.0415456 537.4745588 1411.7015773 533.43224856 1410.5056111 536.79438165 
1414.3832961 537.10317986 1411.0445672 533.05984593 1409.8475704 536.42161223 
1413.8236308 536.78374381 1410.485817 532.73965439 1409.2880594 536.10114972 
1413.427255 536.48519043 1410.0887287 532.44168919 1408.8915634 535.8033955 
1412.5338111 536.19374542 1409.2009159 532.14560145 1407.9990729 535.50563826 
1412.0388395 535.92296283 1408.7068738 531.87405372 1407.5042594 535.23381449 
1411.4452861 535.58695219 1408.1140622 531.5374328 1406.9108323 534.89697322 
1410.7870375 535.21446715 1407.4567098 531.16421071 1406.2527365 534.5234848 
1410.2612604 534.91603563 1406.9316543 530.86518593 1405.7270826 534.22424547 
1409.8597393 534.68834386 1406.530439 530.63724279 1405.3256136 533.99621137 
1409.1162576 534.26722561 1405.7876015 530.21559532 1404.5822421 533.57437232 
1408.5411892 533.94116254 1405.2123764 529.88966091 1404.0071469 533.2484845 
1407.8469995 533.54767664 1404.5161406 529.49785699 1403.3126079 532.85728894 
1407.5687075 533.38961864 1404.2362176 529.34114101 1403.0340382 532.70105748 
1406.7749081 532.93865594 1403.43558 528.89581688 1402.2390814 532.25776055 
1406.2398892 532.63691264 1402.8954807 528.59827526 1401.70321 531.96172061 
1405.56213 532.2555904 1402.2119462 528.22174254 1401.0244894 531.58689042 
1404.9305817 531.90079598 1401.5754538 527.87105942 1400.3921245 531.23766092 
1404.5259842 531.64653697 1401.170171 527.61737115 1399.9874142 530.98417388 
1403.729077 531.37714719 1400.3728687 527.34831037 1399.1904421 530.71522903 
1403.1837882 531.07762851 1399.8235992 527.05211115 1398.6445013 530.42019695 
1402.5409436 530.72173825 1399.1765932 526.69969818 1398.0009792 530.06900162 
1402.1045075 530.48079517 1398.7376849 526.46082432 1397.5641426 529.83084992 
1401.4031292 530.09396075 1398.0319205 526.07766743 1396.8620575 529.44897202 
1401.0868413 529.92043952 1397.7139264 525.90557896 1396.545496 529.27738031 
1400.1913772 529.42861111 1396.8133344 525.4180642 1395.6492138 528.79135598 
1399.6573848 529.13683252 1396.2768725 525.12836683 1395.1148298 528.50237493 
1399.1983567 528.88594713 1395.815996 524.87904105 1394.6555095 528.25358476 
1398.8245621 528.68148084 1395.4405076 524.67600517 1394.281448 528.05103921 
1397.8715912 528.16202935 1394.4836762 524.15981844 1393.3278713 527.53596849 
1397.4084554 527.91114819 1394.0194047 523.90989891 1392.864558 527.28637683 
1396.7471267 527.55084848 1393.3564619 523.55096694 1392.2029776 526.92791054 
1396.0816902 527.1894457 1392.6897571 523.19063969 1391.5373438 526.56794894 
1395.6052039 526.93747038 1392.2122089 522.93956531 1391.0606926 526.3171805 
1395.1184255 526.83275285 1391.7256974 522.83462131 1390.5739556 526.21215962 
1394.2558277 526.33425295 1390.8620453 522.3370163 1389.7111943 525.71485824 
1393.7721543 526.07232065 1390.3777383 522.07562199 1389.2274228 525.4536463 
1393.0071081 525.65897788 1389.6115455 521.66325333 1388.4621993 525.04160755 
1392.5183004 525.39372931 1389.1217746 521.39882349 1387.9732428 524.77745471 
1391.7881693 524.99917511 1388.3909754 521.00483744 1387.2430088 524.38366072 
1391.4800971 524.83339733 1388.0827828 520.83916202 1386.934918 524.21801987 
1390.6883519 524.40568793 1387.2909955 520.41148847 1386.1431663 523.79035843 
1390.1112303 524.09402407 1386.7141093 520.0996244 1385.566081 523.47842671 
1389.476602 523.75141522 1386.0799573 519.75661054 1384.9315261 523.13527595 
1388.9323417 523.45743459 1385.5359444 519.46241944 1384.387304 522.84101369 
1388.3079828 523.11924485 1384.9122491 519.12366569 1383.7630476 522.50206912 
1388.5359559 523.24302721 1385.1401495 519.24750985 1383.9910094 522.62593419 
1387.2276778 522.53570499 1383.8332199 518.53904192 1382.6829398 521.91707829 
1386.4544188 522.11130091 1383.0604812 518.11419606 1381.9097614 521.49208268 
1385.8372274 521.91924591 1382.4445616 517.92106143 1381.2927672 521.29858177 
1385.2909131 521.62858947 1381.899272 517.6295357 1380.7466121 521.00676076 
1384.6172633 521.26498355 1381.2267732 517.26495389 1380.0731414 520.6418471 
1384.2794117 521.08152094 1380.8896074 517.08091015 1379.7353967 520.45760555 
1383.5338789 520.67812696 1380.1457772 516.67607418 1378.9901298 520.05227816 
1383.0882025 520.43608912 1379.700911 516.43335053 1378.5445802 519.8093205 
1382.2964594 520.00727548 1378.9104266 516.00347203 1377.7530344 519.37907825 
1381.8220298 519.74976542 1378.4367452 515.74532937 1377.2787223 519.12071927 
1381.2120491 519.41820671 1377.8277782 515.41291392 1376.6689009 518.7880106 
1380.5199163 519.04133402 1377.1369343 515.03495254 1375.9769712 518.40967617 
1379.9386892 518.7252481 1376.5566832 514.71804258 1375.395898 518.09248352 
1379.4971208 518.48542131 1376.115751 514.477679 1374.9544302 517.85193565 
1378.7936924 518.10302424 1375.4134273 514.09435011 1374.2511765 517.46828654 
1378.428115 517.90408909 1375.0482742 513.89505726 1373.8856664 517.26887067 
1377.5963266 517.43435144 1374.2173032 513.42463071 1373.0540075 516.79820705 
1376.9709214 517.23898526 1373.5898943 513.23095389 1372.428285 516.60511124 
1376.4728724 516.9781774 1373.0916643 512.97029867 1371.9302073 516.34450846 
1375.9563409 516.69635183 1372.5754077 512.68824116 1371.4137193 516.06237126 
1375.2570208 516.31616619 1371.8771067 512.30719613 1370.7145605 515.6810308 
1374.7096822 516.01887047 1371.3300686 512.00964709 1370.1672695 515.38339461 
1374.0329542 515.65084207 1370.6541206 511.64096125 1369.4906652 515.01448249 
1373.9754478 515.61879019 1370.59709 511.60850859 1369.4332344 514.98189178 
1373.0081069 515.09271994 1369.6299263 511.08228908 1368.4659216 514.45562085 
1372.3354868 514.72690237 1368.9578997 510.71597166 1367.7933959 514.08913114 
1371.6710821 514.36550567 1368.2934145 510.3546427 1367.1289783 513.72782554 
1371.2849675 514.15551997 1367.9074944 510.1444932 1366.7428947 513.51761956 
1370.5579221 513.75986244 1367.1816363 509.74783617 1366.0160382 513.12061769 
1370.1872148 513.53325529 1366.8110162 509.52115577 1365.6453449 512.893912 
1369.7497668 513.21924887 1366.3730631 509.20757431 1365.2078164 512.58047723 
1369.0309287 512.88226174 1365.6561231 508.86899041 1364.489281 512.24134177 
1367.925944 512.55339393 1364.5572038 508.53502992 1363.3852695 511.90561505 
1367.0171085 512.25755284 1363.6538045 508.23463768 1362.477314 511.60363517 
1366.3311251 511.98364142 1362.9720771 507.95717193 1361.7920246 511.32492344 
1365.8115111 511.72174938 1362.4556859 507.69259352 1361.2729392 511.05939977 
1365.4007574 511.45975324 1362.0472699 507.42865148 1360.8625704 510.79477109 
1365.0413546 511.1855296 1361.6894688 507.15309588 1360.5034322 510.51874456 
1364.6768206 510.88695412 1361.3259502 506.85367658 1360.1390662 510.21902653 
1364.248619 510.55301158 1360.8983277 506.51925301 1359.7109605 509.88443254 
1363.7012947 510.17157674 1360.3512964 506.13757486 1359.1636848 509.50266815 
1362.9763116 509.73052738 1359.6264705 505.69639495 1358.4387278 509.06144195 
1362.376604 509.39896381 1359.0281752 505.36365908 1357.8392547 508.72829013 
1361.7830578 509.07182299 1358.4363449 505.03509493 1357.245994 508.39922016 
1361.1289247 508.71152661 1357.7831966 504.67398232 1356.5920251 508.0378171 
1360.3104878 508.26392495 1356.9657015 504.22560046 1355.7737455 507.58915733 
1359.5587985 507.8594375 1356.2146569 503.82057913 1355.0221639 507.18394569 
1358.875911 507.49474084 1355.5321675 503.45555287 1354.3393431 506.81880187 
1358.2618253 507.17094203 1354.9182835 503.1315871 1353.7252911 506.49477653 
1357.7175686 506.88471866 1354.3740823 502.84531784 1353.1810437 506.20849089 
1357.2451951 506.6360687 1353.9016681 502.59670149 1352.7086633 505.95988655 
1356.8447047 506.42388498 1353.5010912 502.38458935 1352.3081585 505.74779995 
1356.5171249 506.24484508 1353.1734295 502.20561732 1351.980565 505.56885212 
1355.8989346 505.90112255 1352.5547205 501.86232421 1351.3622879 505.22571217 
1355.431698 505.64028961 1352.08659 501.60223161 1350.8949019 504.96588344 
1354.9798646 505.38940611 1351.634105 501.35188801 1350.4429598 504.71573211 
1354.5085206 505.12636306 1351.1622686 501.08925297 1349.9715336 504.45324229 
1353.9827511 504.83348001 1350.6360833 500.79671468 1349.4456948 504.16082666 
1353.3645613 504.48975816 1350.0174711 500.453343 1348.8274346 503.81757951 
1352.6210907 504.0753009 1349.2734889 500.03931004 1348.0838789 503.40369736 
1352.155908 503.81778804 1348.8078209 499.78219973 1347.6186154 503.14673007 
1351.4894563 503.43536368 1348.1419327 499.39930795 1346.9522574 502.76367222 
1350.7901263 503.15482698 1347.4326466 499.12704961 1346.2512827 502.49434129 
1350.3300778 502.90284517 1346.9718807 498.875666 1345.7911167 502.24316808 
1349.6328181 502.51380828 1346.2741743 498.48700167 1345.0937838 501.85463473 
1350.4974614 502.99568259 1347.1387776 498.96890925 1345.9584205 502.336554 
1348.7240189 502.00651293 1345.3653321 497.97974215 1344.1849775 501.3473878 
1348.0329207 501.6218991 1344.6742424 497.59512123 1343.4938807 500.96276438 
1347.5749271 501.36659447 1344.2162789 497.33979147 1343.0358921 500.70742579 
1346.9998681 501.04497526 1343.6415331 497.01791107 1342.4608843 500.38545358 
1346.4114593 500.71783343 1343.0537975 496.69020797 1341.8725859 500.0575531 
1345.8620728 500.41058238 1342.5046459 496.38276099 1341.3232379 499.75003719 
1345.4194828 500.16412033 1342.0617972 496.13651461 1340.8806054 499.50386669 
1344.8054022 499.82150392 1341.4489762 495.7928485 1340.2667315 499.15983106 
1344.3545973 499.56951437 1340.9986403 495.54046822 1339.8160037 498.90731313 
1343.714845 499.21031614 1340.3592651 495.18095595 1339.1763134 498.54769017 
1343.219889 498.89969171 1339.8644018 494.87025435 1338.6813726 498.23696137 
1342.4733197 498.62031033 1339.1208261 494.58838195 1337.9352968 497.9542094 
1342.0481871 498.38490331 1338.6964169 494.35237347 1337.5102838 497.71798814 
1341.5111241 498.08317701 1338.1598997 494.05019364 1336.9733111 497.41564777 
1340.9483888 497.76819014 1337.5981065 493.73442409 1336.4107318 497.09960096 
1340.3373901 497.42446481 1336.9881961 493.38979505 1335.7999136 496.75465147 
1339.8824784 497.16915872 1336.5349561 493.13310192 1335.3452798 496.49746581 
1339.2273235 496.80111963 1335.8813641 492.76376706 1334.6903854 496.12767009 
1338.6717771 496.4883406 1335.3277187 492.44941336 1334.1351564 495.81275535 
1338.2445918 496.24740064 1334.9016234 492.2075711 1333.7081536 495.57059114 
1337.6849381 495.93130445 1334.3432432 491.89042147 1333.1487135 495.25306519 
1336.9784396 495.53231617 1333.6384947 491.48998667 1332.4425091 494.85211286 
1336.8069493 495.43616233 1333.4679272 491.39307049 1332.2711742 494.75492358 
1335.8529712 494.89791626 1332.5171999 490.85214189 1331.3177451 494.21303195 
1335.274834 494.57076731 1331.9410963 490.52331712 1330.7399526 493.883604 
1334.7963085 494.27562852 1331.4636486 490.22729084 1330.2616102 493.58725779 
1334.195558 494.08467853 1330.8665606 490.03332864 1329.6614841 493.39220716 
1333.6913559 493.80617183 1330.3634555 489.75392074 1329.1574697 493.11247286 
1333.0854934 493.46133629 1329.757535 489.40913286 1328.5515973 492.76770225 
1332.7106804 493.24691755 1329.3809669 489.19615612 1328.1764842 492.55524759 
1331.9980219 492.84240114 1328.6650289 488.79433768 1327.4632671 492.15440352 
1331.5287352 492.57714651 1328.1941082 488.53042901 1326.9937029 491.89097976 
1331.136465 492.35499509 1327.800677 488.30923457 1326.601236 491.67012962 
1330.3971075 491.93721959 1327.0572265 487.89483726 1325.8611877 491.25694453 
1329.8887994 491.64986068 1326.5458628 487.61000487 1325.3523665 490.97301553 
1329.2603455 491.2961911 1325.9130105 487.25997901 1324.7231781 490.6242877 
1328.969737 491.13261892 1325.620162 487.09826555 1324.4321973 490.4632342 
1328.1092073 490.64853439 1324.7541691 486.61872312 1323.5707648 489.98529827 
1327.5998721 490.36339124 1324.2410268 486.33675265 1323.0608048 489.70444475 
1327.154204 490.11361429 1323.7927723 486.08913456 1322.6147143 489.45758425 
1326.6099574 489.79197013 1323.2445587 485.77080721 1322.069823 489.14041699 
1325.9968869 489.5866416 1322.6287368 485.56778293 1321.4563076 488.93819592 
1325.4937118 489.31588558 1322.1216675 485.3002938 1320.952506 488.67184174 
1324.831371 488.94675043 1321.4531697 484.93633699 1320.2891825 488.30967476 
1324.3631113 488.68813901 1320.9802769 484.68163285 1319.8201894 488.05631373 
1323.7284962 488.33669119 1320.3393075 484.33555889 1319.1845773 487.71207666 
1323.3146615 488.10791937 1319.9212566 484.11036227 1318.7700867 487.48809551 
1322.6595085 487.74874198 1319.2598254 483.75652268 1318.1139652 487.13606087 
1322.2384853 487.51887023 1318.8347596 483.53009705 1317.6923236 486.91079432 
1321.622354 487.18179761 1318.2123982 483.19834919 1317.0752475 486.58082792 
1320.9148298 486.79610077 1317.497537 482.81894479 1316.3666232 486.20351391 
1320.5225593 486.5839153 1317.1016024 482.60991055 1315.9738085 485.99552053 
1319.9947401 486.29768474 1316.5694778 482.3273902 1315.4453542 485.71422057 
1319.5603673 486.06339801 1316.1320676 482.09572593 1315.0105362 485.48341559 
1318.8220361 485.66666064 1315.389766 481.70242271 1314.2716267 485.09123347 
1318.243902 485.33730167 1314.8106201 481.37394002 1313.6933458 484.7630361 
1317.7427577 485.23261455 1314.3026388 481.2751858 1313.1912169 484.66620561 
1317.2334207 484.97072337 1313.7909913 481.01530433 1312.6815499 484.40697264 
1316.9890219 484.83921421 1313.5449321 480.88524084 1312.4369149 484.27737466 
1316.0853621 484.35849771 1312.6392677 480.40627132 1311.5329707 483.79896657 
1315.5246823 484.06012192 1312.077998 480.10840997 1310.9722075 483.50127032 
1315.0697719 483.81810624 1311.6228924 479.86656454 1310.5172695 483.2594795 
1314.4012694 483.46226564 1310.954595 479.51054504 1309.8487959 482.90340261 
1313.8816653 483.18599258 1310.4354911 479.23383576 1309.3292626 482.62655334 
1313.4380508 482.95060892 1309.992702 478.9977325 1308.885765 482.39021898 
1312.8116509 482.61687009 1309.3674437 478.66299892 1308.2595271 482.05516562 
1312.3557138 482.37485594 1308.9120067 478.42054927 1307.8036611 481.81257584 
1311.525991 481.93281823 1308.0831654 477.977744 1306.9740637 481.36952342 
1311.6173837 481.98144224 1308.1748821 478.02608601 1307.0655026 481.41777456 
1310.5114293 481.39132062 1307.0711113 477.43406495 1305.95986 480.82514067 
1309.9271322 481.07968381 1306.4874614 477.1218656 1305.3756556 480.51275956 
1309.6354749 481.07664867 1306.1808359 477.13188894 1305.0818833 480.52697029 
1308.8386131 480.65118658 1305.3844991 476.70596719 1304.2850947 480.10090227 
1308.2615044 480.34397166 1304.8088902 476.39743966 1303.7081955 479.79195662 
1307.8538317 480.12626782 1304.4023133 476.1787774 1303.3006763 479.57298864 
1307.3393633 479.85109831 1303.8893977 475.90225068 1302.7864258 479.29602837 
1306.6903732 479.50409778 1303.2423804 475.55352751 1302.1377135 478.94675388 
1306.1522866 479.21677333 1302.7054989 475.26515155 1301.5997971 478.65804082 
1305.5700443 478.90402848 1302.1242552 474.95153595 1301.0176962 478.34414574 
1305.0627645 478.63217379 1301.6180982 474.67870261 1300.5105755 478.07099794 
1304.6160708 478.39236633 1301.1726151 474.43784068 1300.0640539 477.82979675 
1304.0061029 478.06525648 1300.5644964 474.10912138 1299.4543495 477.50055881 
1303.7144685 477.90833124 1300.2734349 473.95169791 1299.1627969 477.34297458 
1302.9319847 477.48839267 1299.493565 473.52948755 1298.3806875 476.92002995 
1302.3569313 477.17896293 1298.9202031 473.21858925 1297.8058773 476.60865591 
1301.8352776 476.88498054 1298.4000352 472.92331806 1297.2844379 476.31296651 
1301.1944845 476.67415024 1297.7646908 472.70776965 1296.6444353 476.09588148 
1300.6728282 476.40009642 1297.2452179 472.43182879 1296.1230979 475.81932356 
1300.108044 476.09508563 1296.6825494 472.12499156 1295.558624 475.51188772 
1299.594604 475.81770256 1296.1710107 471.8459688 1295.0454637 475.23232643 
1299.0719222 475.53479308 1295.6502512 471.56140312 1294.5230657 474.94721571 
1298.4301224 475.18778777 1295.0110457 471.21216521 1293.8816504 474.59724133 
1297.9752149 474.94134692 1294.5578421 470.96425963 1293.4269963 474.34885148 
1297.5408449 474.70595717 1294.1252314 470.72735894 1292.9928889 474.11145035 
1296.9503896 474.38547268 1293.5370847 470.4048936 1292.4027792 473.78832752 
1296.3979289 474.08487915 1292.9866998 470.10252101 1291.8506305 473.48536308 
1295.8187696 473.7688123 1292.4095369 469.78474498 1291.2717722 473.16701723 
1295.2693897 473.47043025 1291.862484 469.48437286 1290.7227445 472.86598017 
1294.7323319 473.1820003 1291.3269629 469.19462996 1290.18592 472.57579769 
1294.2650989 472.95217927 1290.8610745 468.96366101 1289.7188917 472.34444383 
1293.7259831 472.69364406 1290.3242045 468.70321015 1289.1801187 472.08334945 
1293.1344969 472.40416115 1289.7351187 468.41168217 1288.5890003 471.79113281 
1292.508099 472.08149906 1289.1105278 468.08748227 1287.9628803 471.46641395 
1291.8704086 471.73227724 1288.4748265 467.7365692 1287.3254967 471.11492901 
1291.443228 471.49798865 1288.0489191 467.50119904 1286.898513 470.87919253 
1290.9277362 471.21396676 1287.5352029 467.21566991 1286.3832966 470.5931521 
1290.217138 470.82385379 1286.8275173 466.82308743 1285.6731517 470.19972985 
1289.722184 470.55088312 1286.3342533 466.54868554 1285.1784617 469.92484013 
1289.1532951 470.23702203 1285.7665708 466.23380349 1284.6097617 469.60960957 
1288.6378037 469.95300064 1285.251422 465.94949231 1284.094324 469.32519938 
1288.0576192 469.63361536 1284.6717882 465.62964125 1283.5142259 469.00518913 
1287.7115624 469.44242508 1284.3257682 465.43841989 1283.1681749 468.81395713 
1287.8984537 469.54520281 1284.5127424 465.54112747 1283.3550792 468.91664073 
1286.4936891 468.77049829 1283.1089752 464.76557987 1281.9504712 468.14080471 
1286.0849931 468.54504939 1282.7004015 464.54002757 1281.5417945 467.91521702 
1285.4216329 468.17481935 1282.0371992 464.16966411 1280.8784591 467.54480788 
1284.9451524 467.98818737 1281.5596406 463.9839433 1280.4018091 467.35939887 
1284.5364514 467.79816684 1281.150439 463.79434617 1279.9930296 467.1699465 
1283.7550003 467.36826954 1280.3689628 463.36447007 1279.2115745 466.74007764 
1283.2487518 467.08756156 1279.8627423 463.0837384 1278.7053305 466.45933788 
1282.8102768 466.84553587 1279.4243292 462.84166042 1278.2668652 466.21724203 
1282.1684811 466.49078514 1278.7826273 462.48683037 1277.6250842 465.86238486 
1281.6303998 466.19239507 1278.244547 462.18843945 1277.0870031 465.56399364 
1281.1826833 465.94484323 1277.7969493 461.94078707 1276.6393052 465.3163069 
1280.5295923 465.5834614 1277.1440736 461.57922329 1275.986248 464.95468089 
1280.2790355 465.44421232 1276.8935049 461.43998426 1275.7356893 464.81544529 
1279.5602249 465.04636088 1276.1747256 461.0421063 1275.0168836 464.41755827 
1278.9102149 464.68608357 1275.5247458 460.68180349 1274.3668784 464.05724674 
1278.5117887 464.46505428 1275.1263142 460.46077878 1273.9684513 463.83622359 
1277.9531706 464.15450709 1274.5678658 460.15008808 1273.4098599 463.52548381 
1277.434602 463.85609858 1274.0490204 459.8519136 1272.8912479 463.22738938 
1276.8985585 463.67506318 1273.5154845 459.66875934 1272.3555988 463.0435096 
1276.3676675 463.37113153 1272.9847819 459.36466862 1271.8247375 462.73936433 
1275.6755567 462.9854331 1272.2932194 458.97850725 1271.1327132 462.35304416 
1275.2832922 462.76661248 1271.9008511 458.75977427 1270.7404324 462.13434125 
1274.6794925 462.42954001 1271.2966945 458.42300314 1270.1365764 461.79767348 
1274.2718251 462.20187789 1270.8892266 458.19517258 1269.7289405 461.56978515 
1273.7573633 461.91453738 1270.3755256 457.90718998 1269.2145987 461.28158222 
1273.223391 461.61725229 1269.8418175 457.60968182 1268.6806681 460.98399747 
1272.6021349 461.27023361 1269.2207734 457.2624843 1268.0594456 460.63673854 
1272.169823 461.02820377 1268.7891943 457.01983628 1267.6272495 460.39387813 
1271.5834806 460.70107883 1268.203191 456.69242538 1267.0409608 460.06636892 
1271.1378194 460.45241974 1267.7579275 456.44343093 1266.5953626 459.81725914 
1270.7219376 460.21923079 1267.3422896 456.21003637 1266.1795194 459.58379385 
1270.1212194 459.88326355 1266.7418898 455.87380077 1265.5788517 459.2474659 
1269.5800619 459.56495103 1266.2015569 455.55479341 1265.0378251 458.92821931 
1269.0676372 459.39939364 1265.6831519 455.39428206 1264.5244553 458.76944079 
1268.5100478 459.08774055 1265.1255403 455.0826476 1263.9668624 458.4578127 
1267.9627271 458.78161297 1264.5779504 454.77674753 1263.4194994 458.15199051 
1267.5601951 458.55505402 1264.1748278 454.55068782 1263.0168745 457.92610162 
1266.9225102 458.19808911 1263.5357886 454.19486829 1262.3789772 457.57067358 
1266.466581 457.94279841 1263.078227 453.94095918 1261.9227925 457.317236 
1267.1319912 458.31523526 1263.7469632 454.31058227 1262.588724 457.68589795 
1265.7272366 457.52836483 1262.335617 453.52929285 1261.1829389 456.90651172 
1264.8831515 457.05757276 1261.4878081 453.06166199 1260.3382765 456.43995318 
1264.4795927 456.8321225 1261.0824153 452.83777076 1259.9344347 456.21658928 
1263.958971 456.54257606 1260.5595834 452.55010515 1259.413473 455.92955852 
1263.4219195 456.24308203 1260.0201602 452.2526317 1258.8760581 455.63276547 
1262.8314708 455.9159634 1259.4277096 451.92722053 1258.2853037 455.30792797 
1262.2882581 455.61426155 1258.8827846 451.62698048 1257.7418304 455.00817812 
1261.9206482 455.35113334 1258.5159929 451.36315357 1257.3743449 454.74411701 
1261.3158033 455.15799207 1257.9056176 451.17474042 1256.7686621 454.55728475 
1260.7150803 454.86741951 1257.3024164 450.88629083 1256.1675661 454.26954206 
1260.185217 454.57456179 1256.7709536 450.59480481 1255.6374629 453.9785118 
1259.7796048 454.3491144 1256.3639391 450.37056096 1255.231641 453.75466722 
1260.3700532 454.67512512 1256.9558526 450.69531432 1255.8223086 454.07900344 
1258.7044754 453.75677219 1255.2869473 449.77981839 1254.1562337 453.16445441 
1258.260869 453.512542 1254.8421962 449.53657217 1253.7124571 452.92153356 
1257.6067552 453.15227474 1254.1870147 449.17722319 1253.0581846 452.56248785 
1257.2689161 452.96661637 1253.8482997 448.9923185 1252.7202157 452.37783184 
1256.6302054 452.61519094 1253.2082359 448.64205806 1252.0813048 452.02795533 
1256.1599007 452.3565953 1252.7369933 448.38427046 1251.6108616 451.7704337 
1255.5858828 452.04053328 1252.1619261 448.06911275 1251.036689 451.45557334 
1255.1463841 451.79962094 1251.7219968 447.82857175 1250.5971269 451.21515435 
1254.5425871 451.46808931 1251.1180503 447.497169 1249.9933079 450.88379393 
1254.0384021 451.14863609 1250.6141305 447.17748715 1249.489162 450.56403698 
1253.4489612 450.96765977 1250.0247401 446.99646726 1248.8997284 450.38300278 
1252.9119067 450.70027489 1249.4879066 446.72889188 1248.3627065 450.1153648 
1252.3050296 450.36653268 1248.8812681 446.39494386 1247.7558645 449.78134914 
