150.56719681 56.304102238 
149.7633765 56.096015857 
148.74808175 55.790807771 
147.88061908 55.482064897 
147.13532236 55.18200267 
146.4813922 54.906165395 
145.89213589 54.666770081 
145.33880733 54.47935813 
144.79266057 54.357256711 
144.22597623 54.314898657 
143.60795517 54.365614153 
142.68093256 54.314920984 
142.15531933 54.178397638 
141.23344334 53.936163598 
140.57334738 53.763299971 
140.34339184 53.701633689 
139.41843645 53.459404718 
138.48834849 53.213862099 
138.12698989 53.118065356 
137.33549146 52.908857611 
136.43722813 52.672126604 
135.79253189 52.501456055 
135.19300553 52.342898591 
134.39329506 52.130382207 
133.65107354 51.933282481 
133.03512153 51.779177852 
132.18510161 51.658627119 
131.49318251 51.484704731 
130.93061385 51.336058726 
130.16683469 51.133455582 
129.56525597 50.974902322 
129.02013954 50.830659885 
128.20092524 50.612637969 
127.46281121 50.416641072 
126.95362555 50.28120388 
126.50603498 50.162284225 
125.80487827 49.976198237 
125.01646224 49.76477528 
124.40051225 49.600708384 
123.84205108 49.450950717 
122.95610581 49.276205598 
122.12045753 49.199922353 
121.57431552 49.055682878 
120.95220638 48.892732849 
120.40298473 48.748498088 
119.70182903 48.563520781 
119.301462 48.457819115 
118.47301029 48.239813538 
118.12807882 48.148424014 
117.4443755 47.966743252 
116.74219379 47.780661057 
116.1272716 47.61770164 
115.77002136 47.523008968 
115.06373362 47.335826053 
114.38311069 47.153034424 
113.72096204 47.038858234 
112.8966054 47.006846611 
112.47776021 46.90228002 
111.8751572 46.74926777 
111.4121692 46.632587288 
110.73257276 46.460866385 
110.02833852 46.282538818 
110.06632198 46.292447566 
108.87343566 45.990834787 
108.24003579 45.830118367 
107.9762047 45.76407572 
107.14467505 45.553827956 
106.61803962 45.421741397 
106.5133285 45.395323198 
105.479563 45.134443312 
104.87490372 45.04343501 
103.88321715 44.961849684 
103.33502372 44.828688133 
102.912073 44.726343256 
102.20681305 44.555769105 
101.54877588 44.396197381 
101.06936349 44.280649787 
100.34665196 44.106780243 
99.643445656 43.936203739 
99.13323616 43.812951623 
98.64047862 43.692995453 
97.862332381 43.50481498 
97.151940423 43.333142496 
96.759787756 43.237396253 
95.973429424 43.044799808 
95.370827168 42.918362324 
94.74460626 42.899351434 
94.077331869 42.726509429 
93.537352394 42.595552041 
92.706851928 42.391949895 
92.004673642 42.220266687 
91.391807667 42.069488201 
90.759436819 41.914309928 
90.244095795 41.786638443 
89.503934827 41.602833125 
89.086118693 41.498268558 
88.336718831 41.311155709 
87.711534753 41.153753316 
87.057606714 40.988643334 
86.345164014 40.809226698 
85.739485337 40.654010375 
84.998293618 40.546599917 
84.564052648 40.439845888 
83.955294469 40.284634478 
83.091946113 40.065583607 
82.484214678 39.911478144 
81.781012106 39.732049095 
81.395020708 39.632974566 
80.58505471 39.42713159 
79.811018936 39.230093069 
79.258722963 39.089192376 
78.685895642 38.94278633 
78.0391552 38.777667894 
77.590543164 38.664293302 
77.015662903 38.517890622 
76.113307031 38.277863801 
75.300261329 38.087526751 
74.719221935 37.94002648 
73.962639284 37.742963885 
73.472964974 37.617471971 
72.769764119 37.435830931 
72.341684138 37.326855467 
71.327432576 37.067066669 
70.708410744 36.908551882 
70.036007266 36.737937465 
69.548386536 36.613550346 
68.894461457 36.448444624 
68.186128323 36.269026574 
67.483954692 36.091813881 
66.682203967 35.889284225 
66.257204249 35.782519415 
65.466746708 35.572223517 
64.631119909 35.356458853 
63.408476816 35.044945312 
63.299660557 35.017427667 
62.484565412 34.809383257 
63.190844447 34.987695762 
61.314277937 34.511078903 
60.650088489 34.343776011 
60.046466702 34.190776498 
59.348400753 34.014666915 
58.692424157 33.849566615 
57.985119327 33.671256764 
57.231619068 33.481944077 
56.762477964 33.364174659 
55.687663103 33.085659856 
56.037719521 33.217997959 
54.476309306 32.86602553 
53.984584056 32.742754334 
53.137666946 32.531438346 
52.522753952 32.377350038 
52.010497579 32.249681054 
51.129704244 32.029558769 
50.615394954 31.900785948 
49.707911153 31.675167979 
49.342453967 31.583817391 
48.563291071 31.390116529 
47.722534448 31.181007316 
47.004965804 31.001608321 
46.381841099 30.847533536 
45.702256233 30.666971426 
44.866625051 30.586282857 
44.138790911 30.41022122 
43.761015342 30.317782502 
42.908967413 30.107584353 
42.131858857 29.914989364 
41.344484793 29.720195563 
40.739839179 29.569416 
40.183442031 29.431850518 
39.387855925 29.233748062 
38.694926233 29.0609574 
37.970173286 28.879357124 
37.256712617 28.701061654 
36.48576461 28.508459077 
35.847243343 28.346659585 
35.188191934 28.163855239 
34.388494109 28.068723653 
33.731494789 27.906952117 
32.857891481 27.686824884 
32.4729312 27.589969841 
31.521309647 27.348923562 
30.769867545 27.158507796 
30.365402856 27.056146405 
29.482561359 26.83160544 
28.68903078 26.629074425 
28.371823864 26.548726057 
27.493089099 26.324179601 
26.611274868 26.098530875 
25.73972644 25.875081394 
25.075543039 25.704465527 
24.407253239 25.537177334 
23.68454893 25.470719493 
22.969037562 25.293537842 
22.286376554 25.118521652 
21.490794299 24.914888597 
20.832770967 24.745371675 
20.206570976 24.584664491 
19.472582574 24.39643997 
18.649283934 24.183992014 
18.158589811 24.057404159 
17.26959186 23.827340554 
16.443214013 23.613790707 
15.797510224 23.446470831 
15.570641323 23.388131641 
14.354172727 23.072201732 
13.788539378 22.945726601 
12.8461514 22.868528485 
12.197368337 22.703428303 
11.507523201 22.527318332 
10.892616656 22.371024865 
10.131939429 22.17730702 
9.2881114664 21.961571104 
8.6639662553 21.803077679 
7.8735193056 21.602762184 
7.2052325346 21.43215667 
6.786398408 21.326498774 
5.9179337942 21.105265078 
5.5863568773 21.02161939 
4.5207941416 20.751967374 
3.7673038808 20.561561881 
3.1462393478 20.400850794 
2.329097372 20.289147464 
1.6064039096 20.109767731 
1.1105788546 19.985404797 
0.28317744564 19.776289752 
-0.40974544967 19.601294441 
-1.100615094 19.42629622 
-1.8315201644 19.241394018 
-2.4084423711 19.096117808 
-3.2399492734 18.885902821 
-3.9523760187 18.705401974 
-4.5611210382 18.552424026 
-5.2848395919 18.368619063 
-5.8812657483 18.217837175 
-6.7764181369 17.992218914 
-7.2014094428 17.873286743 
-8.2135928073 17.694344259 
-8.8890630445 17.525967607 
-9.6856658678 17.323452008 
-10.237949727 17.18367604 
-10.171223965 17.200182759 
-11.111543625 16.963562416 
-12.572323566 16.594868958 
-13.054801763 16.473809838 
-13.910943792 16.259206499 
-14.726023733 16.055612975 
-15.248537084 15.924650261 
-16.096466343 15.713356625 
-16.947475121 15.502067877 
-17.565457285 15.349106628 
-18.183438319 15.178431388 
-18.980044461 15.063381899 
-19.689389177 14.889523169 
-20.344326663 14.727761122 
-20.839122566 14.604507617 
-21.962165468 14.327202239 
-22.684854652 14.147828703 
-23.540994869 13.93654967 
-24.200037925 13.773687569 
-24.679435263 13.655947181 
-25.676211958 13.410559736 
-26.229520429 13.274109827 
-27.028173404 13.07824499 
-27.882259727 12.869178432 
-27.998259342 12.83946089 
-29.402573952 12.496154948 
-30.132452039 12.390972061 
-30.724769311 12.256796188 
-31.636341432 12.034531969 
-32.028481623 11.938803694 
-32.960584261 11.709928113 
-33.657608047 11.539375657 
-34.463445425 11.342416634 
-35.005460756 11.209272764 
-35.919084986 10.985905888 
-36.672568215 10.802153933 
-37.326476568 10.642608512 
-37.724775437 10.544676071 
-38.796486738 10.282799573 
-39.476058313 10.116650673 
-40.218248255 9.924025509 
-40.8824268 9.8552813418 
-41.674917649 9.660518426 
-42.452010185 9.4690538147 
-43.136713751 9.2995921602 
-43.889168912 9.1125191622 
-44.3716435 8.9925724897 
-45.202115498 8.7845824948 
-45.835491445 8.626115052 
-46.562282479 8.4434324033 
-47.146384182 8.2959619029 
-47.99020053 8.0824572826 
-48.628708637 7.9206768447 
-49.24155309 7.7643932919 
-49.965263737 7.5794925736 
-50.721823254 7.3813562756 
-51.530740465 7.2464061952 
-52.20004409 7.0747090862 
-52.876533301 6.8997016419 
-53.465766572 6.7467045598 
-54.252095194 6.5430787229 
-54.70377216 6.426408438 
-55.63278928 6.1842499971 
-56.322622875 6.0048351032 
-56.942651813 5.844135588 
-57.85934999 5.6052805535 
-58.192974635 5.5172168943 
-59.027549528 5.2992729628 
-59.593171544 5.1517769215 
-60.277871786 4.9734623139 
-60.80551047 4.8126231697 
-61.771485983 4.6402722951 
-61.882352139 4.6149768569 
-62.730271154 4.3915186385 
-63.884097672 4.0865983013 
-64.405577893 3.9490002403 
-65.008154332 3.7893830482 
-65.880709561 3.5593204624 
-66.49663076 3.3964024996 
-67.076623161 3.2433941541 
-67.872187875 3.0342504648 
-68.407012502 2.8922449267 
-68.973659741 2.7436451702 
-69.688127841 2.5554139679 
-70.519620734 2.3363615605 
-71.239221134 2.1448171674 
-72.047107423 2.004335661 
-72.656868605 1.844731031 
-73.353885056 1.6620097999 
-73.624889919 1.5904594418 
-74.550823199 1.3483024416 
-75.30429869 1.1512750769 
-75.980784106 0.97516595758 
-76.494050687 0.84198609972 
-77.243419821 0.64827437699 
-77.90348047 0.47767630778 
-78.405454977 0.34780095145 
-78.988525499 0.1970139835 
-79.777928974 -0.0066001433879 
-80.402060692 -0.16618117923 
-80.984103909 -0.32582637342 
-81.512773618 -0.35712557193 
-82.361715215 -0.5805764175 
-82.997138433 -0.7423538994 
-83.646932956 -0.90853780461 
-84.290568287 -1.0714095817 
-84.892115689 -1.2243813681 
-85.607607988 -1.4059642404 
-86.20915526 -1.5578286187 
-86.85689632 -1.7218006738 
-87.532353627 -1.8923729761 
-88.026114925 -2.0167235499 
-88.571202738 -2.1531739589 
-89.222023125 -2.3160336348 
-89.733235237 -2.4447857388 
-90.679695555 -2.6924417797 
-91.325391288 -2.699203073 
-91.970050373 -2.891964152 
-92.602392742 -3.0493156957 
-92.856972146 -3.1120323315 
-93.898899678 -3.370612408 
-94.387527687 -3.4916483541 
-94.832014824 -3.6027876665 
-95.703538087 -3.8184500327 
-96.370781868 -3.9846043158 
-96.886099336 -4.1122417217 
-97.528706272 -4.2717907112 
-98.138464173 -4.4236400025 
-98.738983227 -4.5732890712 
-99.547887459 -4.7735464564 
-100.22334285 -4.9419015157 
-100.89469296 -5.0914414548 
-101.43259525 -5.1913650632 
-101.95304662 -5.2846725588 
-102.57512378 -5.4099308103 
-103.38916039 -5.6024293061 
-103.88086685 -5.7245660485 
-104.51012792 -5.8797054426 
-105.23074981 -6.0568470219 
-105.9092839 -6.2251960193 
-106.50364277 -6.3715315321 
-107.13290339 -6.5277774865 
-107.76011096 -6.6818121932 
-108.40887546 -6.8413492911 
-109.04429497 -6.998692493 
-109.68382154 -7.1372079789 
-110.34080329 -7.1970900339 
-110.94234737 -7.34230645 
-111.44431827 -7.4655332477 
-112.24500792 -7.6624783073 
-112.75724383 -7.7901176154 
-113.4922356 -7.9716635533 
-114.1676888 -8.1389082153 
-114.82569092 -8.3028581846 
-115.24451275 -8.4084981913 
-116.05957285 -8.6120628673 
-116.56667566 -8.7386022699 
-117.31603794 -8.9267679029 
-117.98225164 -9.0951330378 
-118.39594053 -9.1996733621 
-119.17712489 -9.3922180166 
-119.9767924 -9.4762349343 
-120.63684663 -9.6412875503 
-121.08235747 -9.753528371 
-121.87585936 -9.9538032403 
-122.44968538 -10.097952862 
-123.05225387 -10.250915109 
-123.54909054 -10.376361987 
-124.28305367 -10.562335299 
-125.06423666 -10.760414031 
-125.6678313 -10.913374149 
-126.24370971 -11.060841253 
-126.9068424 -11.229209085 
-127.26304516 -11.320551279 
-128.05346618 -11.523043475 
-128.78024263 -11.712348142 
-129.41053208 -11.75898148 
-130.13012261 -11.947189773 
-130.69162911 -12.091356792 
-131.35886706 -12.263038663 
-132.07845743 -12.447925073 
-132.78162331 -12.629515292 
-133.40780019 -12.790188824 
-133.99291617 -12.940961506 
-134.74638122 -13.134651946 
-135.02148833 -13.205083053 
-135.93816964 -13.441698974 
-136.53560349 -13.595773489 
-137.26340502 -13.785074444 
-137.63911062 -13.884135119 
-138.34330213 -14.065722401 
-139.19634484 -14.162937004 
-139.98881726 -14.354351438 
-140.43637896 -14.469907506 
-141.13851699 -14.650390157 
-141.76674565 -14.81216584 
-142.47812212 -14.994848125 
-143.16588856 -15.172031146 
-143.81977984 -15.340409427 
-144.30018966 -15.464771069 
-145.00951266 -15.647455916 
-145.74449845 -15.836743609 
-146.31113543 -15.983113918 
-147.06459824 -16.177908298 
-147.59325397 -16.31437305 
-148.32721178 -16.52359008 
-149.08786637 -16.589945337 
-149.85570059 -16.774752501 
-150.44081437 -16.924414738 
-151.07006824 -17.085079686 
-151.81737121 -17.276560995 
-152.06476135 -17.339283577 
-153.08101104 -17.598989324 
-153.55012829 -17.717831303 
-154.34978313 -17.921409134 
-155.0252296 -18.093072819 
-155.63189959 -18.246021927 
-156.25191417 -18.402271575 
-156.94173155 -18.577233884 
-157.60383305 -18.743382043 
-158.04009899 -18.90213115 
-158.9721821 -18.959360293 
-159.65789103 -19.173078008 
-160.2850906 -19.331529892 
-160.97901344 -19.506484861 
-161.60929245 -19.663824537 
-162.39252175 -19.859675778 
-162.80210033 -19.9620019 
-163.68284822 -20.17984372 
-164.42809621 -20.365789325 
-165.00089009 -20.507717879 
-165.43715778 -20.615537751 
-166.34254145 -20.838876078 
-167.01285368 -21.005009312 
-167.77041938 -21.190934879 
-168.33602736 -21.328445439 
-169.01969115 -21.349522965 
-169.44363826 -21.496111094 
-170.18888477 -21.692019428 
-170.95260899 -21.879041704 
-171.71530661 -22.064958245 
-172.37124694 -22.225576989 
-172.86089254 -22.344383852 
-173.73958552 -22.557797309 
-174.31648435 -22.697503366 
-175.0350415 -22.871309432 
-175.72177672 -23.037415043 
-176.21039546 -23.155115814 
-176.93100539 -23.327811078 
-177.73168293 -23.520309569 
-178.14947146 -23.638120587 
-178.92962345 -23.724366007 
-179.66871008 -23.901460276 
-180.3749483 -24.070855735 
-181.12943239 -24.250139852 
-181.71454238 -24.389831622 
-182.27398965 -24.521813443 
-182.99562507 -24.694505609 -186.58133552 -27.198002961 
-183.52325037 -24.819894126 -187.11021419 -27.321595338 
-184.14428786 -24.967279186 -187.73199818 -27.467909716 
-184.79920004 -25.122361083 -188.3882946 -27.621004442 
-185.65736076 -25.323624594 -189.24740701 -27.820900383 -190.07250098 -24.234580476 
-186.29687513 -25.474301701 -189.88822173 -27.969707085 -190.71144746 -24.382957871 
-186.9168858 -25.61947351 -190.50946382 -28.113105724 -191.33091885 -24.525950561 
-187.56974462 -25.772343734 -191.16420886 -28.26325627 -191.9829488 -24.675480435 
-188.28932612 -25.945037807 -191.88362261 -28.4361924 -192.70260415 -24.848471709 
-188.95553399 -26.002673374 -192.55054364 -28.492798667 -193.36849784 -24.904843614 
-189.61557828 -26.152210496 -193.21130043 -28.641306838 -194.02822777 -25.053117843 
-190.10111614 -26.264378103 -193.69711532 -28.75307421 -194.51364327 -25.164794311 
-190.41830678 -26.338059507 -194.01440811 -28.826608004 -194.83078877 -25.238294591 
-191.41196545 -26.566787547 -195.00974844 -29.052904189 -195.82370289 -25.46403965 
-192.23727675 -26.758136367 -195.83681818 -29.241706352 -196.6482327 -25.652266702 
-192.95685782 -26.923079363 -196.55744235 -29.405136871 -197.36734879 -25.815356641 
-193.63332552 -27.078125521 -197.23515782 -29.558371978 -198.04325885 -25.968184901 
-194.30260754 -27.23207565 -197.90533701 -29.711018718 -198.71213898 -26.120539485 
-194.93390878 -27.37612094 -198.53786194 -29.853284654 -199.3428908 -26.262407455 
-195.57342202 -27.521260358 -199.17860297 -29.996636839 -199.98185129 -26.405360928 
-196.03227013 -27.625718879 -199.63794132 -30.100381208 -200.44047828 -26.508946263 
-197.02490113 -27.851125227 -200.63190882 -30.323839098 -201.43250526 -26.731971077 
-197.5740816 -27.975370291 -201.18162292 -30.447305568 -201.98144406 -26.85526483 
-198.28442375 -28.127040865 -201.89254717 -30.598126408 -202.69152228 -27.005897391 
-198.92907305 -28.186922238 -202.53721349 -30.657982932 -203.33616386 -27.065748413 
-199.67842186 -28.354031165 -203.28712788 -30.824265816 -204.08525589 -27.231848495 
-200.26455618 -28.485967692 -203.87340572 -30.955992671 -204.67132501 -27.363528984 
-200.98618909 -28.647584099 -204.59475741 -31.118019905 -205.39308567 -27.52564708 
-201.57027026 -28.778416453 -205.17809174 -31.249942819 -205.97750574 -27.657811448 
-202.27753184 -28.937840829 -205.88424269 -31.410987664 -206.68527028 -27.819215771 
-202.91704408 -29.080764382 -206.52285497 -31.555223146 -207.32518917 -27.963742898 
-203.46417075 -29.205011567 -207.06925515 -31.680528661 -207.87264354 -28.089284082 
-204.0882852 -29.345744771 -207.69261265 -31.82236384 -208.49709887 -28.231365029 
-204.77501627 -29.500772247 -208.37831142 -31.978892997 -209.18429391 -28.388229722 
-205.37244141 -29.636011424 -208.97487269 -32.115387803 -209.78210651 -28.525005637 
-206.04377471 -29.787741386 -209.64550073 -32.268142183 -210.4537556 -28.677989737 
-206.69868385 -29.936175599 -210.29954055 -32.417838223 -211.1090533 -28.827969195 
-207.15239829 -30.038426179 -210.75253253 -32.521136767 -211.56309012 -28.931503508 
-208.0608536 -30.241818383 
-208.63980445 -30.302907997 
-209.16640038 -30.421650721 
-209.94038325 -30.59868251 
-210.32018912 -30.685548926 
-211.19271595 -30.88567525 
-211.73265598 -31.009932196 
-212.34239804 -31.150686252 
-212.81664178 -31.260653601 
-213.5875444 -31.43879641 
-214.28351221 -31.601557067 
-213.72509559 -31.470686859 
-213.66145258 -31.454179993 
-209.90856302 -30.562197137 
-217.12281298 -32.273546305 
-217.12589155 -32.294576991 
-218.18421881 -32.422445024 
-218.50859029 -32.554790152 
-219.04750258 -32.685690175 
-219.59360019 -32.821007316 
-220.21976465 -32.976126602 
-220.8428495 -33.131250608 
-221.32735696 -33.251164614 
-221.02351334 -33.175251245 
-222.5232277 -33.551527116 
-223.07548383 -33.68904817 
-223.49326865 -33.79246001 
-224.05989569 -33.932172487 
-224.73533138 -34.10049872 
-225.2732162 -34.235827761 
-225.61914501 -34.342674038 
-226.08107118 -34.408373349 
-227.03982088 -34.623858824 
-227.65982518 -34.780093385 
-228.21618654 -34.920928398 
-228.74585896 -35.0540555 
-229.34635955 -35.20589196 
-229.822654 -35.325817536 
-230.34719373 -35.457845322 
-230.87378637 -35.590976906 
-231.29978231 -35.698803208 
-231.98548171 -35.872647239 
-232.52233912 -36.007976582 
-232.96475888 -36.119098099 
-233.51701354 -36.259938601 
-234.0230755 -36.396423466 
-234.72828095 -36.506022302 
-235.21997217 -36.631458339 
-235.30209179 -36.652364067 
-235.55255661 -36.716181881 
-236.76279415 -37.025372975 
-237.20623988 -37.138706501 
-237.74104365 -37.274038144 
-238.2850858 -37.411569345 
-238.76445875 -37.532595745 
-239.12783775 -37.625020104 
-239.84433084 -37.804349264 
-240.19847135 -37.893466709 
-240.71787741 -38.023286512 
-241.30811145 -38.171815391 
-241.79672276 -38.289505277 
-242.30997324 -38.336299543 
-242.69285559 -38.427585456 
-243.24305631 -38.561784596 
-243.63004449 -38.655278152 
-244.27468259 -38.810363089 
-244.78382346 -38.932448504 
-245.2221363 -39.035824759 
-245.64402521 -39.134798435 
-246.19114643 -39.260144838 
-246.32972308 -39.292032144 
-247.03697747 -39.4481244 
-247.53995962 -39.555826366 
-248.03678298 -39.656895209 
-248.50794403 -39.750254713 
-248.87440351 -39.801709058 -253.17711059 -38.329910151 
-249.4194767 -39.803059176 -253.70831811 -38.291331838 
-249.91835346 -39.889731711 -253.75603217 -41.986643858 -254.19085142 -38.332413056 
-250.26941503 -39.946745967 -254.12272877 -42.014786502 -254.53010054 -38.357394157 
-250.70567588 -40.013589264 -254.57992038 -42.042147363 -254.94989841 -38.380783301 
-251.07829413 -40.066140704 -254.9697809 -42.061422419 -255.30836782 -38.397022137 
-251.5545887 -40.128491848 -255.46828622 -42.079847812 -255.76560822 -38.411868783 
-251.96210811 -40.177666415 -255.89436002 -42.091357429 -256.15645242 -38.420692898 
-252.37886609 -40.224612002 -256.32974412 -42.099546994 -256.55573237 -38.4264829 
-252.75867033 -40.262759096 -256.72604603 -42.102527684 -256.91940052 -38.427601212 
-253.11383877 -40.294302431 -257.09600799 -42.101827452 -257.25954541 -38.425453417 
-253.59526661 -40.3333953 -257.59734265 -42.096405733 -257.71987737 -38.418436759 
-253.57884262 -40.33231423 -257.58052104 -42.096226993 -257.70388506 -38.418285741 
-254.29431226 -40.385428314 -258.32807737 -42.074675901 -258.38307528 -38.395077314 
-254.65974591 -40.409205238 -258.7112808 -42.0553776 -258.72706986 -38.375401888 
-255.00875583 -40.425258254 -259.07748562 -42.028460137 -259.05432781 -38.348523419 
-255.36187749 -40.307341561 -259.45822535 -41.838600068 -259.37022753 -38.159642755 
-255.70472891 -40.31011867 -259.81933582 -41.791613999 -259.68675284 -38.113993534 
-256.10198483 -40.313916495 -260.23903197 -41.731541069 -260.04953609 -38.056413609 
-256.36168971 -40.313504141 -260.51427601 -41.684943348 -260.28384151 -38.012155514 
-256.78768784 -40.311720568 -260.9661363 -41.602219268 -260.66438579 -37.934601899 
-257.1644142 -40.30226525 -261.36426883 -41.521297443 -260.9999976 -37.859361207 
-257.51753118 -40.288418846 -261.73628693 -41.440338268 -261.31368013 -37.784674986 
-257.82034972 -40.271330891 -262.05414369 -41.366687916 -261.58265133 -37.717007727 
-258.1560166 -40.246440793 -262.4050624 -41.281055794 -261.88135343 -37.638501821 
-258.46294171 -40.214953515 -262.72500267 -41.194573225 -262.154266 -37.559091112 
-258.70622355 -40.187995843 -262.97847288 -41.122182172 -262.36906185 -37.492982711 
-259.13222359 -40.135283796 -263.4219563 -40.985584742 -262.74155546 -37.369022116 
-259.56540928 -40.078131736 -263.8718637 -40.839228809 -263.11655828 -37.237564715 
