-184.02005292 -25.513290077 -188.36952555 -25.391434149 
-183.63100475 -25.453005902 -187.98049221 -25.331680642 
-182.59114801 -25.283025477 -186.94055719 -25.158925344 
-181.18071988 -25.054945578 -184.34255992 -28.265187327 -185.5299964 -24.926280457 
-179.68201087 -24.818145807 -182.84742127 -28.024867112 -184.03114152 -24.684640944 
-178.37628538 -24.622007897 
-177.54583463 -24.515912447 
-177.47192342 -24.550348953 
-178.43581627 -24.774699333 
-179.46027413 -24.988990614 
-180.04230525 -25.119830462 
-180.60175241 -25.259562538 
-181.4886572 -25.448603909 
-181.87257192 -25.531039055 
-183.15262952 -25.806929116 
-183.90711397 -25.969605518 
-184.58358357 -26.115796699 
-185.26005316 -26.259773458 
-185.82052711 -26.379574532 
-186.62838977 -26.548809555 
-186.74027921 -26.572991475 
-187.76268217 -26.783961663 
-188.7655813 -26.989426347 
-189.32194902 -27.102590377 
-190.24170088 -27.284934888 
-190.90277284 -27.406791781 
-191.64903937 -27.662478247 
-192.28855398 -27.78990425 
-193.12618468 -27.953555196 
-193.90119822 -28.105125535 
-194.6289924 -28.24459119 
-195.23565853 -28.360996686 
-196.04146719 -28.512518201 
-196.66558384 -28.630003182 
-197.52887673 -28.790291244 
-198.14375478 -28.90225473 
-198.64982295 -28.99446033 
-199.51722165 -29.151419967 
-200.07461514 -29.250187614 
-200.99641815 -29.422561335 
-201.74680252 -29.388169856 
-202.90574382 -29.265673376 
-203.68280902 -29.40727371 
-203.79469832 -29.424812179 
-205.04190467 -29.616602126 
-205.78920188 -29.729463186 
-206.57447973 -29.847800056 
-207.04769939 -29.919020279 
-207.88840843 -30.04391251 -212.23605184 -29.868533572 
-207.66873596 -30.012150829 
-209.19001871 -30.23672234 -212.38364329 -33.415345711 -213.53779976 -30.064789438 
-209.90036105 -30.341890507 -213.0927379 -33.521767008 -214.24820924 -30.171663955 
-210.49676113 -30.429523522 -213.68804757 -33.610494345 -214.84466743 -30.260787643 
-211.28717085 -30.543422532 -214.47622515 -33.726631155 -215.63519444 -30.377736609 
-211.92565749 -30.63652474 -215.11234612 -33.822101624 -216.27380297 -30.474068996 
-212.52923703 -30.851466379 -215.80241126 -33.948112144 -216.87126257 -30.569375489 
-213.227253 -31.123830259 -216.59778265 -34.114217265 -217.55803652 -30.703027299 
-213.82878452 -31.225847258 -217.19249736 -34.223900035 -218.16051483 -30.814905072 
-214.59147703 -31.356395989 -217.94593004 -34.364805787 -218.9244538 -30.958811698 
-215.18582266 -31.460638286 -218.53300175 -34.477139012 -219.51974681 -31.073517606 
-215.75450561 -31.560492326 -219.09470823 -34.584716355 -220.08931238 -31.183383223 
-216.3816991 -31.672432609 -219.71398402 -34.705378648 -220.71747693 -31.306657348 
-216.90316262 -31.766825095 -220.22895054 -34.806894038 -221.23971315 -31.410327619 
-217.73668283 -31.919404162 -221.05225726 -34.970608957 -222.07440448 -31.577451203 
-218.41109497 -32.043448121 -221.7183672 -35.103649899 -222.74972969 -31.71328179 
-219.03418181 -32.159822841 -222.33357507 -35.228517781 -223.37365107 -31.840812598 
-219.61928792 -32.270721596 -222.91148359 -35.347137069 -223.95949256 -31.961877598 
-220.31833561 -32.403583375 -223.60216141 -35.48893144 -224.65936328 -32.106531599 
-220.97324354 -32.529871746 -224.24861362 -35.62419484 -225.31506788 -32.244700825 
-221.49368018 -32.619836505 -224.75458473 -35.729400149 -225.83678716 -32.354916129 
-222.15064175 -32.728407245 -225.39851072 -35.851583785 -226.49481887 -32.481656053 
-222.50373891 -33.221632111 -225.99152761 -36.074387707 -226.81415328 -32.627419258 
-223.23152657 -33.395411828 -226.71388357 -36.254795373 -227.54306323 -32.809397634 
-223.90696272 -33.555988315 -227.38346405 -36.422488442 -228.21968895 -32.978793854 
-224.55057721 -33.711079166 -228.02208021 -36.583630545 -228.8643023 -33.141397774 
-225.0022364 -33.82108017 -228.47077242 -36.697213405 -229.31654722 -33.255851833 
-225.71257298 -33.994886799 -229.17680076 -36.876207747 -230.02772489 -33.436115797 
-226.16012601 -34.104894103 -229.62207446 -36.988953308 -230.47571839 -33.549535257 
-226.97721805 -34.307317473 -230.43635188 -37.194751917 -231.29335004 -33.756168104 
-227.58182491 -34.459147813 -231.0393685 -37.348486291 -231.89825968 -33.91037483 
-228.03348363 -34.572469754 -231.49043917 -37.462511777 -232.35002999 -34.02457517 
-228.50361921 -34.69129813 -231.95999311 -37.582035748 -232.82027574 -34.144272189 
-229.0897489 -34.838728791 -232.54563682 -37.730047377 -233.40649732 -34.292428479 
-229.81240247 -35.02247919 -233.26765704 -37.914554635 -234.12927045 -34.477124369 
-230.32154468 -35.152317023 -233.77675402 -38.044446499 -234.63842118 -34.607029707 
-230.85634986 -35.274364309 -234.30572787 -38.173446211 -235.17431574 -34.737771663 
-231.44144296 -35.64100854 -234.97861669 -38.432296155 -235.74079951 -34.97146073 
-232.01525378 -35.797315144 -235.55199727 -38.58914788 -236.31471347 -35.128429966 
-232.46896457 -35.9217045 -236.0057042 -38.713542129 -236.76842519 -35.25282527 
-233.01916579 -36.073619673 -236.55578735 -38.86560686 -237.31865468 -35.404922257 
-233.65969839 -36.251963208 -237.19638823 -39.043863906 -237.95917093 -35.583160648 
-234.15138919 -36.389577892 -237.68801219 -39.181563266 -238.45087774 -35.720878272 
-234.61947057 -36.520587008 -238.15582112 -39.312917449 -238.91902435 -35.852306907 
-235.16761841 -36.674719294 -238.70432235 -39.466602119 -239.46708757 -36.005895006 
-235.79377966 -36.851977949 -239.3323631 -39.64147822 -240.0927974 -36.18025818 
-236.42917923 -37.032543267 -239.97002462 -39.819171781 -240.7276506 -36.357335943 
-236.84388262 -37.150350825 -240.38578082 -39.935641064 -241.14209852 -36.473519169 
-237.3930566 -37.306695343 -240.93664012 -40.089841108 -241.69086201 -36.627262037 
-237.90117074 -37.452033364 -241.44613959 -40.233414388 -242.19863732 -36.770460209 
-238.44110608 -37.607285166 -241.98778564 -40.386484438 -242.73815247 -36.923067902 
-238.89789666 -37.71063313 -242.44661282 -40.487231438 -243.19444027 -37.023265707 
-239.55074781 -37.859063303 -243.10306616 -40.631051547 -243.84639531 -37.166117742 
-240.0752856 -38.0088035 -243.62904805 -40.778940138 -244.3705714 -37.313619431 
-240.5936644 -38.156339084 -244.14903028 -40.924417466 -244.88854693 -37.458667964 
-240.96730762 -38.264246841 -244.52401779 -41.030597742 -245.26185073 -37.5644894 
-241.58525597 -38.442624404 -245.14385012 -41.206551352 -245.87932131 -37.739941103 
-242.06976026 -38.582463414 -245.62970794 -41.344646796 -246.36348087 -37.87767668 
-242.46701269 -38.69697641 -246.02797153 -41.457856099 -246.76047494 -37.990617538 
-242.9063512 -38.824708319 -246.46792496 -41.584794699 -247.199656 -38.117393052 
-243.38161685 -38.963454608 -246.9446447 -41.721663646 -247.6745483 -38.253876856 
-243.92360439 -39.122023561 -247.4885078 -41.877808053 -248.21605212 -38.409525517 
-244.49022759 -39.289410464 -248.05688512 -42.042924321 -248.78222074 -38.574179198 
-244.98499637 -39.434768406 -248.5533448 -42.186090636 -249.27654932 -38.716900571 
-245.36890398 -39.549302151 -248.9398715 -42.297224178 -249.6597712 -38.827346815 
-245.88522887 -39.703482863 -249.46188821 -42.443992386 -250.17458944 -38.972629333 
-246.10695199 -39.744095518 -249.71400594 -42.444474434 -250.38787952 -38.965365513 
-246.84295554 -39.739607933 -250.37054736 -42.54299525 -251.14458031 -39.084790876 
-247.28024061 -39.867342447 -250.81186481 -42.665648193 -251.58091818 -39.206333029 
-247.82633398 -40.01926138 -251.37504944 -42.795860576 -252.12287776 -39.331895033 
-248.34368566 -40.160154436 -251.91115182 -42.912620549 -252.63546854 -39.443662524 
-248.73991141 -40.265811151 -252.32363968 -42.997070234 -253.0273693 -39.523877306 
-249.18027638 -40.380254903 -252.78440819 -43.084532705 -253.46204349 -39.606154507 
-249.6586215 -40.50460257 -253.2880447 -43.17484071 -253.93291361 -39.690239072 
-250.05997984 -40.605822437 -254.32679343 -39.753142718 
-250.42746401 -40.696024634 -254.68665102 -39.806031903 
-250.88425316 -40.803799287 -255.13264998 -39.863647497 
-251.3769697 -40.914838284 
-251.77935496 -41.002770689 
-251.06491513 -40.862190827 -255.31329884 -39.921979788 
-252.61286792 -41.1675184 
-252.98445894 -41.23335683 
-253.51003689 -41.029917449 
-253.93398006 -41.08127995 
-254.48315634 -41.134657892 
-254.73875438 -41.156394867 
-255.28895796 -41.188735494 
-255.64618009 -41.199239732 
-256.10707914 -41.202936516 
-256.44479825 -41.200186021 
-256.86258486 -41.187344143 
-257.28037171 -41.167859404 
-257.68378773 -41.142861766 
-258.13544988 -41.103394703 
-258.58711235 -41.055070504 
-258.93407149 -41.011341112 
-259.30053392 -40.972009227 
-259.56949083 -40.650513209 
-259.84767504 -40.590285987 
-260.42149424 -40.462053796 
-260.79719724 -40.370671771 
-261.216014 -40.260399905 
-261.5629751 -40.164634935 
-262.02387926 -40.031046251 
-262.26613625 -39.959804582 
-262.70035123 -39.828472491 
-262.89846826 -39.767265152 
-263.39838035 -39.607043031 
-263.63139898 -39.530280275 
-264.10770148 -39.37009558 
-264.45979585 -39.24885804 
-264.77801722 -39.092246071 
-265.10035126 -38.777307452 
-265.38572272 -38.66503301 
-265.75218906 -38.517201253 
-266.1124965 -38.366057849 
-266.46253902 -38.212716469 
-266.75920287 -38.076066992 
-267.14004166 -37.889462525 
-267.42028176 -37.746196319 
-267.67177941 -37.614047169 
-268.05467188 -37.40861805 
-268.46425405 -37.184325127 
-268.77734331 -37.008899635 
-269.09659208 -36.820178703 
-269.39941671 -36.634805288 
-269.7381705 -36.407303565 
-269.91370723 -36.273060914 
-270.20524063 -36.079955463 
-270.57786981 -35.826935632 
-270.90738503 -35.598341357 
-271.21842303 -35.375312144 
-271.42578178 -35.224411717 
-271.86924262 -34.887136763 
-272.17309569 -34.648619032 
-272.50466539 -34.380164509 
-272.8239169 -34.11615811 
-273.07028485 -33.906517348 
-273.43675741 -33.588186108 
-273.69339115 -33.357493404 
-274.00443161 -33.0680359 
-274.13788029 -32.968181213 
-274.64189666 -32.805736403 
-274.97552081 -32.495207269 
-275.23523454 -32.249009657 
-275.56475319 -31.925201403 
-275.80598975 -31.683461734 
-276.17759714 -31.29980111 
-276.49377159 -30.967156968 
-276.76785813 -30.672222442 
-276.86948573 -30.56245418 
-277.20413844 -30.195459364 
-277.65479081 -29.689887836 
-277.80466607 -29.521364523 
-278.28303535 -28.975891896 
-278.50066273 -28.723118342 
-278.86918568 -28.449068507 
-279.41221377 -28.148168997 
-279.6934855 -27.852115612 
-279.95114687 -27.579349675 
-280.4223284 -27.079280647 
-280.53216803 -26.96396349 
-281.06596834 -26.397366429 
-281.32773577 -26.119058158 
-281.60284809 -25.828550094 
-282.29473466 -25.104487539 
-282.55136909 -24.836151557 
-282.74230504 -24.637669847 
-282.97019623 -24.402593721 
-283.45780109 -23.902498002 
-283.79347819 -23.565393428 
-284.19792827 -23.276892836 
-284.5869784 -23.049309116 
-285.01504256 -22.642307442 
-285.37535537 -22.302949073 
-285.8301088 -21.881511915 
-286.09495386 -21.636412314 
-286.38854163 -21.368016964 
-286.82481712 -20.968751847 
-287.31857813 -20.5195738 
-287.58752896 -20.275574641 
-288.08026315 -19.830826645 
-288.370771 -19.567971693 
-288.67051751 -19.298459145 
-289.2084187 -18.814889097 
-289.57386294 -18.486593358 
-289.91775015 -18.174939045 
-290.46591626 -17.684709562 
-290.75437047 -17.431821866 
-291.14958345 -17.085764197 
-291.54992905 -16.734162601 
-291.89381556 -16.433579398 
-292.33727504 -16.047587598 
-292.65241868 -15.772514358 
-293.11948807 -15.367663404 
-293.60811438 -14.945063752 
-293.94686786 -14.652238464 
-294.40880435 -14.252931192 
-294.65927654 -14.036639314 
-294.48989994 -14.180837736 
-295.49076284 -13.295743318 
-295.95783209 -12.882034864 
-296.16519964 -12.466527917 
-296.60660538 -12.081645919 
-296.91661576 -11.81433039 
-297.22354647 -11.551448295 
-297.6741903 -11.169872745 
-297.92055592 -10.961337109 
-298.33629775 -10.611924226 
-298.67812982 -10.325736281 
-298.95529088 -10.095008563 
-299.29506973 -9.8132523699 
-299.61534455 -9.5492415195 
-299.897638 -9.3173983591 
-300.25897355 -9.0212147846 
-300.48891375 -8.8470263886 
-300.70756616 -8.5831782869 
-300.91185638 -8.1034622397 
-301.21160143 -7.8350555957 
-301.56164543 -7.5388899664 
-301.79671889 -7.3414434497 
-302.11699359 -7.0730038052 
-302.3582261 -6.8711188389 
-302.51938991 -6.7368973456 
-303.02135852 -6.322024724 
-303.2810682 -6.107931592 
-303.56336126 -5.8760880926 
-303.76763871 -5.7096905354 
-304.06019681 -5.4722948633 
-304.33222449 -5.2515390874 
-304.59090716 -5.0474116881 
-304.60528629 -4.8381404793 
-304.73668812 -4.5467537167 
-305.05285683 -4.2705704197 
-305.23865715 -4.110845203 
-305.49015477 -3.8956579249 
-305.70161795 -3.7170702456 
-305.79708431 -3.6372035025 
-306.04036933 -3.4386363495 
-306.21590398 -3.2977488064 
-306.44892344 -3.1158050881 
-306.60392756 -2.9948788607 
-306.78459448 -2.8573044464 
-306.93549229 -2.7452418553 
-307.12026499 -2.6109822327 
-307.28245465 -2.4856159054 
-307.41487762 -2.3248690879 
-307.52163846 -2.164163453 
-307.66124625 -2.0177978221 
-307.77724242 -1.933469533 
-307.86346972 -1.869117416 
-307.9568825 -1.8025394967 
-308.07185204 -1.7215342433 
-308.22480253 -1.6150039569 
-308.34901065 -1.5284481985 
-308.45166196 -1.4574269019 
-308.55636628 -1.3852951727 
-308.64567283 -1.3253666218 
-308.76269518 -1.2476794454 
-308.90024775 -1.156673708 
-309.00289895 -1.0878666588 
-309.17124601 -0.99791860254 
-309.4412168 -0.86352204718 
-309.55823869 -0.7969061709 
-309.6372798 -0.75138680218 
-309.78304399 -0.66590350587 
-309.84463451 -0.62926921761 
-309.99039864 -0.54489304312 
-310.07867828 -0.49493029574 
-310.19056749 -0.43385830196 
-310.29527114 -0.37722637551 
-310.40408081 -0.31837358559 
-310.50775796 -0.26174330013 
-310.61964712 -0.20177842537 
-310.73666882 -0.13848390197 
-310.82597488 -0.089626616798 
-310.9450495 -0.027435921598 
-311.33306508 0.088329138234 
-311.43468889 0.13609909359 
-311.5609487 0.19387282198 
-311.68823495 0.25054107141 
-311.81244175 0.30720438063 
-311.9325426 0.36386109842 
-312.06906749 0.42829413712 
-312.25794398 0.51606108109 
-312.34211718 0.55494596716 
-312.38933631 0.57716448838 
-312.36983268 0.56606182456 
-312.44887333 0.60161706852 
-312.79480455 0.75938575855 
-313.01447607 0.8615949573 
-313.1920603 0.92720115557 
-313.39222713 0.99173652008 
-313.58418277 1.0739728296 
-313.78229756 1.1628618478 
-313.9393523 1.2339707618 
-314.09640708 1.3061868171 
-314.31505211 1.4106087284 
-314.46492158 1.48502752 
-314.69177905 1.6049625208 
-314.83138371 1.6804719642 
-315.079798 1.8181557721 
-315.25122448 1.9158590487 
-315.53248762 2.0901310886 
-315.69364959 2.1966749518 
-315.94925078 2.3753343062 
-316.1217056 2.5217531356 
-316.30750835 2.7622997407 
-316.51999718 2.9397826879 
-316.74377794 3.133890803 
-316.96447963 3.3379581794 
-317.17081024 3.5342525286 
-317.42333474 3.7870849655 
-317.64403732 4.0155093167 
-317.84215666 4.2283974988 
-318.0998148 4.5144522381 
-318.35644677 4.8093624101 
-318.57715052 5.0698936852 
-318.79272175 5.3282024539 
-319.02677066 5.6131121549 
-319.27005828 5.9080009335 
-319.33576364 6.1793542178 
-319.46819601 6.5980635439 
-319.72483024 6.9549732753 
-319.9609337 7.2830645344 
-320.15084297 7.5468677664 
-320.34383194 7.8173187631 
-320.61791736 8.2030421067 
-320.89816216 8.6020609816 
-321.13631905 8.9456554945 
-321.31801638 9.2094455799 
-321.63008439 9.6705151843 
-321.84565782 9.9930378725 
-321.99758583 10.222458954 
-322.42257409 10.877458677 
-322.66689116 11.25870574 
-322.84038101 11.638731649 
-323.06417227 12.119587652 
-323.31156972 12.527410913 
-323.45939243 12.775646712 
-323.80020593 13.349690369 
-324.02399323 13.730904473 
-324.03425868 13.747527998 
-324.47772713 14.505521108 
-324.74154976 14.956549114 
-325.03103596 15.449689528 
-325.29793808 15.904043938 
-325.56176056 16.353964878 
-325.7547513 16.683094244 
-326.09864433 17.269321565 
-326.33167034 17.667157704 
-326.61704939 18.133720454 
-326.90653291 18.563754461 
-327.19293887 19.043604511 
-327.37053114 19.342816573 
-327.75137904 19.978924602 
-328.01006822 20.413337607 
-328.26875738 20.847750633 
-328.58493293 21.377469766 
-328.81795837 21.767556155 
-329.02737331 22.118854849 
-329.38358391 22.71506657 
-329.65151171 23.162780194 
-329.83628954 23.473075304 
-330.19660617 24.075936532 
-330.42963143 24.466023035 
-330.73759264 24.938158229 
-331.1718133 25.483567849 
-331.43768729 25.914671319 
-331.73538396 26.396754247 
-332.01870908 26.856671365 
-332.26405216 27.2545278 
-332.45498858 27.563725861 
-332.82454294 28.163280888 
-333.09452288 28.601033914 
-333.43328095 29.150718347 
-333.70839349 29.596229635 
-333.92807288 29.95197374 
-334.19805268 30.389726858 
-334.54502292 30.953817386 
-334.84887932 31.470231656 
-335.09011513 31.840403359 
-335.8856812 33.097176099 
-336.449251 34.020327511 
-336.74900014 34.507949877 
-336.87731734 34.715190883 
-336.92864419 34.797201581 
-336.99742223 34.909133042 
-337.17809298 35.205029213 
-337.51582418 35.761355211 
-337.85560881 36.332077285 
-338.1728099 36.875084602 
-338.47050698 37.392596395 
-338.75177938 37.882403366 
-339.01662719 38.346719778 
-339.26915633 38.78555226 
-339.51039322 39.197795334 
-339.73931119 39.577911677 
-340.02879463 40.052232168 
-340.3121189 40.518792804 
-340.62418617 41.033006616 
-340.92906759 41.533923254 
-341.2123917 41.999376836 
-341.47826468 42.437123922 
-341.80059702 42.964640029 
-342.06544333 43.399064106 
-342.25021979 43.701609992 
-342.69470969 44.427500393 
-342.95236996 44.845305937 
-343.19771179 45.243163197 
-343.52107005 45.762931206 
-343.792077 46.25161488 
-344.04153434 46.910762139 
-344.36694566 47.437176346 
-344.60510148 47.820629369 
-344.95001663 48.372539226 
-345.27029483 48.882338234 
-345.31238273 48.951048529 
-345.81025091 49.741239385 
-346.12436966 50.237742923 
-346.37689642 50.635612046 
-346.83370283 51.353773013 
-346.30503959 50.532532466 
-347.41985172 52.266998668 
-347.79042906 52.842200139 
-348.07580426 53.282193592 
-348.31704202 53.745365413 
-348.62295547 54.426747034 
-348.9175694 54.883362502 
-349.14648538 55.236908324 
-349.50269093 55.787729811 
-349.877374 56.368473829 
-350.12784701 56.756375728 
-350.53127276 57.38145166 
-350.76840081 57.748296484 
-351.09586332 58.254786304 
-351.37815859 58.692560795 
-351.70048837 59.191292436 
-352.09570167 59.805283937 
-352.40571311 60.28738871 
-352.71264493 60.765059994 
-353.00314931 61.136419983 
-353.26390031 61.897442393 
-353.45996729 62.208864268 
-353.89418891 62.900418459 
-354.06151304 63.166401367 
-354.47520399 63.825815528 
-354.76365852 64.287957207 
-355.19890663 64.987263163 
-355.45861846 65.40839442 
-355.78197503 65.932592176 
-356.05708469 66.378105353 
-356.4081575 66.948847662 
-356.55289809 67.186008644 
-356.95837691 67.847624071 
-357.31150287 68.428333997 
-357.60714313 68.91373736 
-357.89355194 69.586231142 
-358.18200669 70.067194374 
-358.38115341 70.400764185 
-358.81845496 71.134395055 
-359.10896284 71.624218758 
-359.40768289 72.127341396 
-359.76799459 72.732420154 
-360.02462677 73.162403836 
-359.45490333 72.209345788 
-360.62822549 74.171980696 
-361.07476521 74.917805314 
-361.08913658 74.941078413 
-361.492562 75.613762393 
-361.92575652 76.332994293 
-362.22344915 76.82061567 
-362.58273609 77.486585348 
-362.88042871 77.976421047 
-363.28180022 78.631387798 
-363.58359868 79.123444492 
-363.89668881 79.632126532 
-364.2539194 80.210629608 
-364.53621369 80.669440752 
-364.83390572 81.150419572 
-365.05152882 81.501733912 
-365.52988889 82.271967725 
-365.73519355 82.601119458 
-366.06162796 83.125323233 
-366.54614682 83.902209992 
-366.58926077 83.97092223 
-367.18464374 84.919594684 
-367.58909281 85.545781529 
-367.82519282 85.920375853 
-368.25427878 86.59974516 
-368.51501529 87.015343461 
-368.87840389 87.593857053 
-369.27156159 88.221132887 
-369.56206714 88.685493476 
-370.22622651 89.752741426 
-370.70355893 90.521867197 
-370.9807198 90.97292063 
-371.13059211 91.221161925 
-371.22913823 91.382963458 
-371.5771292 91.95480952 
-371.92101404 92.520006147 
-372.29158843 93.130638637 
-372.65702991 93.72576297 
-372.95266817 94.214489115 
-373.32426912 94.832873316 
-373.65480916 95.383655699 
-373.9863757 95.93665405 
-374.27893439 96.425375305 
-374.67722474 97.090302633 
-375.00673807 97.63997635 
-375.32085354 98.164161003 
-375.67910935 98.761488243 
-374.14651288 96.198197769 
-372.44967161 93.357857837 
-374.32718068 96.499631655 
-376.82368007 100.67758262 
-377.28664077 101.45222162 
-377.73112301 102.16704546 
-377.94258601 102.5172435 
-378.31829212 103.14117061 
-378.73813853 103.83934749 
-379.09639372 104.43556797 
-379.37663339 104.90101985 
-379.68664207 105.41634117 
-380.07671915 106.0646488 
-380.48630008 106.74730933 
-380.7973351 107.26373957 
-381.15969602 107.86660976 
-381.46559838 108.37528177 
-381.94292914 109.16876608 
-382.13694101 109.49236478 
-382.43257746 109.96669906 
-382.86166336 110.72799805 
-383.18809571 111.26770338 
-383.55045606 111.8661453 
-383.89741861 112.43909813 
-384.2803093 113.07521609 
-384.45687003 113.36557252 
-384.98552586 114.24217585 
-385.33454116 114.81734643 
-385.75233304 115.50887807 
-386.02538614 115.95992608 
-386.36003012 116.5129307 
-386.61152628 116.92740824 
-387.00570801 117.57793765 
-387.36601465 118.17194811 
-387.73453368 118.78922178 
-388.07534 119.45516408 
-388.45104422 120.07577095 
-388.81853615 120.67975749 
-388.96532765 120.92245891 
-389.44060352 121.7070839 
-389.7485576 122.21576003 
-390.18482572 122.93389355 
-390.54410526 123.5245813 
-390.89414619 124.10196841 
-391.09021008 124.42335673 
-391.56343242 125.20355015 
-391.92579131 125.80088586 
-392.25838131 126.3494592 
-392.5355395 126.80383585 
-392.89995152 127.41224633 
-393.24794434 128.14241454 
-393.61748855 128.75194062 
-393.86590438 129.16309229 
-394.16564567 129.65625557 
-394.50336788 130.21369458 
-395.0166234 131.0603818 
-395.34510687 131.60230595 
-395.60378757 132.02897437 
-396.04416057 132.7548653 
-396.33466291 133.23140671 
-396.72781623 133.87750707 
-396.99060268 134.3075037 
-397.41968364 135.01012659 
