-184.02005292 -25.513290077 -187.17686327 -28.728477929 
-183.63100475 -25.453005902 -186.7874228 -28.668578883 
-182.59114801 -25.283025477 -185.7496169 -28.496584064 
-181.18071988 -25.054945578 
-179.68201087 -24.818145807 
-178.37628538 -24.622007897 -181.54434858 -27.826108398 -182.72530405 -24.484903724 
-177.54583463 -24.515912447 -180.71451947 -27.719398196 -181.89482662 -24.377964446 
-177.47192342 -24.550348953 -180.63808312 -27.75633044 -181.82102276 -24.415827738 
-178.43581627 -24.774699333 -181.59517765 -27.987380493 -182.78519081 -24.649391103 
-179.46027413 -24.988990614 -182.61364297 -28.207553876 -183.80987463 -24.871787952 
-180.04230525 -25.119830462 -183.19489834 -28.339153582 -184.39193387 -25.003676042 
-180.60175241 -25.259562538 -183.75331063 -28.479898747 -184.95141814 -25.144806112 
-181.4886572 -25.448603909 -184.63603316 -28.673027747 -185.83846821 -25.339492919 
-181.87257192 -25.531039055 -185.01906733 -28.756322168 -186.22241256 -25.423115791 
-183.15262952 -25.806929116 -186.29748635 -29.033809966 -187.50252441 -25.701215216 
-183.90711397 -25.969605518 -187.05218231 -29.196280226 -188.25700192 -25.863606497 
-184.58358357 -26.115796699 -187.73046898 -29.340699294 -188.93341112 -26.007347425 
-185.26005316 -26.259773458 -188.41057663 -29.48112199 -189.60975553 -26.146414438 
-185.82052711 -26.379574532 -188.97260142 -29.599405586 -190.17017439 -26.264120967 
-186.62838977 -26.548809555 -189.78430615 -29.764874898 -190.9778961 -26.428162815 
-186.74027921 -26.572991475 -189.8963803 -29.788875554 -191.08977861 -26.452094923 
-187.76268217 -26.783961663 -190.92342067 -29.995287976 -192.11200258 -26.656788684 
-188.7655813 -26.989426347 -191.93225058 -30.194904499 -193.11465919 -26.854213799 
-189.32194902 -27.102590377 -192.49165825 -30.305062532 -193.67089666 -26.963251459 
-190.24170088 -27.284934888 -193.41607871 -30.482779462 -194.59044062 -27.139251598 
-190.90277284 -27.406791781 -194.07927515 -30.60252606 -195.25141481 -27.258218491 
-191.64903937 -27.662478247 -194.84452344 -30.839232267 -195.99671907 -27.488001192 
-192.28855398 -27.78990425 -195.48712214 -30.963552981 -196.63606216 -27.611204354 
-193.12618468 -27.953555196 -196.3296522 -31.122258452 -197.47341158 -27.76813875 
-193.90119822 -28.105125535 -197.10855313 -31.26989393 -198.24819423 -27.914372712 
-194.6289924 -28.24459119 -197.84014877 -31.40550233 -198.975756 -28.048613784 
-195.23565853 -28.360996686 -198.45020641 -31.518458709 -199.58220924 -28.16035298 
-196.04146719 -28.512518201 -199.25995232 -31.665966781 -200.38776416 -28.306451198 
-196.66558384 -28.630003182 -199.88748448 -31.779962034 -201.01165495 -28.419226213 
-197.52887673 -28.790291244 -200.75480389 -31.936126346 -201.87467467 -28.573955334 
-198.14375478 -28.90225473 -201.37282381 -32.044864742 -202.48933438 -28.681576374 
-198.64982295 -28.99446033 -201.88125793 -32.134637473 -202.99523511 -28.770509157 
-199.51722165 -29.151419967 -202.75256616 -32.287568949 -203.86235144 -28.92205545 
-200.07461514 -29.250187614 -203.31228229 -32.383938712 -204.4195738 -29.017603912 
-200.99641815 -29.422561335 -204.23724611 -32.553043507 -205.34113988 -29.185592984 
-201.74680252 -29.388169856 -204.97687079 -32.52975281 -206.09231172 -29.166109542 
-202.90574382 -29.265673376 -206.10626515 -32.437352381 -207.25314116 -29.084297071 
-203.68280902 -29.40727371 -206.88395174 -32.578325554 -208.03017074 -29.225045592 
-203.79469832 -29.424812179 -206.99606955 -32.595633331 -208.14204689 -29.242270778 
-205.04190467 -29.616602126 -208.24173357 -32.788979709 -209.3893415 -29.436174834 
-205.78920188 -29.729463186 -208.98872097 -32.902153235 -210.13665631 -29.549460446 
-206.57447973 -29.847800056 -209.7732184 -33.021276933 -210.9219783 -29.668866581 
-207.04769939 -29.919020279 -210.24534112 -33.093602434 -211.39525953 -29.741589288 
-207.88840843 -30.04391251 -211.08455142 -33.220003587 
-207.66873596 -30.012150829 -210.86520865 -33.187910082 -212.01636114 -29.836320542 
-209.19001871 -30.23672234 
-209.90036105 -30.341890507 
-210.49676113 -30.429523522 
-211.28717085 -30.543422532 
-211.92565749 -30.63652474 
-212.52923703 -30.851466379 
-213.227253 -31.123830259 
-213.82878452 -31.225847258 
-214.59147703 -31.356395989 
-215.18582266 -31.460638286 
-215.75450561 -31.560492326 
-216.3816991 -31.672432609 
-216.90316262 -31.766825095 
-217.73668283 -31.919404162 
-218.41109497 -32.043448121 
-219.03418181 -32.159822841 
-219.61928792 -32.270721596 
-220.31833561 -32.403583375 
-220.97324354 -32.529871746 
-221.49368018 -32.619836505 
-222.15064175 -32.728407245 
-222.50373891 -33.221632111 
-223.23152657 -33.395411828 
-223.90696272 -33.555988315 
-224.55057721 -33.711079166 
-225.0022364 -33.82108017 
-225.71257298 -33.994886799 
-226.16012601 -34.104894103 
-226.97721805 -34.307317473 
-227.58182491 -34.459147813 
-228.03348363 -34.572469754 
-228.50361921 -34.69129813 
-229.0897489 -34.838728791 
-229.81240247 -35.02247919 
-230.32154468 -35.152317023 
-230.85634986 -35.274364309 
-231.44144296 -35.64100854 
-232.01525378 -35.797315144 
-232.46896457 -35.9217045 
-233.01916579 -36.073619673 
-233.65969839 -36.251963208 
-234.15138919 -36.389577892 
-234.61947057 -36.520587008 
-235.16761841 -36.674719294 
-235.79377966 -36.851977949 
-236.42917923 -37.032543267 
-236.84388262 -37.150350825 
-237.3930566 -37.306695343 
-237.90117074 -37.452033364 
-238.44110608 -37.607285166 
-238.89789666 -37.71063313 
-239.55074781 -37.859063303 
-240.0752856 -38.0088035 
-240.5936644 -38.156339084 
-240.96730762 -38.264246841 
-241.58525597 -38.442624404 
-242.06976026 -38.582463414 
-242.46701269 -38.69697641 
-242.9063512 -38.824708319 
-243.38161685 -38.963454608 
-243.92360439 -39.122023561 
-244.49022759 -39.289410464 
-244.98499637 -39.434768406 
-245.36890398 -39.549302151 
-245.88522887 -39.703482863 
-246.10695199 -39.744095518 
-246.84295554 -39.739607933 
-247.28024061 -39.867342447 
-247.82633398 -40.01926138 
-248.34368566 -40.160154436 
-248.73991141 -40.265811151 
-249.18027638 -40.380254903 
-249.6586215 -40.50460257 
-250.05997984 -40.605822437 -253.71321437 -43.243389875 
-250.42746401 -40.696024634 -254.10364416 -43.301515774 
-250.88425316 -40.803799287 -254.5908996 -43.365762718 
-251.3769697 -40.914838284 -255.11992933 -43.423451002 -255.61146558 -39.91393585 
-251.77935496 -41.002770689 -255.55455607 -43.462596107 -256.00050453 -39.946997373 
-251.06491513 -40.862190827 -254.77159731 -43.424102564 
-252.61286792 -41.1675184 -256.46298429 -43.508349107 -256.79901898 -39.980547359 
-252.98445894 -41.23335683 -256.85162836 -43.545906332 -257.161798 -40.015736466 
-253.51003689 -41.029917449 -257.36920058 -43.35580225 -257.69155416 -39.826724091 
-253.93398006 -41.08127995 -257.83922183 -43.328938998 -258.09040685 -39.794082484 
-254.48315634 -41.134657892 -258.44975267 -43.27217936 -258.60194395 -39.73167907 
-254.73875438 -41.156394867 -258.73357389 -43.240693696 -258.83841668 -39.698475115 
-255.28895796 -41.188735494 -259.34281552 -43.15574422 -259.34439709 -39.61197476 
-255.64618009 -41.199239732 -259.73543171 -43.091567841 -259.67201852 -39.54836544 
-256.10707914 -41.202936516 -260.23941642 -42.999230798 -260.09325772 -39.458476341 
-256.44479825 -41.200186021 -260.60637822 -42.927651405 -260.40147624 -39.389810302 
-256.86258486 -41.187344143 -261.0581255 -42.83061018 -260.7819837 -39.297615672 
-257.28037171 -41.167859404 -261.50748571 -42.728113147 -261.16176309 -39.201247632 
-257.68378773 -41.142861766 -261.93919376 -42.624213874 -261.52792513 -39.104389644 
-258.13544988 -41.103394703 -262.41979542 -42.49884007 -261.93780093 -38.988001737 
-258.58711235 -41.055070504 -262.897551 -42.367702657 -262.34799641 -38.866803595 
-258.93407149 -41.011341112 -263.26328749 -42.260650229 -262.66247609 -38.7681826 
-259.30053392 -40.972009227 -263.64604369 -42.163407308 -262.99865764 -38.679272439 
-259.56949083 -40.650513209 -263.98553054 -41.545766088 -263.10435947 -38.113297292 
-259.84767504 -40.590285987 -264.27456214 -41.430259242 -263.35054696 -38.009075174 
-260.42149424 -40.462053796 -264.86532639 -41.207198257 -263.8683852 -37.806549387 
-260.79719724 -40.370671771 -265.249971 -41.060374834 -264.21072491 -37.672414968 
-261.216014 -40.260399905 -265.67683266 -40.895995194 -264.59653312 -37.520901509 
-261.5629751 -40.164634935 -266.02932487 -40.760121489 -264.91874174 -37.394871186 
-262.02387926 -40.031046251 -266.49632025 -40.57891131 -265.34994437 -37.225684978 
-262.26613625 -39.959804582 -266.74134808 -40.484555573 -265.57766314 -37.137296718 
-262.70035123 -39.828472491 -267.17983806 -40.315383371 -265.98790598 -36.97807871 
-262.89846826 -39.767265152 -267.3797815 -40.237069557 -266.17511609 -36.904340082 
-263.39838035 -39.607043031 -267.88332381 -40.040824882 -266.65191878 -36.717882488 
-263.63139898 -39.530280275 -268.11787862 -39.947874591 -266.87449019 -36.629397577 
-264.10770148 -39.37009558 -268.59735057 -39.752110654 -267.32769431 -36.443594752 
-264.45979585 -39.24885804 -268.95179068 -39.602223289 -267.66105333 -36.301874581 
-264.77801722 -39.092246071 -269.27511213 -39.373354279 -267.93148659 -36.094181382 
-265.10035126 -38.777307452 -269.60618055 -38.796978497 -268.07453093 -35.601301113 
-265.38572272 -38.66503301 -269.89155889 -38.647009013 -268.33322884 -35.464256755 
-265.75218906 -38.517201253 -270.25746823 -38.44409823 -268.66034793 -35.280633166 
-266.1124965 -38.366057849 -270.61629711 -38.22943927 -268.97473184 -35.088807495 
-266.46253902 -38.212716469 -270.96374988 -38.007813356 -269.27474562 -34.892437117 
-266.75920287 -38.076066992 -271.25726834 -37.810941507 -269.52672157 -34.718448605 
-267.14004166 -37.889462525 -271.63304412 -37.549148788 -269.85102074 -34.486029928 
-267.42028176 -37.746196319 -271.9090496 -37.353962039 -270.09173281 -34.311649734 
-267.67177941 -37.614047169 -272.15638327 -37.176768397 -270.30861526 -34.152854069 
-268.05467188 -37.40861805 -272.53235512 -36.90539117 -270.64028726 -33.908996056 
-268.46425405 -37.184325127 -272.93389985 -36.614105088 -270.9971756 -33.646378069 
-268.77734331 -37.008899635 -273.24027199 -36.388293392 -271.27019177 -33.442603586 
-269.09659208 -36.820178703 -273.5523025 -36.149709324 -271.54940841 -33.226231983 
-269.39941671 -36.634805288 -273.84778657 -35.917246878 -271.81408389 -33.01511699 
-269.7381705 -36.407303565 -274.17441828 -35.618259722 -272.09428097 -32.749229697 
-269.91370723 -36.273060914 -274.3403642 -35.431875681 -272.22661444 -32.58751873 
-270.20524063 -36.079955463 -274.62210397 -35.188774953 -272.47633022 -32.368498464 
-270.57786981 -35.826935632 -274.98163562 -34.87313732 -272.79603776 -32.083609315 
-270.90738503 -35.598341357 -275.29890064 -34.589641603 -273.07864916 -31.827615558 
-271.21842303 -35.375312144 -275.59831322 -34.317273163 -273.34713039 -31.580398971 
-271.42578178 -35.224411717 -275.79779807 -34.134293367 -273.52661244 -31.413995533 
-271.86924262 -34.887136763 -276.22322709 -33.727092034 -273.90873736 -31.04354181 
-272.17309569 -34.648619032 -276.51391318 -33.440236649 -274.16972973 -30.78258573 
-272.50466539 -34.380164509 -276.82968319 -33.116398129 -274.45172213 -30.488926786 
-272.8239169 -34.11615811 -277.13258468 -32.79772477 -274.72154226 -30.200576545 
-273.07028485 -33.906517348 -277.36556385 -32.545097929 -274.92869127 -29.972170316 
-273.43675741 -33.588186108 -277.71110206 -32.162401289 -275.23585669 -29.626367996 
-273.69339115 -33.357493404 -277.9526838 -31.887353759 -275.45121008 -29.37718769 
-274.00443161 -33.0680359 -278.24483001 -31.54425574 -275.71187409 -29.065861343 
-274.13788029 -32.968181213 -278.37282649 -31.429313049 -275.83106246 -28.959952786 
-274.64189666 -32.805736403 -278.866677 -31.239174674 -276.30880033 -28.786508476 
-274.97552081 -32.495207269 -279.17968013 -30.874118436 -276.5902861 -28.454750112 
-275.23523454 -32.249009657 -279.42311853 -30.586327426 -276.80987013 -28.192744905 
-275.56475319 -31.925201403 -279.73214871 -30.211813208 -277.09004183 -27.850124037 
-275.80598975 -31.683461734 -279.95874335 -29.934884575 -277.29675445 -27.595628371 
-276.17759714 -31.29980111 -280.30953282 -29.502583254 -277.62026011 -27.194745139 
-276.49377159 -30.967156968 -280.60987276 -29.133964214 -277.90057087 -26.849672692 
-276.76785813 -30.672222442 -280.87188455 -28.8121548 -278.14770422 -26.545627506 
-276.86948573 -30.56245418 -280.96967034 -28.693933188 -278.24082508 -26.433024513 
-277.20413844 -30.195459364 -281.29341259 -28.303179918 -278.55149512 -26.058142483 
-277.65479081 -29.689887836 -281.73488 -27.777884525 -278.98215386 -25.546113192 
-277.80466607 -29.521364523 -281.88184778 -27.60316905 -279.12573655 -25.375579461 
-278.28303535 -28.975891896 -282.35568337 -27.048089367 -279.59432802 -24.827003792 
-278.50066273 -28.723118342 -282.57223789 -26.793050927 -279.80964761 -24.573501546 
-278.86918568 -28.449068507 -282.94125413 -26.520042034 -280.17923136 -24.299786483 
-279.41221377 -28.148168997 -283.49051538 -26.232355732 -280.73570597 -24.003156409 
-279.6934855 -27.852115612 -283.77159655 -25.935896746 -281.01656545 -23.706971415 
-279.95114687 -27.579349675 -284.02923853 -25.663089529 -281.27418486 -23.434192086 
-280.4223284 -27.079280647 -284.50041895 -25.163018154 -281.74536401 -22.934122296 
-280.53216803 -26.96396349 -284.61011541 -25.047396326 -281.85489396 -22.818706306 
-281.06596834 -26.397366429 -285.14597411 -24.485185107 -282.3931506 -22.253533877 
-281.32773577 -26.119058158 -285.40997593 -24.211651602 -282.65976525 -21.976781197 
-281.60284809 -25.828550094 -285.68822294 -23.927866831 -282.94169532 -21.688471704 
-282.29473466 -25.104487539 -286.39018433 -23.225611126 -283.65563434 -20.971605609 
-282.55136909 -24.836151557 -286.65084574 -22.966077846 -283.92114441 -20.706202823 
-282.74230504 -24.637669847 -286.84512032 -22.774932263 -284.11946581 -20.510177971 
-282.97019623 -24.402593721 -287.07693522 -22.548522672 -284.35606842 -20.278018681 
-283.45780109 -23.902498002 -287.57302919 -22.067346184 -284.86264028 -19.784344553 
-283.79347819 -23.565393428 -287.91468585 -21.743709596 -285.21177761 -19.451856296 
-284.19792827 -23.276892836 -288.32313777 -21.464289427 -285.62528336 -19.166489155 
-284.5869784 -23.049309116 -288.71583252 -21.245023077 -286.02261444 -18.941790384 
-285.01504256 -22.642307442 -289.15017683 -20.852461346 -286.4650242 -18.539830846 
-285.37535537 -22.302949073 -289.51532709 -20.524320751 -286.83645434 -18.204418752 
-285.8301088 -21.881511915 -289.97533468 -20.115163431 -287.30335053 -17.787330704 
-286.09495386 -21.636412314 -290.24287082 -19.876392603 -287.57444268 -17.544484429 
-286.38854163 -21.368016964 -290.53922117 -19.614522207 -287.87446335 -17.278420699 
-286.82481712 -20.968751847 -290.97808221 -19.221389946 -288.31677794 -16.881354889 
-287.31857813 -20.5195738 -291.47272438 -18.774307802 -288.8126012 -16.432930185 
-287.58752896 -20.275574641 -291.74165276 -18.530255191 -289.08149945 -16.188911803 
-288.08026315 -19.830826645 -292.23458175 -18.085970927 -289.57468982 -15.744330602 
-288.370771 -19.567971693 -292.52529339 -17.823601266 -289.86567502 -15.481650247 
-288.67051751 -19.298459145 -292.82526937 -17.554635319 -290.16595913 -15.21233441 
-289.2084187 -18.814889097 -293.36352263 -17.07190435 -290.70468547 -14.729066447 
-289.57386294 -18.486593358 -293.72921968 -16.744211395 -291.07072242 -14.400987809 
-289.91775015 -18.174939045 -294.06974905 -16.424570611 -291.40675128 -14.086462969 
-290.46591626 -17.684709562 -294.60607413 -15.906514598 -291.92744423 -13.586332203 
-290.75437047 -17.431821866 -294.894392 -15.653309515 -292.21558424 -13.333332476 
-291.14958345 -17.085764197 -295.28983977 -15.30779848 -292.61133835 -12.987467771 
-291.54992905 -16.734162601 -295.6903433 -14.956564684 -293.01204801 -12.635996043 
-291.89381556 -16.433579398 -296.03442262 -14.656430641 -293.35637907 -12.335571475 
-292.33727504 -16.047587598 -296.47805731 -14.270847142 -293.80024264 -11.949723913 
-292.65241868 -15.772514358 -296.79341962 -13.996283584 -294.11589065 -11.674830774 
-293.11948807 -15.367663404 -297.26054844 -13.591571208 -294.58309717 -11.270028797 
-293.60811438 -14.945063752 -297.74930743 -13.169280942 -295.07202961 -10.847538503 
-293.94686786 -14.652238464 -298.08832714 -12.877076641 -295.41139749 -10.554932773 
-294.40880435 -14.252931192 -298.55054917 -12.478435671 -295.87399314 -10.155861168 
-294.65927654 -14.036639314 -298.80098382 -12.262056175 -296.12437866 -9.9395382955 
-294.48989994 -14.180837736 -298.63170723 -12.406488025 -295.95523297 -10.083819296 
-295.49076284 -13.295743318 -299.63385574 -11.524397563 -296.95906649 -9.1997885624 
-295.95783209 -12.882034864 -300.10230597 -11.113922657 -297.42933152 -8.7872271272 
-296.16519964 -12.466527917 -300.32537721 -10.735687942 -297.67339498 -8.3850933937 
-296.60660538 -12.081645919 -300.76722941 -10.351879411 -298.11585377 -8.0006006759 
-296.91661576 -11.81433039 -301.07751503 -10.08522606 -298.42651363 -7.733525393 
-297.22354647 -11.551448295 -301.38443317 -9.8223137315 -298.73341468 -7.4706323272 
-297.6741903 -11.169872745 -301.834921 -9.4403628155 -299.18369036 -7.0889205816 
-297.92055592 -10.961337109 -302.08128122 -9.2318141996 -299.43004324 -6.8803802363 
-298.33629775 -10.611924226 -302.49732185 -8.8831203118 -299.84649023 -6.5312282524 
-298.67812982 -10.325736281 -302.83946816 -8.5976888873 -300.18906417 -6.2453149337 
-298.95529088 -10.095008563 -303.11701349 -8.367886836 -300.46713282 -6.0149234006 
-299.29506973 -9.8132523699 -303.45765101 -8.088201192 -300.8089412 -5.7339198094 
-299.61534455 -9.5492415195 -303.77977147 -7.8286506518 -301.13358529 -5.4715330911 
-299.897638 -9.3173983591 -304.06421135 -7.6020118215 -301.4209722 -5.2415899858 
-300.25897355 -9.0212147846 -304.42871698 -7.3135484816 -301.78985431 -4.9482349094 
-300.48891375 -8.8470263886 -304.66011512 -7.1429243903 -302.02327494 -4.7753563718 
-300.70756616 -8.5831782869 -304.87793606 -6.8770424519 -302.23994167 -4.5107605402 
-300.91185638 -8.1034622397 -305.12312178 -6.500924189 -302.54441928 -4.0701634233 
-301.21160143 -7.8350555957 -305.42707927 -6.2436313608 -302.85479747 -3.8060770938 
-301.56164543 -7.5388899664 -305.78002954 -5.9551854414 -303.21221434 -3.5129263242 
-301.79671889 -7.3414434497 -306.01706876 -5.7629848502 -303.45229199 -3.3175350654 
-302.11699359 -7.0730038052 -306.33955854 -5.500480443 -303.77822254 -3.0514270809 
-302.3582261 -6.8711188389 -306.58225097 -5.3025212402 -304.02319259 -2.851088047 
-302.51938991 -6.7368973456 -306.74418478 -5.1703748339 -304.18633089 -2.7176848926 
-303.02135852 -6.322024724 -307.24856265 -4.7620151921 -304.69449181 -2.3053860806 
-303.2810682 -6.107931592 -307.50955941 -4.5514141382 -304.95751854 -2.0926762775 
-303.56336126 -5.8760880926 -307.7932413 -4.3233487862 -305.24339796 -1.8623320387 
-303.76763871 -5.7096905354 -307.99849036 -4.1596005875 -305.45018879 -1.696987428 
-304.06019681 -5.4722948633 -308.29244723 -3.9260281031 -305.74637166 -1.4611135699 
-304.33222449 -5.2515390874 -308.56615083 -3.7098671952 -306.02275234 -1.2421904398 
-304.59090716 -5.0474116881 -308.82732773 -3.5126070639 -306.28793387 -1.0408094741 
-304.60528629 -4.8381404793 -308.85444095 -3.338950973 -306.33588514 -0.84592447779 
-304.73668812 -4.5467537167 -309.01289302 -3.1265579193 -306.5409651 -0.58729093223 
-305.05285683 -4.2705704197 -309.33978766 -2.883087603 -306.88733267 -0.32500843691 
-305.23865715 -4.110845203 -309.53354284 -2.7481855031 -307.09592738 -0.17596168713 
-305.49015477 -3.8956579249 -309.79814119 -2.5749999602 -307.38575804 0.02090296605 
-305.70161795 -3.7170702456 -310.02242907 -2.4389952223 -307.63578425 0.18059080997 
-305.79708431 -3.6372035025 -310.12396902 -2.3798438875 -307.74990187 0.25114634939 
-306.04036933 -3.4386363495 -310.38322404 -2.2375961959 -308.04353813 0.42401503434 
-306.21590398 -3.2977488064 -310.56976843 -2.1372537284 -308.25500115 0.54605708224 
-306.44892344 -3.1158050881 -310.81667844 -2.0087365087 -308.53495824 0.70273125531 
-306.60392756 -2.9948788607 -310.98086301 -1.924682335 -308.72208939 0.80593045568 
-306.78459448 -2.8573044464 -311.1723797 -1.8324994028 -308.94200954 0.92136214815 
-306.93549229 -2.7452418553 -311.33217617 -1.7593131692 -309.12626776 1.0141814808 
-307.12026499 -2.6109822327 -311.52733844 -1.6725856533 -309.35150634 1.1245663226 
-307.28245465 -2.4856159054 -311.69837464 -1.5897726629 -309.54962449 1.2282367926 
-307.41487762 -2.3248690879 -311.83900991 -1.4705049952 -309.71679903 1.3675445943 
-307.52163846 -2.164163453 -311.95267508 -1.3463621621 -309.85397265 1.5091154876 
-307.66124625 -2.0177978221 -312.09952126 -1.2402378975 -310.02681614 1.6341660393 
-307.77724242 -1.933469533 -312.22073448 -1.1862996456 -310.1677479 1.7022208429 
-307.86346972 -1.869117416 -312.31066453 -1.1443120489 -310.27223599 1.7545003932 
-307.9568825 -1.8025394967 -312.40784023 -1.1012122756 -310.38473724 1.8083166865 
-308.07185204 -1.7215342433 -312.52732136 -1.0494645748 -310.5233774 1.8732932093 
-308.22480253 -1.6150039569 -312.68608285 -0.98265717372 -310.70825887 1.9578388354 
-308.34901065 -1.5284481985 -312.81485577 -0.92918879467 -310.85888306 2.0258873864 
-308.45166196 -1.4574269019 -312.92114796 -0.88595565105 -310.983593 2.0812290844 
-308.55636628 -1.3852951727 -313.02917715 -0.84045810243 -311.10933162 2.138215706 
-308.64567283 -1.3253666218 -313.12087895 -0.80056689961 -311.21439294 2.1866752359 
-308.76269518 -1.2476794454 -313.2407505 -0.74777434445 -311.35090594 2.2500235212 
-308.90024775 -1.156673708 -313.38180308 -0.68918432778 -311.51369968 2.3222097304 
-309.00289895 -1.0878666588 -313.48707575 -0.64622995713 -311.63636997 2.3758872832 
-309.17124601 -0.99791860254 -313.65522813 -0.55430962667 -311.80319328 2.4669933083 
-309.4412168 -0.86352204718 -313.9246772 -0.41467089264 -312.06911125 2.6044646567 
-309.55823869 -0.7969061709 -314.04344243 -0.36582392493 -312.19985414 2.6606404677 
-309.6372798 -0.75138680218 -314.12353385 -0.33137591834 -312.28742087 2.6996294648 
-309.78304399 -0.66590350587 -314.27130354 -0.26789513082 -312.45007458 2.7720768328 
-309.84463451 -0.62926921761 -314.333785 -0.2414389104 -312.5194538 2.8026548409 
-309.99039864 -0.54489304312 -314.48150448 -0.18040317426 -312.68302139 2.873080584 
-310.07867828 -0.49493029574 -314.57077491 -0.142861645 -312.78074289 2.9155840106 
-310.19056749 -0.43385830196 -314.68375345 -0.095975964683 -312.90338791 2.9681067734 
-310.29527114 -0.37722637551 -314.7894587 -0.05293839741 -313.01837079 3.0165162921 
-310.40408081 -0.31837358559 -314.89925029 -0.00799340379 -313.13766859 3.0669268212 
-310.50775796 -0.26174330013 -315.00365603 0.037898279546 -313.24942448 3.1170176632 
-310.61964712 -0.20177842537 -315.11617186 0.088307384715 -313.3684883 3.1711480674 
-310.73666882 -0.13848390197 -315.23379689 0.14209351845 -313.4926358 3.228622724 
-310.82597488 -0.089626616798 -315.32357739 0.18323994499 -313.58771079 3.2727498812 
-310.9450495 -0.027435921598 -315.44329233 0.23466322964 -313.71482656 3.3283197343 
-311.33306508 0.088329138234 -315.83237552 0.33141379658 -314.11700075 3.4323481555 
-311.43468889 0.13609909359 -315.93433972 0.37279909456 -314.22336683 3.4761644069 
-311.5609487 0.19387282198 -316.0608155 0.42643104792 -314.35269981 3.5313698997 
-311.68823495 0.25054107141 -316.18811367 0.4828684704 -314.48015726 3.5878949382 
-311.81244175 0.30720438063 -316.31232042 0.53953273485 -314.60436334 3.6445588401 
-311.9325426 0.36386109842 -316.43231885 0.5981648248 -314.72299887 3.7024408575 
-312.06906749 0.42829413712 -316.56852763 0.66859196649 -314.85507384 3.7705881992 
-312.25794398 0.51606108109 -316.75689709 0.76567156593 -315.03702634 3.8641145757 
-312.34211718 0.55494596716 -316.84088828 0.80781570135 -315.11877328 3.9050119192 
-312.38933631 0.57716448838 -316.88853609 0.8222886017 -315.17175589 3.9224450846 
-312.36983268 0.56606182456 -316.86946125 0.8031845853 -315.1581968 3.906389131 
-312.44887333 0.60161706852 -316.94773639 0.85284548672 -315.22675146 3.9506697825 
-312.79480455 0.75938575855 -317.29001581 1.0691602736 -315.52884843 4.1443178202 
-313.01447607 0.8615949573 -317.50690513 1.2093960659 -315.71977936 4.2695408287 
-313.1920603 0.92720115557 -317.68444846 1.2755302835 -315.89696302 4.3354649737 
-313.39222713 0.99173652008 -317.8834713 1.3545178417 -316.08614996 4.4086855637 
-313.58418277 1.0739728296 -318.07066546 1.4915342553 -316.23620762 4.5235416638 
-313.78229756 1.1628618478 -318.26242236 1.6438673237 -316.38524385 4.6496127103 
-313.9393523 1.2339707618 -318.41318406 1.7703604411 -316.49896687 4.752654359 
-314.09640708 1.3061868171 -318.56273012 1.901873846 -316.60912177 4.858513644 
-314.31505211 1.4106087284 -318.76894536 2.0930451475 -316.7582051 5.0111315279 
-314.46492158 1.48502752 -318.90902476 2.2285538738 -316.85840721 5.1187566643 
-314.69177905 1.6049625208 -319.11888138 2.4438006895 -317.00663996 5.289277919 
-314.83138371 1.6804719642 -319.24647597 2.5803857823 -317.09512886 5.3964131467 
-315.079798 1.8181557721 -319.47006243 2.8322873074 -317.24639587 5.5915646625 
-315.25122448 1.9158590487 -319.62218661 3.0101965378 -317.34837655 5.7283010731 
-315.53248762 2.0901310886 -319.86872391 3.3148511675 -317.51454913 5.9636557259 
-315.69364959 2.1966749518 -320.00848795 3.494771411 -317.60972202 6.1032626444 
-315.94925078 2.3753343062 -320.22831183 3.7869012011 -317.76151117 6.3311494251 
-316.1217056 2.5217531356 -320.37151763 4.0190781516 -317.85405589 6.5132094406 
-316.30750835 2.7622997407 -320.50945795 4.389107677 -317.91677429 6.8049503703 
-316.51999718 2.9397826879 -320.68818467 4.651243327 -318.04717033 7.0141541894 
-316.74377794 3.133890803 -320.87663911 4.9289794073 -318.18855588 7.2382028859 
-316.96447963 3.3379581794 -321.0633925 5.2092672763 -318.33301023 7.4683195395 
-317.17081024 3.5342525286 -321.23920244 5.4710202906 -318.47296191 7.6860186598 
-317.42333474 3.7870849655 -321.45568313 5.7978189004 -318.6494578 7.961936246 
-317.64403732 4.0155093167 -321.64628118 6.0855162185 -318.80843268 8.2079959811 
-317.84215666 4.2283974988 -321.8195485 6.3457634797 -318.95670699 8.4344096891 
-318.0998148 4.5144522381 -322.0483435 6.6851677127 -319.15764524 8.7350867569 
-318.35644677 4.8093624101 -322.27992461 7.0250352604 -319.36600132 9.0418038556 
-318.57715052 5.0698936852 -322.48205018 7.318147043 -319.55144116 9.3105915904 
-318.79272175 5.3282024539 -322.68157302 7.6041023375 -319.73690246 9.5757056918 
-319.02677066 5.6131121549 -322.90031857 7.9149616536 -319.94253188 9.8668331582 
-319.27005828 5.9080009335 -323.13084318 8.2311936598 -320.16232907 10.16671128 
-319.33576364 6.1793542178 -323.18745675 8.5175895865 -320.21141508 10.441512771 
-319.46819601 6.5980635439 -323.25762353 9.0359158049 -320.23243766 10.881601298 
-319.72483024 6.9549732753 -323.50567801 9.4061107003 -320.47403276 11.24116699 
-319.9609337 7.2830645344 -323.73366346 9.7466786708 -320.69597262 11.571709863 
-320.15084297 7.5468677664 -323.91635162 10.021504938 -320.87333636 11.837644419 
-320.34383194 7.8173187631 -324.10150194 10.303842582 -321.05276287 12.110357071 
-320.61791736 8.2030421067 -324.36206604 10.709879792 -321.30358819 12.499856799 
-320.89816216 8.6020609816 -324.62728076 11.131202923 -321.55817297 12.902891913 
-321.13631905 8.9456554945 -324.85168744 11.494953879 -321.77303079 13.249997389 
-321.31801638 9.2094455799 -325.02240206 11.774676813 -321.93623643 13.516482258 
-321.63008439 9.6705151843 -325.31577315 12.262538127 -322.21705945 13.981921134 
-321.84565782 9.9930378725 -325.51845852 12.60329064 -322.41126376 14.307299211 
-321.99758583 10.222458954 -325.66134699 12.845384546 -322.54828394 14.538648542 
-322.42257409 10.877458677 -326.061807 13.534311765 -322.93314588 15.198578603 
-322.66689116 11.25870574 -326.29249487 13.934127621 -323.15536701 15.582379215 
-322.84038101 11.638731649 -326.44884563 14.337225233 -323.30126812 15.965432939 
-323.06417227 12.119587652 -326.64546418 14.854040562 -323.4817577 16.450682593 
-323.31156972 12.527410913 -326.88230328 15.275636954 -323.71247076 16.860082067 
-323.45939243 12.775646712 -327.024673 15.530943244 -323.85170692 17.109103798 
-323.80020593 13.349690369 -327.35773323 16.114990355 -324.18034685 17.684232312 
-324.02399323 13.730904473 -327.57896772 16.499485504 -324.40013489 18.065795294 
-324.03425868 13.747527998 -327.5884781 16.517078287 -324.40921829 18.082521223 
-324.47772713 14.505521108 -328.03089303 17.276422874 -324.85103812 18.840656618 
-324.74154976 14.956549114 -328.29468776 17.727486648 -325.1148171 19.291688382 
-325.03103596 15.449689528 -328.58432438 18.220434174 -325.40453864 19.784808526 
-325.29793808 15.904043938 -328.85118436 18.674842632 -325.67137482 20.239168617 
-325.56176056 16.353964878 -329.11495252 19.124833232 -325.93511231 20.689096877 
-325.7547513 16.683094244 -329.30795973 19.453941479 -326.12812882 21.018224024 
-326.09864433 17.269321565 -329.65152986 20.040582821 -326.47151669 21.604494824 
-326.33167034 17.667157704 -329.88417056 20.438912873 -326.70394 22.00238276 
-326.61704939 18.133720454 -330.17254574 20.901631258 -326.99400825 22.468540289 
-326.90653291 18.563754461 -330.47058056 21.320645626 -327.29690882 22.897386614 
-327.19293887 19.043604511 -330.75662714 21.800960207 -327.5827499 23.377287511 
-327.37053114 19.342816573 -330.93395602 22.100512646 -327.75992823 23.676536786 
-327.75137904 19.978924602 -331.3141945 22.73740797 -328.13981856 24.312730749 
-328.01006822 20.413337607 -331.57264897 23.172124099 -328.39813901 24.747176788 
-328.26875738 20.847750633 -331.83128383 23.606607249 -328.65674286 25.181597451 
-328.58493293 21.377469766 -332.14710015 24.136790186 -328.97235415 25.711367062 
-328.81795837 21.767556155 -332.37984001 24.527245211 -329.20493107 26.101493522 
-329.02737331 22.118854849 -332.58904526 24.878814525 -329.41401672 26.452821605 
-329.38358391 22.71506657 -332.94506062 25.475278188 -329.76992075 27.049060667 
-329.65151171 23.162780194 -333.21299218 25.922986957 -330.03785445 27.496773763 
-329.83628954 23.473075304 -333.39778233 26.233266169 -330.22265163 27.807067149 
-330.19660617 24.075936532 -333.75800062 26.836254282 -330.58281385 28.40994214 
-330.42963143 24.466023035 -333.99086957 27.226542451 -330.81559369 28.800050506 
-330.73759264 24.938158229 -334.29997679 27.697198586 -331.12535459 29.272025052 
-331.1718133 25.483567849 -334.73873669 28.236737297 -331.56671251 29.81679016 
-331.43768729 25.914671319 -335.00359022 28.669162335 -331.83098075 30.248039665 
-331.73538396 26.396754247 -335.3000105 29.152896867 -332.12666996 30.730304322 
-332.01870908 26.856671365 -335.5818313 29.614758484 -332.40763057 31.190434285 
-332.26405216 27.2545278 -335.82607113 30.014039612 -332.65124053 31.588445906 
-332.45498858 27.563725861 -336.01605929 30.324461259 -332.84068799 31.897776732 
-332.82454294 28.163280888 -336.3833266 30.926963826 -333.20665372 32.497649623 
-333.09452288 28.601033914 -336.65164542 31.366854539 -333.47402942 32.935631447 
-333.43328095 29.150718347 -336.9879678 31.919668675 -333.80897227 33.48564822 
-333.70839349 29.596229635 -337.26065184 32.368294763 -334.08028488 33.931487156 
-333.92807288 29.95197374 -337.47803275 32.726981739 -334.29637143 34.287537965 
-334.19805268 30.389726858 -337.74384471 33.170058379 -334.55984539 34.725838827 
-334.54502292 30.953817386 -338.08410653 33.74268306 -334.89636839 35.290788373 
-334.84887932 31.470231656 -338.38453508 34.263441787 -335.19489803 35.80763088 
-335.09011513 31.840403359 -338.61763772 34.64387779 -335.42352608 36.178789939 
-335.8856812 33.097176099 -339.39364281 35.925088731 -336.18894514 37.43777421 
-336.449251 34.020327511 -339.94814162 36.859455708 -336.73861781 38.36187422 
-336.74900014 34.507949877 -340.24287115 37.353253004 -337.03069894 38.850000863 
-336.87731734 34.715190883 -340.36912605 37.563024527 -337.1558703 39.057444817 
-336.92864419 34.797201581 -340.42023503 37.64530233 -337.20686498 39.139476811 
-336.99742223 34.909133042 -340.48951964 37.756612669 -337.27641541 39.251358713 
-337.17809298 35.205029213 -340.67030041 38.052373909 -337.45725394 39.547244102 
-337.51582418 35.761355211 -341.00701429 38.609947161 -337.79343406 40.10366954 
-337.85560881 36.332077285 -341.34578442 39.18191215 -338.13167252 40.674490187 
-338.1728099 36.875084602 -341.66213123 39.725965373 -338.44757214 41.217580047 
-338.47050698 37.392596395 -341.95906011 40.244417138 -338.74409927 41.735165707 
-338.75177938 37.882403366 -342.23957612 40.735149124 -339.02422007 42.225045079 
-339.01662719 38.346719778 -342.503605 41.200466491 -339.28782145 42.689439508 
-339.26915633 38.78555226 -342.75517816 41.640466677 -339.5388961 43.128362576 
-339.51039322 39.197795334 -342.99524742 42.054134897 -339.77835726 43.540715579 
-339.73931119 39.577911677 -343.22277983 42.435940848 -340.00516914 43.920961358 
-340.02879463 40.052232168 -343.51128011 42.911459235 -340.29315886 44.395373028 
-340.3121189 40.518792804 -343.79363878 43.379195543 -340.57501669 44.862022678 
-340.62418617 41.033006616 -344.10466194 43.894679724 -340.88549891 45.376332143 
-340.92906759 41.533923254 -344.40904714 44.396199766 -341.18962728 45.877294022 
-341.2123917 41.999376836 -344.69264527 44.861320159 -341.47336721 46.342722638 
-341.47826468 42.437123922 -344.9592859 45.298133492 -341.74040538 46.780399556 
-341.80059702 42.964640029 -345.28291261 45.824073998 -342.06470321 47.307796588 
-342.06544333 43.399064106 -345.54923238 46.256702709 -342.3317882 47.742083953 
-342.25021979 43.701609992 -345.73519432 46.557802738 -342.51836679 48.044518944 
-342.69470969 44.427500393 -346.18414368 47.278243259 -342.96964355 48.769984976 
-342.95236996 44.845305937 -346.44496367 47.692176801 -343.23212005 49.18748291 
-343.19771179 45.243163197 -346.69368212 48.085886528 -343.48261562 49.585005063 
-343.52107005 45.762931206 -347.02167995 48.59993928 -343.81306688 50.104301822 
-343.792077 46.25161488 -347.29820101 49.081805507 -344.09252146 50.59240906 
-344.04153434 46.910762139 -347.56354247 49.721161272 -344.36642153 51.24979536 
-344.36694566 47.437176346 -347.8938406 50.241440345 -344.69938545 51.775637452 
-344.60510148 47.820629369 -348.13544601 50.62054936 -344.942882 52.158677927 
-344.95001663 48.372539226 -348.48505206 51.166534392 -345.2950722 52.710015178 
-345.27029483 48.882338234 -348.80944035 51.671125343 -345.62173658 53.21930142 
-345.31238273 48.951048529 -348.85209962 51.739110377 -345.66471316 53.287939611 
-345.81025091 49.741239385 -349.35655975 52.52091169 -346.1728497 54.077284022 
-346.12436966 50.237742923 -349.67463818 53.012356038 -346.49315046 54.573266155 
-346.37689642 50.635612046 -349.9304201 53.406054973 -346.75076719 54.970699315 
-346.83370283 51.353773013 -350.39330536 54.116401173 -347.21709809 55.688028318 
-346.30503959 50.532532466 -349.85846019 53.303107592 -346.67874909 54.86763364 
-347.41985172 52.266998668 -350.9867414 55.020211806 -347.81469786 56.600225816 
-347.79042906 52.842200139 -351.36200352 55.589333271 -348.19265605 57.1747484 
-348.07580426 53.282193592 -351.65086006 56.024794648 -348.48352594 57.614228219 
-348.31704202 53.745365413 -351.89687878 56.481723091 -348.73232337 58.076681885 
-348.62295547 54.426747034 -352.21290096 57.149829095 -349.0542737 58.756495937 
-348.9175694 54.883362502 -352.50857879 57.605041407 -349.35057966 59.212942516 
-349.14648538 55.236908324 -352.73774723 57.9582541 -349.57989726 59.566448151 
-349.50269093 55.787729811 -353.09325488 58.50999634 -349.93499266 60.117380628 
-349.877374 56.368473829 -353.46726774 59.091624104 -350.30860996 60.698230927 
-350.12784701 56.756375728 -353.71726591 59.480151863 -350.55832806 61.086207947 
-350.53127276 57.38145166 -354.11976718 60.106445659 -350.96028452 61.711429707 
-350.76840081 57.748296484 -354.35624838 60.474142103 -351.19638488 62.078376231 
-351.09586332 58.254786304 -354.68253262 60.98218211 -351.52197616 62.585050594 
-351.37815859 58.692560795 -354.9635781 61.421599346 -351.80228772 63.023019831 
-351.70048837 59.191292436 -355.28422707 61.922537843 -352.12195136 63.522011768 
-352.09570167 59.805283937 -355.67666816 62.540163007 -352.5127717 64.13642854 
-352.40571311 60.28738871 -355.98419367 63.025519704 -352.81884842 64.618910404 
-352.71264493 60.765059994 -356.28872602 63.506324034 -353.12198646 65.096941858 
-353.00314931 61.136419983 -356.57801102 63.879274026 -353.41056443 65.468483452 
-353.26390031 61.897442393 -356.83980446 64.638937256 -353.67296223 66.229350671 
-353.45996729 62.208864268 -357.0343716 64.952314347 -353.86666007 66.54099561 
-353.89418891 62.900418459 -357.4645706 65.649101615 -354.29453526 67.233140902 
-354.06151304 63.166401367 -357.63019585 65.917289853 -354.45918247 67.499370326 
-354.47520399 63.825815528 -358.03927441 66.582677247 -354.8656157 68.159444455 
-354.76365852 64.287957207 -358.32441861 67.049093216 -355.14887033 68.622051442 
-355.19890663 64.987263163 -358.75462081 67.754894126 -355.57620666 69.322053315 
-355.45861846 65.40839442 -359.01151652 68.179639597 -355.83151044 69.743565991 
-355.78197503 65.932592176 -359.33150937 68.708144461 -356.1496088 70.268212822 
-356.05708469 66.378105353 -359.60357698 69.157543595 -356.41996966 70.714126048 
-356.4081575 66.948847662 -359.9507954 69.733196999 -356.76503445 71.285366983 
-356.55289809 67.186008644 -360.09397822 69.972338855 -356.90734968 71.522726879 
-356.95837691 67.847624071 -360.49537545 70.639133666 -357.30648133 72.184856402 
-357.31150287 68.428333997 -360.84473948 71.224603575 -357.65376696 72.766031113 
-357.60714313 68.91373736 -361.13752375 71.713611861 -357.94497955 73.251781566 
-357.89355194 69.586231142 -361.4211681 72.389587831 -358.22710769 73.924606591 
-358.18200669 70.067194374 -361.70698217 72.873870759 -358.51147809 74.405881914 
-358.38115341 70.400764185 -361.90453108 73.209446142 -358.70815567 74.739638522 
-358.81845496 71.134395055 -362.34099968 73.944121599 -359.14417069 75.473366159 
-359.10896284 71.624218758 -362.63255586 74.432630541 -359.43629779 75.963068008 
-359.40768289 72.127341396 -362.93348715 74.932976591 -359.73843568 76.46593144 
-359.76799459 72.732420154 -363.296745 75.534348964 -360.10330608 77.070660256 
-360.02462677 73.162403836 -363.5551874 75.962051346 -360.36274211 77.500426312 
-359.45490333 72.209345788 -362.98008514 75.015763026 -359.7846937 76.548009095 
-360.62822549 74.171980696 -364.1630831 76.966200838 -360.97300501 78.5094786 
-361.07476521 74.917805314 -364.61374235 77.706806095 -361.42594511 79.25478971 
-361.08913658 74.941078413 -364.62791336 77.730333404 -361.44000494 79.278088025 
-361.492562 75.613762393 -365.03629247 78.39672105 -361.85114098 79.950141308 
-361.92575652 76.332994293 -365.47496692 79.108960806 -362.29288431 80.668657814 
-362.22344915 76.82061567 -365.77637146 79.591829773 -362.59637905 81.155783979 
-362.58273609 77.486585348 -366.14013779 80.252046916 -362.96268014 81.821144552 
-362.88042871 77.976421047 -366.44096627 80.737844019 -363.26529122 82.310546314 
-363.28180022 78.631387798 -366.84642966 81.387526666 -363.67309078 82.96493746 
-363.58359868 79.123444492 -367.15105851 81.875918809 -363.97934229 83.456589767 
-363.89668881 79.632126532 -367.46725642 82.380568179 -364.29732824 83.964821886 
-364.2539194 80.210629608 -367.82779813 82.954764313 -364.65978235 84.542838772 
-364.53621369 80.669440752 -368.11253538 83.410390897 -364.94593545 85.001286671 
-364.83390572 81.150419572 -368.41258635 83.888289081 -365.24735754 85.481911068 
-365.05152882 81.501733912 -368.63203044 84.237221562 -365.46786272 85.832949338 
-365.52988889 82.271967725 -369.11388039 85.002881382 -365.95175276 86.602648024 
-365.73519355 82.601119458 -369.32055139 85.330239042 -366.15922481 86.931588079 
-366.06162796 83.125323233 -369.64870869 85.852177898 -366.48839409 87.455523188 
-366.54614682 83.902209992 -370.13414107 86.627862536 -366.9743639 88.232266702 
-366.58926077 83.97092223 -370.17728023 86.69654159 -367.0175179 88.300974979 
-367.18464374 84.919594684 -370.77271199 87.645149823 -367.61297837 89.249639768 
-367.58909281 85.545781529 -371.17726205 88.271203703 -368.0175879 89.875810737 
-367.82519282 85.920375853 -371.41215581 88.647385381 -368.251772 90.250594229 
-368.25427878 86.59974516 -371.83864063 89.330172725 -368.67672999 90.930368205 
-368.51501529 87.015343461 -372.09753998 89.748181065 -368.93455384 91.346249646 
-368.87840389 87.593857053 -372.45776484 90.330837086 -369.29293218 91.925245662 
-369.27156159 88.221132887 -372.84692905 90.963327633 -369.67977559 92.55312115 
-369.56206714 88.685493476 -373.13353125 91.432770053 -369.96412011 93.018057888 
-370.22622651 89.752741426 -373.78850212 92.511921914 -370.61381798 94.0866235 
-370.70355893 90.521867197 -374.25868049 93.290259364 -371.07993088 94.856738029 
-370.9807198 90.97292063 -374.53117106 93.747299901 -371.34978616 95.308419563 
-371.13059211 91.221161925 -374.67819693 93.999180026 -371.49521308 95.557036984 
-371.22913823 91.382963458 -374.77504994 94.163142353 -371.59111758 95.71905985 
-371.5771292 91.95480952 -375.11762726 94.741879309 -371.93067495 96.291601696 
-371.92101404 92.520006147 -375.45614511 95.313880305 -372.26621808 96.857470285 
-372.29158843 93.130638637 -375.82248801 95.929858649 -372.63022901 97.468620142 
-372.65702991 93.72576297 -376.18452655 96.529270052 -372.9904007 98.064152636 
-372.95266817 94.214489115 -376.47735612 97.021526586 -373.28169512 98.553210383 
-373.32426912 94.832873316 -376.84666702 97.642783904 -373.64975814 99.171861432 
-373.65480916 95.383655699 -377.1762217 98.194801065 -373.97877692 99.722757665 
-373.9863757 95.93665405 -377.50757465 98.748066945 -374.31001379 100.27578062 
-374.27893439 96.425375305 -377.7997683 99.237245331 -374.60200913 100.76454385 
-374.67722474 97.090302633 -378.19727247 99.903156786 -374.99908647 101.42956133 
-375.00673807 97.63997635 -378.52617929 100.45358933 -375.32766429 101.97930433 
-375.32085354 98.164161003 -378.83982278 100.97836427 -375.64105191 102.50354275 
-375.67910935 98.761488243 -379.19745284 101.57647379 -375.99834297 103.10094107 
-374.14651288 96.198197769 -377.66623947 99.011453756 -374.46787924 100.53749318 
-372.44967161 93.357857837 -375.97139628 96.16861216 -372.77412119 97.696923802 
-374.32718068 96.499631655 -377.84701695 99.312750413 -374.64871622 100.83891453 
-376.82368007 100.67758262 -380.3403532 103.49465461 -377.14033964 105.01722405 
-377.28664077 101.45222162 -380.80323111 104.26939696 -377.60317279 105.79187235 
-377.73112301 102.16704546 -381.24829138 104.9834991 -378.04854557 106.50663114 
-377.94258601 102.5172435 -381.45965614 105.33381982 -378.2598572 106.85684025 
-378.31829212 103.14117061 -381.83452056 105.95879764 -378.63426671 107.48086196 
-378.73813853 103.83934749 -382.25363903 106.6578827 -379.05299213 108.17912032 
-379.09639372 104.43556797 -382.6111901 107.25498119 -379.41016333 108.77541931 
-379.37663339 104.90101985 -382.8911089 107.72083303 -379.68990912 109.24090686 
-379.68664207 105.41634117 -383.20052299 108.23689526 -379.9990028 109.75629414 
-380.07671915 106.0646488 -383.59009688 108.88582966 -380.38830571 110.40465742 
-380.48630008 106.74730933 -383.9995859 109.56860465 -380.79774525 111.0873281 
-380.7973351 107.26373957 -384.31011612 110.08566339 -381.1080038 111.60381399 
-381.15969602 107.86660976 -384.67140025 110.68987345 -381.46870902 112.20680237 
-381.46559838 108.37528177 -384.97655512 111.19947498 -381.77346244 112.71555603 
-381.94292914 109.16876608 -385.45321921 111.99378787 -382.24976879 113.50911289 
-382.13694101 109.49236478 -385.6469036 112.31779344 -382.44327756 113.83274713 
-382.43257746 109.96669906 -385.94201289 112.79278247 -382.73810429 114.30713848 
-382.86166336 110.72799805 -386.37216237 113.5527602 -383.16882404 115.06832215 
-383.18809571 111.26770338 -386.6979011 114.09332731 -383.49419078 115.60810276 
-383.55045606 111.8661453 -387.05960466 114.69258487 -383.85554238 116.20661571 
-383.89741861 112.43909813 -387.40598134 115.26626492 -384.20160534 116.77963167 
-384.2803093 113.07521609 -387.7884395 115.90291958 -384.58383202 117.41579611 
-384.45687003 113.36557252 -387.96483665 116.19347893 -384.76014166 117.70617009 
-384.98552586 114.24217585 -388.49282162 117.07091425 -385.28776792 118.58284523 
-385.33454116 114.81734643 -388.84129203 117.64676031 -385.63594719 119.15807395 
-385.75233304 115.50887807 -389.25841662 118.33911878 -386.0527155 119.84967654 
-386.02538614 115.95992608 -389.53110222 118.79062198 -386.32520499 120.30076351 
-386.36003012 116.5129307 -389.86523455 119.34426013 -386.65906445 120.85382225 
-386.61152628 116.92740824 -390.11626423 119.7593151 -386.90984548 121.26834899 
-387.00570801 117.57793765 -390.50969316 120.4107759 -387.30287345 121.91895754 
-387.36601465 118.17194811 -390.86938267 121.00554953 -387.66223453 122.51303263 
-387.73453368 118.78922178 -391.23729889 121.62356834 -388.02983017 123.13036921 
-388.07534 119.45516408 -391.57796597 122.28968271 -388.37042322 123.79632601 
-388.45104422 120.07577095 -391.95350845 122.91048942 -388.74587975 124.41694971 
-388.81853615 120.67975749 -392.32083928 123.514675 -389.11312496 125.02095299 
-388.96532765 120.92245891 -392.46758419 123.75743398 -389.25984512 125.26365925 
-389.44060352 121.7070839 -392.94303849 124.54183853 -389.73539423 126.0482657 
-389.7485576 122.21576003 -393.25091772 125.05060714 -390.04323369 126.55694961 
-390.18482572 122.93389355 -393.68672697 125.76930749 -390.47879918 127.27513077 
-390.54410526 123.5245813 -394.04562795 126.3604627 -390.83749916 127.86585772 
-390.89414619 124.10196841 -394.39535793 126.93823372 -391.1870641 128.44327698 
-391.09021008 124.42335673 -394.59131762 127.25975065 -391.38296851 128.76467605 
-391.56343242 125.20355015 -395.06429884 128.04024167 -391.85582181 129.54489434 
-391.92579131 125.80088586 -395.42641703 128.63787442 -392.21781235 130.14225485 
-392.25838131 126.3494592 -395.75877521 129.18673378 -392.55004762 130.69085203 
-392.5355395 126.80383585 -396.03573279 129.6413579 -392.82689887 131.14524929 
-392.89995152 127.41224633 -396.40013623 130.24977898 -393.19129775 131.75366066 
-393.24794434 128.14241454 -396.74878242 130.97914105 -393.54029035 132.48376165 
-393.61748855 128.75194062 -397.11800276 131.58906676 -393.90933895 133.09332108 
-393.86590438 129.16309229 -397.36622331 132.00045937 -394.15745597 133.50449283 
-394.16564567 129.65625557 -397.66577933 132.49385118 -394.4569138 133.99767514 
-394.50336788 130.21369458 -398.00344752 133.05135682 -394.79455337 134.55511969 
-395.0166234 131.0603818 -398.51712317 133.89752577 -395.30845171 135.40176375 
-395.34510687 131.60230595 -398.84624384 134.43866356 -395.63791034 135.94362224 
-395.60378757 132.02897437 -399.10552746 134.86458757 -395.89751399 136.37022831 
-396.04416057 132.7548653 -399.547217 135.58885191 -396.33990312 137.09598236 
-396.33466291 133.23140671 -399.83882371 136.06402768 -396.63209753 137.57240816 
-396.72781623 133.87750707 -400.23316341 136.70865978 -397.02706942 138.21838354 
-396.99060268 134.3075037 -400.49669513 137.13773342 -397.29099874 138.64830123 
-397.41968364 135.01012659 -400.92732667 137.83843437 -397.72245863 139.35075884 
