-268.95433873 -50.983963025 
-269.51069523 -51.121468905 
-270.05678682 -51.255669627 
-270.59466644 -51.387669061 
-271.12228111 -51.51747048 
-271.64065732 -51.645072255 
-272.14876863 -51.769368895 
-272.64661505 -51.890360401 
-273.13419652 -52.009153914 
-273.61253955 -52.125747804 
-274.07959124 -52.237931077 
-274.53535146 -52.349025142 
-274.98084684 -52.455706968 
-275.4150508 -52.56019246 
-275.98885693 -52.697669312 
-276.53289491 -52.827443588 
-277.33560743 -53.018804697 
-277.97921444 -53.171669711 
-278.58381486 -53.315739746 
-279.26540173 -53.476293827 
-279.47788434 -53.52688294 
-280.34731801 -53.731422381 
-281.19416883 -53.930461947 
-281.78029216 -54.067918025 
-282.44956082 -54.222955376 
-282.68770443 -54.303395895 
-283.77475203 -54.566264948 
-284.35676908 -54.702619944 
-285.13381821 -54.884055746 
-285.7486826 -55.028107932 
-286.31838164 -55.160053693 
-287.06976834 -55.334887194 
-287.61893751 -55.462436983 
-288.19171575 -55.595484599 
-288.96260543 -55.772500716 
-289.59697261 -55.917628065 
-290.05581093 -56.02317917 
-290.98683176 -56.236474095 
-291.67765524 -56.394796304 
-291.66225821 -56.385963866 
-293.09112244 -56.729103462 
-293.7152242 -56.872032095 
-294.31263737 -57.00725338 
-295.09789682 -57.185352051 
-295.69428332 -57.320574704 
-296.41692705 -57.485487673 
-297.06155804 -57.631704138 
-297.69797704 -57.77682648 
-298.44422953 -57.947236815 
-299.10323087 -58.098965487 
-299.58362434 -58.208909131 
-300.47358392 -58.412302697 
-300.72096593 -58.46947717 
-301.78234754 -58.714666678 
-302.49780492 -58.877375434 
-303.23687032 -59.068831635 
-303.9164005 -59.22716913 
-304.61440721 -59.389905369 
-305.38734686 -59.57023537 
-306.01042026 -59.716484492 
-306.70021477 -59.878126289 
-307.41977705 -60.047470085 
-308.12804797 -60.213510432 
-308.71416769 -60.352068376 
-309.45733858 -60.529123718 
-310.08349079 -60.677581318 
-310.68603384 -60.821648171 
-311.32860947 -60.975614803 
-311.56675249 -61.032803222 
-312.65995193 -61.295651908 
-313.73878006 -61.564058961 
-314.40907002 -61.727944599 
-315.06293626 -61.887427953 
-315.78660288 -62.063405949 
-316.46818376 -62.230594374 
-317.19082367 -62.406573683 
-317.8970398 -62.579257835 
-318.48315802 -62.723349542 
-319.18732094 -62.897143826 
-319.85247765 -63.061036509 
-320.55356094 -63.233728296 
-321.10375214 -63.369020243 
-321.81715289 -63.546120445 
-322.57366553 -63.73311527 
-323.36302519 -63.930021215 
-323.29835738 -63.910196942 
-324.60608691 -64.23580245 
-325.56070861 -64.475619844 
-326.21457305 -64.639529312 
-326.81608719 -64.790237393 
-327.64650502 -64.999254526 
-328.18540403 -65.134563378 
-328.85261221 -65.3028793 
-329.52187322 -65.472298899 
-330.23732543 -65.653822334 
-330.83268009 -65.80564668 
-331.49270254 -65.972866473 
-332.14964541 -66.141198224 
-332.92565907 -66.339230329 
-332.3929194 -66.207233788 
-334.26828575 -66.676953812 
-334.81231622 -66.816681734 
-335.58935587 -67.015818631 
-336.22166281 -67.177546463 
-336.93300799 -67.360182076 
-337.38876157 -67.476802272 
-338.3023216 -67.708932008 
-338.86996049 -67.8530496 
-339.54845831 -68.023559188 
-340.19616188 -68.186368448 
-340.92187717 -68.368979901 
-341.55623646 -68.527381898 
-342.28708398 -68.708877595 
-343.00869314 -68.888173783 
-343.50345216 -69.010265662 
-344.21890311 -69.166321713 
-344.88508265 -69.329100088 
-345.61285031 -69.507278561 
-346.27595025 -69.668954478 
-346.88259425 -69.816328861 
-347.62986454 -69.998903827 
-348.2939907 -70.159470507 
-348.94477266 -70.316737242 
-349.57605163 -70.468499742 
-350.29252747 -70.641159703 
-350.93817688 -70.795112919 
-351.29436177 -70.880892515 
-352.17301954 -71.090931915 
-352.97674492 -71.282271183 
-353.62444677 -71.439541901 
-354.27830901 -71.552517151 
-353.7137512 -71.416147393 
-350.88993449 -70.73762009 
-349.14390956 -70.317522017 
-351.94514504 -70.990551855 
-357.51579024 -72.330012568 
-358.22713252 -72.50046471 
-358.97542745 -72.681928081 
-359.62210196 -72.839199184 
-358.82966901 -72.647843361 
-359.73911924 -72.867794825 
-361.59702489 -73.317597833 
-362.26833417 -73.482578328 
-362.97967563 -73.655243624 
-363.69306976 -73.832333955 
-364.13034581 -73.901373378 
-365.02439868 -74.09809845 
-365.6176961 -74.242169359 
-366.45426589 -74.444523046 
-367.12044228 -74.603975139 
-367.77224792 -74.763450438 
-368.47845618 -74.935015652 
-369.075859 -75.080186348 
-369.76769658 -75.247346088 
-370.54678358 -75.435399354 
-369.9062694 -75.280334829 
-371.84834096 -75.751030283 
-372.44266397 -75.895098191 
-373.06059559 -76.044663249 
-373.74114131 -76.212947587 
-374.31082993 -76.322734063 
-375.30034119 -76.56358614 
-375.86181685 -76.701064036 
-376.67374962 -76.897919343 
-377.38303587 -77.070584614 
-378.01225789 -77.223451686 
-378.69896175 -77.390617754 
-379.38155965 -77.556683221 
-380.01180783 -77.710655342 
-380.69543201 -77.876718842 
-381.13886381 -77.985602605 
-382.01443627 -78.198959802 
-382.64878993 -78.354031821 
-383.38989554 -78.535500903 
-383.99140218 -78.683983383 
-384.78075179 -78.862052074 
-385.53725388 -79.050138332 
-386.01661129 -79.170034136 
-386.76387502 -79.355920889 
-387.5542499 -79.555022731 
-388.17423214 -79.712331315 
-388.94715684 -79.910354136 
-389.13910495 -79.95875477 
-389.94282325 -80.165584153 
-390.90769554 -80.416435587 
-391.41168726 -80.547361663 
-392.06964783 -80.719000186 
-392.95445577 -80.951160437 
-393.53440521 -81.102997648 
-394.32888447 -81.312055237 
-395.11309947 -81.504522384 
-395.6653342 -81.650868805 
-396.38180222 -81.840124932 
-396.99870365 -82.004079563 
-397.81987013 -82.223056827 
-398.49527943 -82.403522512 
-399.02185231 -82.543267483 
-399.85738877 -82.767756371 
-400.52561259 -82.946019093 
-398.93665636 -82.519049854 
-401.76044059 -83.278353419 
-402.43790218 -83.461029145 
-402.98705657 -83.609593553 
-403.42227424 -83.726237461 
-404.56574676 -84.036577498 
-404.13566153 -83.919925351 
-405.81083809 -84.376643326 
-406.52217204 -84.571441155 
-407.33512498 -84.794857855 
-407.92225755 -84.956644779 
-408.66849062 -85.162456279 
-409.33466006 -85.346256114 
-410.02546431 -85.53776537 
-410.7511679 -85.739181472 
-411.28903017 -85.888870036 
-412.094797 -86.113404388 
-412.64087071 -86.266400654 
-413.42713464 -86.486538099 
-414.04505996 -86.660451826 
-414.76049834 -86.860776683 
-415.41126965 -87.054564663 
-416.15134258 -87.26592012 
-416.79082297 -87.448654996 
-417.47752013 -87.644597851 
-418.10160351 -87.824036323 
-418.77393008 -88.017788209 
-419.54171664 -88.239061558 
-420.11447711 -88.404191149 
-420.7272691 -88.582540497 
-421.47452622 -88.800525676 
-422.13248192 -88.992086166 
-422.83149555 -89.196864663 
-423.35703877 -89.35099989 
-424.07555481 -89.561281728 
-424.55388111 -89.702208741 
-425.29395311 -89.898062125 
-426.22289119 -90.173318459 
-426.88905778 -90.369292968 
-427.61578479 -90.585096148 
-428.22857571 -90.766765406 
-428.98096374 -90.991383127 
-429.62352147 -91.184074481 
-430.22399473 -91.362442205 
-430.85936711 -91.554037988 
-431.57582893 -91.769857126 
-432.19067216 -91.95484362 
-432.93176855 -92.178371831 
-433.51479173 -92.352339107 
-434.24357055 -92.571458748 
-434.9282119 -92.779579569 
-435.63338359 -92.946702467 
-436.23590907 -93.122851372 
-436.96571411 -93.33643301 
-437.63701153 -93.531289609 
-438.20771691 -93.696419223 
-438.89543741 -93.893462752 
-439.23519184 -93.990330525 
-439.90340973 -94.179656039 
-440.90111748 -94.459223117 
-441.53340955 -94.635321906 
-442.17083379 -94.812519237 
-442.81339023 -94.98970797 
-443.52061284 -95.183396898 
-444.2175709 -95.372674063 
-444.87449722 -95.557588596 
-445.49242051 -95.663960847 
-446.20272235 -95.848787007 
-446.88530991 -96.029230221 
-447.46525266 -96.182164404 
-448.16528965 -96.36700706 
-448.7914224 -96.530936061 
-449.57460141 -96.736676639 
-450.08371908 -96.868691766 
-450.78683511 -97.051314476 
-451.43760225 -97.220737914 
-452.10787183 -97.393450389 
-452.90747357 -97.599162985 
-453.47201903 -97.743264418 
-454.13202392 -97.911564887 
-454.57544851 -98.028188 
-455.42945386 -98.167381959 
-455.97244379 -98.301554374 
-456.72482854 -98.489629925 
-457.41254714 -98.660098124 
-458.08486897 -98.826163105 
-458.69868332 -98.977932011 
-459.44490908 -99.160481423 
-460.05564396 -99.310040887 
-460.47032778 -99.411210849 
-461.30995979 -99.614640748 
-461.92787959 -99.76418795 
-462.58172487 -99.922532612 
-463.24275513 -100.08418664 
-464.00848261 -100.27113119 
-464.65514238 -100.43170158 
-465.27716907 -100.52920602 
-465.94538403 -100.69306183 
-466.58280563 -100.84811146 
-467.34032099 -101.03396167 
-467.99621835 -101.19451605 
-468.66340648 -101.35837298 
-469.28029883 -101.50902756 
-469.98751805 -101.68278204 
-470.6146746 -101.83784786 
-471.35473972 -102.02151176 
-472.00447776 -102.18428979 
-472.59365559 -102.33277541 
-473.23518183 -102.49667394 
-473.85309981 -102.65507584 
-474.63935398 -102.86191212 
-475.43587285 -103.05655269 
-476.11845619 -103.23698947 
-476.72713559 -103.40094181 
-477.46719929 -103.60121127 
-478.1579937 -103.78938391 
-478.79541311 -103.96325232 
-479.5518995 -104.16902967 
-479.65351704 -104.19764633 
-480.79081242 -104.50907555 
-481.51547881 -104.7082625 
-482.18163806 -104.89093952 
-482.80058101 -105.06040928 
-483.50882406 -105.25519453 
-484.25607175 -105.45877184 
-484.99510784 -105.65904121 
-485.63663056 -105.88936523 
-486.3571904 -106.08966502 
-487.15370661 -106.30976668 
-487.75212013 -106.47484108 
-488.38235318 -106.64761235 
-489.05569657 -106.83138309 
-489.76701807 -107.02505466 
-490.49989468 -107.22422585 
-491.08804347 -107.38378103 
-491.63616117 -107.53122429 
-493.13168045 -107.93505172 
-494.16222314 -108.22008266 
-494.84480348 -108.41269383 
-495.30362045 -108.54699963 
-495.66595237 -108.65378782 
-496.05702458 -108.76495659 
-496.62361756 -108.91790386 
-497.45195177 -109.14016412 
-498.08628942 -109.30960519 
-498.64877651 -109.45813039 
-499.33238296 -109.63966753 
-499.949271 -109.80249451 
-500.63493015 -109.98402794 
-501.29698122 -110.15785066 
-501.9220805 -110.32287783 
-502.5584705 -110.4901003 
-503.09940195 -110.63201787 
-503.93184096 -110.8487339 
-504.60312953 -111.02364763 
-505.17588033 -111.16994026 
-505.82356003 -111.36482157 
-506.02371468 -111.42205832 
-507.11481464 -111.70809101 
-507.89695762 -111.91381865 
-508.58672141 -112.09534348 
-509.08967411 -112.22735925 
-509.88721333 -112.43527494 
-510.56055395 -112.61018397 
-511.22465657 -112.78289403 
-511.95445088 -112.97099401 
-512.62163263 -113.14369863 
-513.13690217 -113.2768003 
-513.95291655 -113.48800546 
-514.54619484 -113.64201198 
-515.25648643 -113.82460815 
-515.741989 -113.95554491 
-516.52618352 -114.1590527 
-517.23852764 -114.34385924 
-517.86567779 -114.50666553 
-518.52156797 -114.67606639 
-519.10355495 -114.82676955 
-519.88056394 -115.02696712 
-520.48000009 -115.18206935 
-520.88646705 -115.28656645 
-521.53414538 -115.45376616 
-522.4528015 -115.69026129 
-523.12306111 -115.86295852 
-523.77792416 -116.03125287 
-524.54364167 -116.22814681 
-525.14513015 -116.38213757 
-525.71993138 -116.52842302 
-526.40045485 -116.70331661 
-527.01220738 -116.86061122 
-527.82924588 -117.07070392 
-528.42252249 -117.22360069 
-528.99732333 -117.36988554 
-529.76406644 -117.56677648 
-530.19516695 -117.67676673 
-531.04505068 -117.89455344 
-531.78305345 -118.08374217 
-532.31269099 -118.21903086 
-533.05890505 -118.40820551 
-533.7230046 -118.57980369 
-534.40865909 -118.75579408 
-535.01014634 -118.90978296 
-535.66090281 -119.04708198 
-536.48204562 -119.25605841 
-536.93675339 -119.37154375 
-537.66449103 -119.55631982 
-538.41378357 -119.74548804 
-539.03271962 -119.90276823 
-539.33859514 -119.97975362 
-540.26545941 -120.21401549 
-540.92853161 -120.38229248 
-541.62137014 -120.55716209 
-542.22183015 -120.70782992 
-542.97830699 -120.89809211 
-543.63727314 -121.06416116 
-544.39374974 -121.25553015 
-545.28674107 -121.47656191 
-545.68191375 -121.64086006 
-546.2413161 -121.7849534 
-546.90028171 -121.95545031 
-547.62391209 -122.14133812 
-548.31674954 -122.32174194 
-548.77556185 -122.44054007 
-549.59362306 -122.65283968 
-549.98674399 -122.75624836 
-550.77606504 -122.96306039 
-551.39807871 -123.12476152 
-552.15763316 -123.32608767 
-552.6934269 -123.46800537 
-553.23435269 -123.61212861 
-553.98672181 -123.81457356 
-551.34470496 -123.09606593 
-555.56125753 -124.19609545 
-556.02109582 -124.3049266 
-556.64516153 -124.47326604 
-557.1799283 -124.61739898 
-557.80707318 -124.78462588 
-558.15708359 -124.87924917 
-559.12192161 -125.13779842 
-559.50888316 -125.24232344 
-560.28485905 -125.45136988 
-560.82681035 -125.59881149 
-561.45908683 -125.7693504 
-562.05441201 -125.92998735 
-562.61586517 -126.08182427 
-563.27174913 -126.25896578 
-563.92558093 -126.40178946 
-564.65537023 -126.46144968 
-565.44468881 -126.6726866 
-565.98048107 -126.81570919 
-566.66613086 -126.9983354 
-567.15368118 -127.12815366 
-567.8249609 -127.3074825 
-567.64225786 -127.25907726 
-567.46571335 -127.21176874 
-569.75463298 -127.82236057 
-570.29966254 -127.96868822 
-570.96170404 -128.14581774 
-571.41435561 -128.26683727 
-572.16877483 -128.46816731 
-572.80104992 -128.63538257 
-573.31631423 -128.71643911 
-574.17235196 -128.79913345 
-574.84978935 -128.97512897 
-575.38455423 -129.11483032 
-576.01272329 -129.27762334 
-576.66347347 -129.44812797 
-577.04427519 -129.54823274 
-577.84590891 -129.7583386 
-578.31703543 -129.88264728 
-579.079665 -130.08285465 
-579.66882959 -130.23907019 
-580.37090019 -130.42498704 
-580.92619285 -130.57018836 
-581.57796878 -130.74179737 
-581.96698147 -130.84410192 
-582.6474981 -130.97137666 
-583.39678684 -131.01549966 
-584.17891765 -131.2167799 
-584.7547383 -131.36416003 
-584.96002193 -131.41695455 
-585.86019057 -131.64792693 
-586.6536116 -131.85140169 
-587.31873029 -132.02187978 
-588.02079995 -132.20115214 
-588.43957827 -132.30894109 
-589.06877211 -132.47062267 
-589.63022234 -132.61470489 
-590.11469123 -132.7389892 
-590.86602848 -132.93146296 
-591.42850493 -133.07554313 
-591.93863477 -133.17210526 
-592.70742363 -133.23501425 
-593.14775636 -133.34498026 
-593.76668554 -133.4989284 
-594.52007516 -133.68696928 
-595.15542682 -133.8453178 
-595.61115557 -133.95968587 
-596.12846925 -134.08834202 
-596.93728498 -134.28957381 
-597.56750424 -134.44682343 
-598.0909762 -134.57768308 
-598.89055386 -134.7767158 
-598.99730107 -134.80310563 
-600.01037295 -135.05491772 
-600.55950502 -135.19237615 
