-268.95433873 -50.983963025 -273.17040154 -53.673502226 -273.05409517 -50.038954009 
-269.51069523 -51.121468905 -273.72763868 -53.809627121 -273.61014194 -50.175117192 
-270.05678682 -51.255669627 -274.27463765 -53.942403897 -274.15591376 -50.307933846 
-270.59466644 -51.387669061 -274.81345173 -54.072935771 -274.69346342 -50.438507245 
-271.12228111 -51.51747048 -275.3420283 -54.201225365 -275.22073772 -50.566840066 
-271.64065732 -51.645072255 -275.8613942 -54.327270394 -275.738763 -50.692930083 
-272.14876863 -51.769368895 -276.37052333 -54.449964714 -276.24651259 -50.815671213 
-272.64661505 -51.890360401 -276.86941604 -54.569307667 -276.74398633 -50.935062862 
-273.13419652 -52.009153914 -277.35807262 -54.686405737 -277.23118397 -51.052211579 
-273.61253955 -52.125747804 -277.83751992 -54.801256633 -277.70913182 -51.167115138 
-274.07959124 -52.237931077 -278.30570538 -54.9116487 -278.17577678 -51.277561955 
-274.53535146 -52.349025142 -278.7626292 -55.020902684 -278.63111852 -51.386872848 
-274.98084684 -52.455706968 -279.20931833 -55.125694888 -279.07618346 -51.491724193 
-275.4150508 -52.56019246 -279.64474654 -55.228240553 -279.50994482 -51.594331307 
-275.98885693 -52.697669312 -280.22012678 -55.363220322 -280.08318014 -51.729391277 
-276.53289491 -52.827443588 -280.76587192 -55.49028273 -280.62659682 -51.856542184 
-277.33560743 -53.018804697 -281.57104058 -55.677735437 -281.42841139 -52.044124998 
-277.97921444 -53.171669711 -282.21658752 -55.82750781 -282.07130578 -52.19400246 
-278.58381486 -53.315739746 -282.82284338 -55.968934773 -282.67529571 -52.335520732 
-279.26540173 -53.476293827 -283.50632223 -56.126463634 -283.35618215 -52.493155793 
-279.47788434 -53.52688294 -283.71950086 -56.175938607 -283.56840636 -52.542670332 
-280.34731801 -53.731422381 -284.5914642 -56.376423279 -284.43689758 -52.743301059 
-281.19416883 -53.930461947 -285.44099634 -56.571155561 -285.28274379 -52.938192027 
-281.78029216 -54.067918025 -286.02885132 -56.705824718 -285.86821522 -53.072965796 
-282.44956082 -54.222955376 -286.69979867 -56.858156491 -286.53684956 -53.225400581 
-282.68770443 -54.303395895 -286.92602443 -56.957722585 -286.77944683 -53.324269281 
-283.77475203 -54.566264948 -288.00975488 -57.225880995 -287.86771365 -53.592247524 
-284.35676908 -54.702619944 -288.59307142 -57.360165648 -288.44925413 -53.726602039 
-285.13381821 -54.884055746 -289.37172877 -57.539036122 -289.22571159 -53.905560253 
-285.7486826 -55.028107932 -289.98809713 -57.680686129 -289.84002078 -54.047293595 
-286.31838164 -55.160053693 -290.55904686 -57.810631969 -290.40925674 -54.177309684 
-287.06976834 -55.334887194 -291.31272675 -57.981793056 -291.15979108 -54.348601815 
-287.61893751 -55.462436983 -291.86345855 -58.106836319 -291.708377 -54.473736042 
-288.19171575 -55.595484599 -292.43734553 -58.238103463 -292.28074019 -54.605068551 
-288.96260543 -55.772500716 -293.20963657 -58.412866818 -293.05110386 -54.779915498 
-289.59697261 -55.917628065 -293.84495853 -58.55645779 -293.68511175 -54.923564051 
-290.05581093 -56.02317917 -294.30468494 -58.660578706 -294.14361519 -55.027738984 
-290.98683176 -56.236474095 -295.23821945 -58.869819757 -295.07368469 -55.237135319 
-291.67765524 -56.394796304 -295.93013255 -59.026382017 -295.76409417 -55.393765994 
-291.66225821 -56.385963866 -295.91781213 -59.012571456 -295.74752292 -55.380152222 
-293.09112244 -56.729103462 -297.33571814 -59.373382952 -297.18053401 -55.740287056 
-293.7152242 -56.872032095 -297.96109562 -59.514262686 -297.80415805 -55.88124211 
-294.31263737 -57.00725338 -298.55971247 -59.647548775 -298.40111928 -56.014600095 
-295.09789682 -57.185352051 -299.3452866 -59.825141196 -299.18626038 -56.192211446 
-295.69428332 -57.320574704 -299.94156154 -59.96054334 -299.78268884 -56.327606873 
-296.41692705 -57.485487673 -300.66351711 -60.126563118 -300.50559121 -56.49358537 
-297.06155804 -57.631704138 -301.30722902 -60.274256802 -301.15056704 -56.641224331 
-297.69797704 -57.77682648 -301.94246145 -60.421284608 -301.78743022 -56.788182183 
-298.44422953 -57.947236815 -302.68784723 -60.593085526 -302.53400642 -56.9599325 
-299.10323087 -58.098965487 -303.34628958 -60.74571056 -303.19321623 -57.112525118 
-299.58362434 -58.208909131 -303.82588072 -60.856939998 -303.67390847 -57.223708331 
-300.47358392 -58.412302697 -304.71437409 -61.062681042 -304.56441268 -57.429365823 
-300.72096593 -58.46947717 -304.96123295 -61.120692423 -304.8119886 -57.487347678 
-301.78234754 -58.714666678 -306.02162988 -61.367456127 -305.87373458 -57.734056219 
-302.49780492 -58.877375434 -306.73827593 -61.528264398 -306.58875201 -57.894931147 
-303.23687032 -59.068831635 -307.46496705 -61.739412989 -307.3323422 -58.105423644 
-303.9164005 -59.22716913 -308.14307515 -61.900000589 -308.01238458 -58.265941167 
-304.61440721 -59.389905369 -308.83997663 -62.064483785 -308.71078829 -58.43037065 
-305.38734686 -59.57023537 -309.61158653 -62.246913506 -309.48420431 -58.612736615 
-306.01042026 -59.716484492 -310.23350143 -62.394990057 -310.1076916 -58.760758392 
-306.70021477 -59.878126289 -310.92190626 -62.558821654 -310.79798121 -58.924525231 
-307.41977705 -60.047470085 -311.64000921 -62.730462295 -311.5180618 -59.096098976 
-308.12804797 -60.213510432 -312.34634912 -62.899537621 -312.22701599 -59.265087524 
-308.71416769 -60.352068376 -312.9312912 -63.039944107 -312.81355099 -59.405442057 
-309.45733858 -60.529123718 -313.67245528 -63.220145444 -313.5574271 -59.58555655 
-310.08349079 -60.677581318 -314.2972664 -63.370702504 -314.18404884 -59.736056759 
-310.68603384 -60.821648171 -314.89810942 -63.517427466 -314.78718513 -59.88271101 
-311.32860947 -60.975614803 -315.53944804 -63.673325908 -315.43019102 -60.038558954 
-311.56675249 -61.032803222 -315.77710329 -63.731275531 -315.66850337 -60.096488884 
-312.65995193 -61.295651908 -316.86785401 -63.997941071 -316.76255018 -60.36305744 
-313.73878006 -61.564058961 -317.94177541 -64.273973483 -317.84306255 -60.638904889 
-314.40907002 -61.727944599 -318.61162884 -64.43853605 -318.51350147 -60.803451604 
-315.06293626 -61.887427953 -319.26537389 -64.598207287 -319.16740904 -60.963118457 
-315.78660288 -62.063405949 -319.98857686 -64.774903928 -319.89123367 -61.139798399 
-316.46818376 -62.230594374 -320.66914007 -64.943668786 -320.57316081 -61.308526988 
-317.19082367 -62.406573683 -321.39100592 -65.120846286 -321.29606357 -61.485677258 
-317.8970398 -62.579257835 -322.09676487 -65.294237771 -322.00243473 -61.659052805 
-318.48315802 -62.723349542 -322.68267063 -65.438658093 -322.58862494 -61.803465757 
-319.18732094 -62.897143826 -323.38630334 -65.613272211 -323.29296737 -61.978061583 
-319.85247765 -63.061036509 -324.05092385 -65.777993657 -323.95830542 -62.142764677 
-320.55356094 -63.233728296 -324.75147251 -65.951511418 -324.65956929 -62.316264287 
-321.10375214 -63.369020243 -325.30093876 -66.087922801 -325.21000503 -62.452651289 
-321.81715289 -63.546120445 -326.01373374 -66.265957902 -325.9236098 -62.630666224 
-322.57366553 -63.73311527 -326.76946265 -66.454161612 -326.68038601 -62.818844121 
-323.36302519 -63.930021215 -327.55855556 -66.65147883 -327.46983527 -63.016152625 
-323.29835738 -63.910196942 -327.49388673 -66.631656133 -327.4051678 -62.996329895 
-324.60608691 -64.23580245 -328.8015543 -66.957357154 -328.71291813 -63.322028897 
-325.56070861 -64.475619844 -329.75575149 -67.197828855 -329.6676823 -63.562486818 
-326.21457305 -64.639529312 -330.40925709 -67.362291228 -330.32166706 -63.726937614 
-326.81608719 -64.790237393 -331.01051862 -67.513388442 -330.92326585 -63.878026718 
-327.64650502 -64.999254526 -331.84049677 -67.72308269 -331.75383089 -64.087706927 
-328.18540403 -65.134563378 -332.37903291 -67.858950183 -332.29285129 -64.223562908 
-328.85261221 -65.3028793 -333.04609196 -68.027495646 -332.96010933 -64.392103659 
-329.52187322 -65.472298899 -333.71454218 -68.198162732 -333.62964112 -64.562745326 
-330.23732543 -65.653822334 -334.42927263 -68.380795994 -334.34533397 -64.745356239 
-330.83268009 -65.80564668 -335.02467604 -68.532545405 -334.9406724 -64.897107151 
-331.49270254 -65.972866473 -335.68417775 -68.700565548 -335.60086824 -65.065111321 
-332.14964541 -66.141198224 -336.34111797 -68.868901361 -336.25781199 -65.233447054 
-332.92565907 -66.339230329 -337.11698495 -69.067158859 -337.03387446 -65.431700077 
-332.3929194 -66.207233788 -336.58876002 -68.92821304 -336.49962526 -65.292896974 
-334.26828575 -66.676953812 -338.4526468 -69.415553695 -338.37880035 -65.779894936 
-334.81231622 -66.816681734 -338.99715073 -69.554558062 -338.92267564 -65.918912126 
-335.58935587 -67.015818631 -339.77451625 -69.7531968 -339.69960839 -66.117559755 
-336.22166281 -67.177546463 -340.40934642 -69.911062997 -340.33108502 -66.275496595 
-336.93300799 -67.360182076 -341.12407466 -70.08850883 -341.04130959 -66.453042167 
-337.38876157 -67.476802272 -341.58170794 -70.202239385 -341.49643688 -66.566830638 
-338.3023216 -67.708932008 -342.49971894 -70.427509253 -342.40850345 -66.7922448 
-338.86996049 -67.8530496 -343.0694824 -70.568343761 -342.97542426 -66.933151748 
-339.54845831 -68.023559188 -343.75070339 -70.734637015 -343.65299673 -67.099541236 
-340.19616188 -68.186368448 -344.40128647 -70.892977743 -344.29971575 -67.257987881 
-340.92187717 -68.368979901 -345.13069067 -71.069849313 -345.02416056 -67.435001415 
-341.55623646 -68.527381898 -345.76729369 -71.224751667 -345.65774204 -67.589993581 
-342.28708398 -68.708877595 -346.50104465 -71.401709225 -346.38757733 -67.767071268 
-343.00869314 -68.888173783 -347.22522373 -71.57697955 -347.10828512 -67.94245162 
-343.50345216 -69.010265662 -347.72105547 -71.697388465 -347.60266639 -68.062907493 
-344.21890311 -69.166321713 -348.43058358 -71.862718248 -348.32019194 -68.227985576 
-344.88508265 -69.329100088 -349.09877868 -72.022345789 -348.98566852 -68.3876967 
-345.61285031 -69.507278561 -349.82869796 -72.197155005 -349.71268233 -68.562597496 
-346.27595025 -69.668954478 -350.49395661 -72.355444566 -350.37502233 -68.720981394 
-346.88259425 -69.816328861 -351.10262072 -72.499644585 -350.98095191 -68.865271928 
-347.62986454 -69.998903827 -351.8524718 -72.678156441 -351.72730489 -69.043902576 
-348.2939907 -70.159470507 -352.5187746 -72.835289576 -352.39065336 -69.201138663 
-348.94477266 -70.316737242 -353.17122864 -72.989914467 -353.04083537 -69.355844366 
-349.57605163 -70.468499742 -353.80399056 -73.139330896 -353.67158042 -69.505333722 
-350.29252747 -70.641159703 -354.52246322 -73.308827266 -354.38733459 -69.674930163 
-350.93817688 -70.795112919 -355.16967662 -73.460298954 -355.03241654 -69.826481735 
-351.29436177 -70.880892515 -355.52715902 -73.544017378 -355.3881292 -69.910267439 
-352.17301954 -71.090931915 -356.40715124 -73.751934613 -356.2662999 -70.118254824 
-352.97674492 -71.282271183 -357.21031014 -73.944175054 -357.07023222 -70.310465367 
-353.62444677 -71.439541901 -357.85725234 -74.10265355 -357.71821118 -70.468904045 
-354.27830901 -71.552517151 -358.50221016 -74.229729458 -358.37528751 -70.595536487 
-353.7137512 -71.416147393 -357.93973532 -74.090070524 -357.80998344 -70.455977465 
-350.88993449 -70.73762009 -355.1227939 -73.400646177 -354.98367928 -69.766899484 
-349.14390956 -70.317522017 -353.38050918 -72.974593763 -353.23628539 -69.341046267 
-351.94514504 -70.990551855 -356.17468882 -73.658840829 -356.04009406 -70.024923912 
-357.51579024 -72.330012568 -361.73280092 -75.018065324 -361.61521328 -71.383558335 
-358.22713252 -72.50046471 -362.44328021 -75.189870846 -362.32685913 -71.555326302 
-358.97542745 -72.681928081 -363.19132355 -75.371728582 -363.07524244 -71.737173164 
-359.62210196 -72.839199184 -363.8379714 -75.529041468 -363.72192632 -71.8944849 
-358.82966901 -72.647843361 -363.04612194 -75.336770899 -362.9292883 -71.702239594 
-359.73911924 -72.867794825 -363.95508929 -75.557479422 -363.83890826 -71.922927197 
-361.59702489 -73.317597833 -365.81228966 -76.0083876 -365.69706148 -72.373805041 
-362.26833417 -73.482578328 -366.48364031 -76.173303293 -366.36835625 -72.538722506 
-362.97967563 -73.655243624 -367.19512901 -76.345737896 -367.07964604 -72.711163424 
-363.69306976 -73.832333955 -367.9089501 -76.522159167 -367.79289029 -72.887603069 
-364.13034581 -73.901373378 -368.34163571 -76.598379866 -368.2317705 -72.963631244 
-365.02439868 -74.09809845 -369.23345832 -76.798584265 -369.12659693 -73.163746091 
-365.6176961 -74.242169359 -369.82675706 -76.942653113 -369.7198939 -73.30781499 
-366.45426589 -74.444523046 -370.66332676 -77.145006939 -370.55646372 -73.510168813 
-367.12044228 -74.603975139 -371.32915805 -77.304996838 -371.22275946 -73.670145088 
-367.77224792 -74.763450438 -371.98144158 -77.463727346 -371.87439979 -73.82889448 
-368.47845618 -74.935015652 -372.68849969 -77.633967349 -372.58031364 -73.999168361 
-369.075859 -75.080186348 -373.28595044 -77.779063292 -373.17769985 -74.144266225 
-369.76769658 -75.247346088 -373.97768837 -77.946378475 -373.86957199 -74.311577414 
-370.54678358 -75.435399354 -374.75647028 -78.134907561 -374.64876473 -74.500094303 
-369.9062694 -75.280334829 -374.11604527 -77.979703966 -374.00821964 -74.344894268 
-371.84834096 -75.751030283 -376.05814442 -78.45035641 -375.95028165 -74.815547813 
-372.44266397 -75.895098191 -376.65252369 -78.594336558 -376.54458515 -74.959530211 
-373.06059559 -76.044663249 -377.27057069 -78.743721652 -377.16247677 -75.108919923 
-373.74114131 -76.212947587 -377.9513044 -78.91171276 -377.84295731 -75.276918568 
-374.31082993 -76.322734063 -378.52054308 -79.022201023 -378.4128019 -75.38738882 
-375.30034119 -76.56358614 -379.51002176 -79.263103907 -379.40232446 -75.628290404 
-375.86181685 -76.701064036 -380.07161734 -79.400394786 -379.96375857 -75.765586071 
-376.67374962 -76.897919343 -380.8836469 -79.597099131 -380.77565778 -75.962294287 
-377.38303587 -77.070584614 -381.59297866 -79.769693425 -381.48492826 -76.134890401 
-378.01225789 -77.223451686 -382.22226549 -79.922459399 -382.11412781 -76.287658971 
-378.69896175 -77.390617754 -382.90882516 -80.089850376 -382.80088165 -76.455044176 
-379.38155965 -77.556683221 -383.59112725 -80.256377148 -383.48358205 -76.621559141 
-380.01180783 -77.710655342 -384.22103158 -80.410885344 -384.11394929 -76.77605367 
-380.69543201 -77.876718842 -384.90438303 -80.577373946 -384.79766784 -76.942531477 
-381.13886381 -77.985602605 -385.34724264 -80.687149258 -385.24129744 -77.052284264 
-382.01443627 -78.198959802 -386.22165313 -80.902315663 -386.11727082 -77.267405452 
-382.64878993 -78.354031821 -386.85469762 -81.059424046 -386.75207495 -77.424463731 
-383.38989554 -78.535500903 -387.59359318 -81.244325882 -387.49393808 -77.609282998 
-383.99140218 -78.683983383 -388.19258968 -81.39669977 -388.09630063 -77.761566165 
-384.78075179 -78.862052074 -388.97801835 -81.580831228 -388.88697773 -77.945562391 
-385.53725388 -79.050138332 -389.73056379 -81.775016065 -389.64480776 -78.139618726 
-386.01661129 -79.170034136 -390.20726546 -81.898994426 -390.12504997 -78.263515294 
-386.76387502 -79.355920889 -390.95029512 -82.091372122 -390.8737136 -78.455769947 
-387.5542499 -79.555022731 -391.73621643 -82.297277762 -391.66554675 -78.661555866 
-388.17423214 -79.712331315 -392.35298442 -82.459481855 -392.28657249 -78.823679692 
-388.94715684 -79.910354136 -393.12189378 -82.663602788 -393.06079025 -79.027707538 
-389.13910495 -79.95875477 -393.31305287 -82.713199424 -393.25299107 -79.077286816 
-389.94282325 -80.165584153 -394.11338675 -82.925150572 -394.05778835 -79.289166974 
-390.90769554 -80.416435587 -395.07580604 -83.179705661 -395.02343754 -79.543674108 
-391.41168726 -80.547361663 -395.57854162 -83.312525565 -395.52782545 -79.67647059 
-392.06964783 -80.719000186 -396.23509429 -83.486284503 -396.18622874 -79.850204187 
-392.95445577 -80.951160437 -397.11813442 -83.721103892 -397.07159058 -80.084993115 
-393.53440521 -81.102997648 -397.6970386 -83.874511669 -397.65186649 -80.238383593 
-394.32888447 -81.312055237 -398.49081838 -84.084619529 -398.44656378 -80.44848017 
-395.11309947 -81.504522384 -399.27503791 -84.277079888 -399.23077738 -80.640940601 
-395.6653342 -81.650868805 -399.82655571 -84.424502192 -399.78323523 -80.788351584 
-396.38180222 -81.840124932 -400.54189682 -84.615448263 -400.50005324 -80.979280359 
-396.99870365 -82.004079563 -401.15786198 -84.780805817 -401.11724477 -81.144624007 
-397.81987013 -82.223056827 -401.97782651 -85.001582587 -401.93878277 -81.365383542 
-398.49527943 -82.403522512 -402.65229382 -85.183457408 -402.61448254 -81.547245338 
-399.02185231 -82.543267483 -403.17807037 -85.324392811 -403.14130048 -81.688170062 
-399.85738877 -82.767756371 -404.01242833 -85.550642099 -403.97719881 -81.9144041 
-400.52561259 -82.946019093 -404.67961114 -85.730458494 -404.64574147 -82.094207574 
-398.93665636 -82.519049854 -403.09302439 -85.299951052 -403.05605842 -81.663730291 
-401.76044059 -83.278353419 -405.91279014 -86.06525131 -405.88107298 -82.428980977 
-402.43790218 -83.461029145 -406.58936905 -86.249241738 -406.55880332 -82.612961544 
-402.98705657 -83.609593553 -407.13745306 -86.399399208 -407.10828288 -82.763107552 
-403.42227424 -83.726237461 -407.57166377 -86.517540598 -407.54380573 -82.881238652 
-404.56574676 -84.036577498 -408.71443077 -86.828929135 -408.68749166 -83.192620265 
-404.13566153 -83.919925351 -408.28568834 -86.7102809 -408.25699996 -83.073985411 
-405.81083809 -84.376643326 -409.96096404 -87.166851432 -409.93214646 -83.530556964 
-406.52217204 -84.571441155 -410.67115052 -87.363355248 -410.64382792 -83.727049239 
-407.33512498 -84.794857855 -411.48267667 -87.588891078 -411.45721167 -83.952571587 
-407.92225755 -84.956644779 -412.06889906 -87.752028627 -412.04461833 -84.115701035 
-408.66849062 -85.162456279 -412.81356867 -87.960157941 -412.7913209 -84.323817343 
-409.33466006 -85.346256114 -413.47854778 -88.145720577 -413.45784668 -84.509370845 
-410.02546431 -85.53776537 -414.16808764 -88.339100518 -414.14902836 -84.70274181 
-410.7511679 -85.739181472 -414.89256536 -88.542328597 -414.87509685 -84.905961899 
-411.28903017 -85.888870036 -415.42953956 -88.693328753 -415.41322282 -85.056956704 
-412.094797 -86.113404388 -416.23372351 -88.920198636 -416.21945834 -85.283817961 
-412.64087071 -86.266400654 -416.77859651 -89.074964677 -416.76588646 -85.438578234 
-413.42713464 -86.486538099 -417.56315852 -89.297607855 -417.55265105 -85.66121438 
-414.04505996 -86.660451826 -418.17990659 -89.473252917 -418.17092153 -85.836855362 
-414.76049834 -86.860776683 -418.89374963 -89.675921523 -418.88682618 -86.039519458 
-415.41126965 -87.054564663 -419.54316349 -89.8717015 -419.53799288 -86.235296521 
-416.15134258 -87.26592012 -420.28175409 -90.085229857 -420.27849615 -86.448822661 
-416.79082297 -87.448654996 -420.91987801 -90.269951001 -420.91836906 -86.633542659 
-417.47752013 -87.644597851 -421.60526209 -90.467814629 -421.60544501 -86.831405978 
-418.10160351 -87.824036323 -422.22789306 -90.649375457 -422.22994604 -87.012967381 
-418.77393008 -88.017788209 -422.89863926 -90.845434021 -422.90272545 -87.209027661 
-419.54171664 -88.239061558 -423.6647686 -91.069123249 -423.67098509 -87.432719907 
-420.11447711 -88.404191149 -424.23648219 -91.235777413 -424.24404348 -87.599376618 
-420.7272691 -88.582540497 -424.84809266 -91.415845973 -424.85717084 -87.779448649 
-421.47452622 -88.800525676 -425.59391622 -91.635915004 -425.60483361 -87.999522737 
-422.13248192 -88.992086166 -426.25060739 -91.829311793 -426.26314601 -88.192924755 
-422.83149555 -89.196864663 -426.94817152 -92.036193038 -426.96256724 -88.399812878 
-423.35703877 -89.35099989 -427.47280673 -92.19164432 -427.48836508 -88.555268948 
-424.07555481 -89.561281728 -428.18986613 -92.404035496 -428.20728846 -88.767668576 
-424.55388111 -89.702208741 -428.66715852 -92.54645831 -428.68590306 -88.910097966 
-425.29395311 -89.898062125 -429.4054827 -92.744837678 -429.42646081 -89.108489534 
-426.22289119 -90.173318459 -430.3324922 -93.022877409 -430.3559326 -89.386544303 
-426.88905778 -90.369292968 -430.99729703 -93.220814824 -431.02247457 -89.584493331 
-427.61578479 -90.585096148 -431.72282532 -93.438344249 -431.74953103 -89.802033658 
-428.22857571 -90.766765406 -432.33431707 -93.62188267 -432.36267796 -89.985584612 
-428.98096374 -90.991383127 -433.08562566 -93.848052028 -433.11536096 -90.211764949 
-429.62352147 -91.184074481 -433.72716654 -94.042203901 -433.75819586 -90.405927634 
-430.22399473 -91.362442205 -434.32657272 -94.222103111 -434.35895927 -90.585838678 
-430.85936711 -91.554037988 -434.96192744 -94.413724235 -434.99433645 -90.777460003 
-431.57582893 -91.769857126 -435.67906996 -94.628566573 -435.71061327 -90.992294728 
-432.19067216 -91.95484362 -436.29582126 -94.810812367 -436.32493634 -91.174520269 
-432.93176855 -92.178371831 -437.04004237 -95.029843888 -437.06517583 -91.39352209 
-433.51479173 -92.352339107 -437.6265609 -95.198768621 -437.64723297 -91.562418724 
-434.24357055 -92.571458748 -438.36031965 -95.410681102 -438.37462171 -91.774300572 
-434.9282119 -92.779579569 -439.05026561 -95.611095042 -439.05776444 -91.974694119 
-435.63338359 -92.946702467 -439.75963849 -95.772092202 -439.76173606 -92.135684151 
-436.23590907 -93.122851372 -440.36717729 -95.940905588 -440.3628141 -92.30449955 
-436.96571411 -93.33643301 -441.10326267 -96.145258137 -441.09078209 -92.508870899 
-437.63701153 -93.531289609 -441.78054776 -96.33127428 -441.76030317 -92.694921978 
-438.20771691 -93.696419223 -442.35606806 -96.489265344 -442.32956238 -92.85295329 
-438.89543741 -93.893462752 -443.04952343 -96.677771638 -443.01553952 -93.041521783 
-439.23519184 -93.990330525 -443.39206429 -96.770477646 -443.35443865 -93.134263651 
-439.90340973 -94.179656039 -444.06546992 -96.95203077 -444.02104971 -93.315893431 
-440.90111748 -94.459223117 -445.07092023 -97.219938903 -445.01632397 -93.583940119 
-441.53340955 -94.635321906 -445.70783194 -97.389047447 -445.64714376 -93.75314524 
-442.17083379 -94.812519237 -446.34982987 -97.559298886 -446.28309525 -93.923502632 
-442.81339023 -94.98970797 -446.99702367 -97.729419255 -446.92414296 -94.093741008 
-443.52061284 -95.183396898 -447.70891882 -97.915959733 -447.62982952 -94.280411247 
-444.2175709 -95.372674063 -448.40953688 -98.099618856 -448.32557319 -94.464179679 
-444.87449722 -95.557588596 -449.06969779 -98.279554575 -448.981418 -94.644217646 
-445.49242051 -95.663960847 -449.69215168 -98.378931338 -449.59781337 -94.743746584 
-446.20272235 -95.848787007 -450.40560705 -98.558873141 -450.30704262 -94.92380052 
-446.88530991 -96.029230221 -451.09117304 -98.734691733 -450.98861025 -95.099729727 
-447.46525266 -96.182164404 -451.67371237 -98.883585064 -451.56765835 -95.248723244 
-448.16528965 -96.36700706 -452.37673406 -99.06377229 -452.26666062 -95.429029968 
-448.7914224 -96.530936061 -453.00556319 -99.223485788 -452.89185273 -95.58885543 
-449.57460141 -96.736676639 -453.7923194 -99.423619447 -453.67377521 -95.789143531 
-450.08371908 -96.868691766 -454.30365334 -99.552152497 -454.18210942 -95.917775661 
-450.78683511 -97.051314476 -455.00982472 -99.729964398 -454.88413912 -96.095728435 
-451.43760225 -97.220737914 -455.66364223 -99.894572747 -455.53381442 -96.2604824 
-452.10787183 -97.393450389 -456.33691821 -100.06252765 -456.20300077 -96.428585709 
-452.90747357 -97.599162985 -457.14025614 -100.2623112 -457.00124636 -96.628560494 
-453.47201903 -97.743264418 -457.70691638 -100.40304846 -457.5650193 -96.769409356 
-454.13202392 -97.911564887 -458.3692654 -100.56761296 -458.22416371 -96.934100415 
-454.57544851 -98.028188 -458.81424899 -100.68174734 -458.66701359 -97.048320633 
-455.42945386 -98.167381959 -459.66988858 -100.81832896 -459.52041439 -97.184993668 
-455.97244379 -98.301554374 -460.21468986 -100.94960175 -460.06273175 -97.316369491 
-456.72482854 -98.489629925 -460.96962762 -101.13358292 -460.81416403 -97.500498967 
-457.41254714 -98.660098124 -461.65989466 -101.29995526 -461.50092659 -97.667022969 
-458.08486897 -98.826163105 -462.33457273 -101.46222544 -462.17235978 -97.829436582 
-458.69868332 -98.977932011 -462.95037371 -101.61078892 -462.78542134 -97.978123423 
-459.44490908 -99.160481423 -463.69910032 -101.78929552 -463.53069484 -98.156788464 
-460.05564396 -99.310040887 -464.31147131 -101.93620544 -464.14080394 -98.303803954 
-460.47032778 -99.411210849 -464.72619626 -102.03730873 -464.55547199 -98.404909921 
-461.30995979 -99.614640748 -465.56556468 -102.24116577 -465.39520499 -98.608749844 
-461.92787959 -99.76418795 -466.1822676 -102.3926836 -466.01359021 -98.760189161 
-462.58172487 -99.922532612 -466.83455015 -102.55355595 -466.66803139 -98.920961916 
-463.24275513 -100.08418664 -467.49391235 -102.71790434 -467.32969549 -99.085205517 
-464.00848261 -100.27113119 -468.25798665 -102.90751548 -468.09604892 -99.274714343 
-464.65514238 -100.43170158 -468.90350355 -103.06992713 -468.74314009 -99.437056162 
-465.27716907 -100.52920602 -469.51641447 -103.18205449 -469.36856977 -99.548652528 
-465.94538403 -100.69306183 -470.1830978 -103.3483563 -470.03734992 -99.714869617 
-466.58280563 -100.84811146 -470.81895358 -103.50590324 -470.67534737 -99.872331288 
-467.34032099 -101.03396167 -471.57474246 -103.69450324 -471.4334954 -100.06083881 
-467.99621835 -101.19451605 -472.22897521 -103.85770513 -472.09000051 -100.22395308 
-468.66340648 -101.35837298 -472.89389977 -104.02515629 -472.75801153 -100.39128751 
-469.28029883 -101.50902756 -473.50772501 -104.18067022 -473.37601242 -100.5466477 
-469.98751805 -101.68278204 -474.21014368 -104.3620057 -474.08495185 -100.72775269 
-470.6146746 -101.83784786 -474.83224965 -104.52501502 -474.71389879 -100.89053281 
-471.35473972 -102.02151176 -475.56527738 -104.71969249 -475.45642575 -101.08491338 
-472.00447776 -102.18428979 -476.20806366 -104.89328817 -476.10855851 -101.25824118 
-472.59365559 -102.33277541 -476.79111975 -105.05124948 -476.69981491 -101.41598727 
-473.23518183 -102.49667394 -477.42601615 -105.22535758 -477.34356066 -101.58988388 
-473.85309981 -102.65507584 -478.03722251 -105.39403985 -477.96369245 -101.75837468 
-474.63935398 -102.86191212 -478.81683333 -105.61099796 -478.75210551 -101.97516543 
-475.43587285 -103.05655269 -479.59693692 -105.83042228 -479.55382283 -102.19426922 
-476.11845619 -103.23698947 -480.27319479 -106.02032449 -480.23835847 -102.3840827 
-476.72713559 -103.40094181 -480.87806942 -106.18994791 -480.84819876 -102.55366194 
-477.46719929 -103.60121127 -481.61436307 -106.39582023 -481.58940287 -102.75949723 
-478.1579937 -103.78938391 -482.30248742 -106.58795112 -482.28099903 -102.95160596 
-478.79541311 -103.96325232 -482.93804504 -106.76457476 -482.9189746 -103.12821611 
-479.5518995 -104.16902967 -483.69257014 -106.9732503 -483.67604431 -103.33687919 
-479.65351704 -104.19764633 -483.7931665 -107.00337422 -483.77796453 -103.36699734 
-480.79081242 -104.50907555 -484.92982821 -107.31573815 -484.91544738 -103.67935793 
-481.51547881 -104.7082625 -485.65478746 -107.51449316 -485.64002716 -103.87811446 
-482.18163806 -104.89093952 -486.32159532 -107.69621321 -486.30599439 -104.05983802 
-482.80058101 -105.06040928 -486.94149376 -107.86427237 -486.92465395 -104.22790271 
-483.50882406 -105.25519453 -487.65081508 -108.05746452 -487.63257646 -104.4211016 
-484.25607175 -105.45877184 -488.39979468 -108.25848021 -488.37930762 -104.62212927 
-484.99510784 -105.65904121 -489.13995158 -108.45709001 -489.11800835 -104.82074756 
-485.63663056 -105.88936523 -489.76878384 -108.70612152 -489.76327831 -105.06971703 
-486.3571904 -106.08966502 -490.49038379 -108.90489487 -490.48353513 -105.26849267 
-487.15370661 -106.30976668 -491.28925092 -109.1215419 -491.27936374 -105.48514669 
-487.75212013 -106.47484108 -491.89001653 -109.28315376 -491.87708558 -105.64676809 
-488.38235318 -106.64761235 -492.52246912 -109.45265187 -492.50666249 -105.81627757 
-489.05569657 -106.83138309 -493.19855095 -109.63237652 -493.17919173 -105.9960194 
-489.76701807 -107.02505466 -493.91295994 -109.82147606 -493.88958917 -106.18514251 
-490.49989468 -107.22422585 -494.64874391 -110.016332 -494.62158963 -106.38002473 
-491.08804347 -107.38378103 -495.2390814 -110.1726322 -495.20907502 -106.53634734 
-491.63616117 -107.53122429 -495.78723021 -110.32002915 -495.75718326 -106.68374463 
-493.13168045 -107.93505172 -497.2823126 -110.72450676 -497.25283524 -107.08821758 
-494.16222314 -108.22008266 -498.31155367 -111.0114735 -498.28377249 -107.37517097 
-494.84480348 -108.41269383 -498.99232043 -111.20677861 -498.96690064 -107.57045881 
-495.30362045 -108.54699963 -499.44917078 -111.34400144 -499.42630909 -107.70766465 
-495.66595237 -108.65378782 -499.8097433 -111.45339553 -499.78916792 -107.81704509 
-496.05702458 -108.76495659 -500.19962488 -111.5663258 -500.1805955 -107.92996693 
-496.62361756 -108.91790386 -500.76591706 -111.71971782 -500.7472781 -108.08335693 
-497.45195177 -109.14016412 -501.59515877 -111.94063595 -501.57534173 -108.30428129 
-498.08628942 -109.30960519 -502.23203976 -112.10631054 -502.20891803 -108.4699754 
-498.64877651 -109.45813039 -502.79730837 -112.25070806 -502.77056738 -108.61439773 
-499.33238296 -109.63966753 -503.48306102 -112.42905425 -503.4535238 -108.79276556 
-499.949271 -109.80249451 -504.1016322 -112.58937506 -504.06989984 -108.95310486 
-500.63493015 -109.98402794 -504.78917869 -112.76809434 -504.75498253 -109.13184648 
-501.29698122 -110.15785066 -505.4528516 -112.93949551 -505.41653625 -109.30326819 
-501.9220805 -110.32287783 -506.07954381 -113.1021413 -506.04114526 -109.46593539 
-502.5584705 -110.4901003 -506.71779215 -113.2665819 -506.67696106 -109.63040249 
-503.09940195 -110.63201787 -507.26062924 -113.40564259 -507.21730118 -109.76949207 
-503.93184096 -110.8487339 -508.09577158 -113.61829857 -508.04889696 -109.98219204 
-504.60312953 -111.02364763 -508.76944601 -113.7896219 -508.71943702 -110.15355713 
-505.17588033 -111.16994026 -509.34259335 -113.93531714 -509.29206303 -110.29925958 
-505.82356003 -111.36482157 -509.98779684 -114.13392584 -509.94052019 -110.49782452 
-506.02371468 -111.42205832 -510.1871286 -114.19239966 -510.14093224 -110.55628445 
-507.11481464 -111.70809101 -511.28016094 -114.47552609 -511.23142699 -110.839444 
-507.89695762 -111.91381865 -512.06440929 -114.67808225 -512.01290756 -111.04203831 
-508.58672141 -112.09534348 -512.75584557 -114.85708393 -512.70214289 -111.22107184 
-509.08967411 -112.22735925 -513.26026663 -114.98688181 -513.20462999 -111.35089879 
-509.88721333 -112.43527494 -514.05940481 -115.19237939 -514.00166045 -111.55642924 
-510.56055395 -112.61018397 -514.73381482 -115.36566948 -514.67465978 -111.72974201 
-511.22465657 -112.78289403 -515.3990477 -115.53666697 -515.3384008 -111.90076408 
-511.95445088 -112.97099401 -516.1299166 -115.7231373 -516.06785047 -112.08725836 
-512.62163263 -113.14369863 -516.79838033 -115.89389595 -516.73461996 -112.25804632 
-513.13690217 -113.2768003 -517.31444334 -116.02579219 -517.24963375 -112.38996111 
-513.95291655 -113.48800546 -518.1317686 -116.23500422 -518.06522462 -112.59920448 
-514.54619484 -113.64201198 -518.72610578 -116.38739924 -518.65815989 -112.75162542 
-515.25648643 -113.82460815 -519.43665034 -116.56961021 -519.36836942 -112.93384267 
-515.741989 -113.95554491 -519.93508975 -116.6807445 -519.84961275 -113.04534059 
-516.52618352 -114.1590527 -520.72012761 -116.88295423 -520.63352533 -113.24757696 
-517.23852764 -114.34385924 -521.43396506 -117.06546016 -521.34536894 -113.43013093 
-517.86567779 -114.50666553 -522.06200577 -117.22689313 -521.9722198 -113.59159309 
-518.52156797 -114.67606639 -522.71899978 -117.39459041 -522.6277382 -113.75932712 
-519.10355495 -114.82676955 -523.30171805 -117.54416411 -523.20947837 -113.9089255 
-519.88056394 -115.02696712 -524.07991495 -117.74252557 -523.98608559 -114.10732765 
-520.48000009 -115.18206935 -524.68016876 -117.89636298 -524.5852446 -114.26119347 
-520.88646705 -115.28656645 -525.08753542 -117.99946734 -524.99140602 -114.36432951 
-521.53414538 -115.45376616 -525.73633691 -118.16492698 -525.63870204 -114.52982927 
-522.4528015 -115.69026129 -526.65653175 -118.39903567 -526.5568329 -114.76399399 
-523.12306111 -115.86295852 -527.32781473 -118.57014407 -527.22674216 -114.93514032 
-523.77792416 -116.03125287 -527.9837738 -118.73673536 -527.88122914 -115.10177285 
-524.54364167 -116.22814681 -528.75081974 -118.93156304 -528.64648958 -115.29665133 
-525.14513015 -116.38213757 -529.35301037 -119.08446078 -529.24773594 -115.4495763 
-525.71993138 -116.52842302 -529.94003608 -119.2116157 -529.81826131 -115.57724659 
-526.40045485 -116.70331661 -530.62193149 -119.38435029 -530.4982977 -115.75004395 
-527.01220738 -116.86061122 -531.23554744 -119.53870857 -531.10938632 -115.90448908 
-527.82924588 -117.07070392 -532.05356568 -119.74725561 -531.92607467 -116.11308253 
-528.42252249 -117.22360069 -532.64755438 -119.89902816 -532.5190963 -116.26488914 
-528.99732333 -117.36988554 -533.22326273 -120.04387933 -533.09357162 -116.4097841 
-529.76406644 -117.56677648 -533.99206202 -120.23751797 -533.8595748 -116.6035236 
-530.19516695 -117.67676673 -534.4239545 -120.34625404 -534.29038942 -116.71229914 
-531.04505068 -117.89455344 -535.27523065 -120.56183371 -535.13976931 -116.92794899 
-531.78305345 -118.08374217 -536.01477106 -120.74858226 -535.87721392 -117.11477628 
-532.31269099 -118.21903086 -536.54433943 -120.88398078 -536.4068766 -117.25017123 
-533.05890505 -118.40820551 -537.29168648 -121.07135554 -537.15267826 -117.43760478 
-533.7230046 -118.57980369 -537.95821704 -121.23908597 -537.81588945 -117.6054637 
-534.40865909 -118.75579408 -538.64643085 -121.41099599 -538.50060361 -117.77751249 
-535.01014634 -118.90978296 -539.2490288 -121.56321135 -539.10168115 -117.92978919 
-535.66090281 -119.04708198 -539.90036179 -121.69958914 -539.75222456 -118.06619909 
-536.48204562 -119.25605841 -540.72293411 -121.90627944 -540.57283791 -118.27296979 
-536.93675339 -119.37154375 -541.17820362 -122.02086567 -541.02733719 -118.38758792 
-537.66449103 -119.55631982 -541.90762098 -122.20295067 -541.75444983 -118.56976935 
-538.41378357 -119.74548804 -542.65833307 -122.38984168 -542.50321241 -118.75674307 
-539.03271962 -119.90276823 -543.27814271 -122.54571913 -543.12182151 -118.91267199 
-539.33859514 -119.97975362 -543.58420162 -122.62240991 -543.42762831 -118.98937362 
-540.26545941 -120.21401549 -544.51310024 -122.85340065 -544.35372849 -119.22048604 
-540.92853161 -120.38229248 -545.17726257 -123.01992246 -545.01638986 -119.38707401 
-541.62137014 -120.55716209 -545.87124925 -123.19294172 -545.70879463 -119.56016366 
-542.22183015 -120.70782992 -546.47236446 -123.34255281 -546.30900662 -119.70981526 
-542.97830699 -120.89809211 -547.22955398 -123.53166491 -547.0652133 -119.89897169 
-543.63727314 -121.06416116 -547.88863902 -123.69754205 -547.72413435 -120.06485625 
-544.39374974 -121.25553015 -548.64509704 -123.88894101 -548.48061799 -120.25625405 
-545.28674107 -121.47656191 -549.53790463 -124.11026938 -549.37367903 -120.47757095 
-545.68191375 -121.64086006 -549.93429823 -124.27259576 -549.76838798 -120.63997389 
-546.2413161 -121.7849534 -550.49272425 -124.41826602 -550.32816126 -120.78558286 
-546.90028171 -121.95545031 -551.1501743 -124.59120819 -550.9877011 -120.95843096 
-547.62391209 -122.14133812 -551.87203006 -124.77995526 -551.71200147 -121.14706953 
-548.31674954 -122.32174194 -552.56332127 -124.96284685 -552.40542058 -121.329868 
-548.77556185 -122.44054007 -553.02145957 -125.08272842 -552.86448584 -121.4497094 
-549.59362306 -122.65283968 -553.83808991 -125.297326 -553.68308281 -121.66422254 
-549.98674399 -122.75624836 -554.23046916 -125.40192471 -554.07648078 -121.76877794 
-550.77606504 -122.96306039 -555.01909301 -125.60985474 -554.86606186 -121.97666752 
-551.39807871 -123.12476152 -555.63976795 -125.77370076 -555.48857371 -122.14043663 
-552.15763316 -123.32608767 -556.39883646 -125.97580488 -556.24830864 -122.34251308 
-552.6934269 -123.46800537 -556.9344688 -126.1179809 -556.78416228 -122.48467994 
-553.23435269 -123.61212861 -557.4751736 -126.26245777 -557.32517005 -122.62914429 
-553.98672181 -123.81457356 -558.22756196 -126.46487194 -558.07753204 -122.83155955 
-551.34470496 -123.09606593 -555.58552775 -125.74639209 -555.43552162 -122.11307871 
-555.56125753 -124.19609545 -559.80147568 -126.84738885 -559.6522983 -123.21404136 
-556.02109582 -124.3049266 -560.26124198 -126.95633513 -560.11216326 -123.32298359 
-556.64516153 -124.47326604 -560.88656453 -127.12266357 -560.73576286 -123.48938313 
-557.1799283 -124.61739898 -561.42196058 -127.26578883 -561.27029578 -123.63254432 
-557.80707318 -124.78462588 -562.04908512 -127.4330483 -561.89744822 -123.79980262 
-558.15708359 -124.87924917 -562.39922814 -127.52745919 -562.24740932 -123.89422111 
-559.12192161 -125.13779842 -563.36423674 -127.78573516 -563.21218387 -124.15250687 
-559.50888316 -125.24232344 -563.75130465 -127.89008979 -563.59910585 -124.25686761 
-560.28485905 -125.45136988 -564.52785582 -128.09821423 -564.37486748 -124.46502521 
-560.82681035 -125.59881149 -565.07006888 -128.24523619 -564.91672122 -124.61206232 
-561.45908683 -125.7693504 -565.70262689 -128.41532365 -565.54889269 -124.78216611 
-562.05441201 -125.92998735 -566.29814788 -128.57564652 -566.1441448 -124.94250037 
-562.61586517 -126.08182427 -566.85962964 -128.72743757 -566.70558729 -125.09429309 
-563.27174913 -126.25896578 -567.51584124 -128.90405347 -567.36134891 -125.27092809 
-563.92558093 -126.40178946 -568.17025002 -129.04595113 -568.01496504 -125.41285954 
-564.65537023 -126.46144968 -568.89407897 -129.11515555 -568.74696918 -125.48172375 
-565.44468881 -126.6726866 -569.68357011 -129.32611682 -569.53622404 -125.6926946 
-565.98048107 -126.81570919 -570.21937332 -129.46912193 -570.07201226 -125.83570031 
-566.66613086 -126.9983354 -570.9051782 -129.65150036 -570.75760476 -126.01808737 
-567.15368118 -127.12815366 -571.39298932 -129.7809019 -571.24505869 -126.14750343 
-567.8249609 -127.3074825 -572.06453113 -129.95981184 -571.91624149 -126.326428 
-567.64225786 -127.25907726 -571.88191082 -129.91127434 -571.73350785 -126.27789514 
-567.46571335 -127.21176874 -571.7055584 -129.86365875 -571.55689226 -126.2302903 
-569.75463298 -127.82236057 -573.99454451 -130.47414429 -573.84578729 -126.84077957 
-570.29966254 -127.96868822 -574.53983999 -130.62004672 -574.39071839 -126.98669693 
-570.96170404 -128.14581774 -575.20230029 -130.79650635 -575.0526047 -127.16318017 
-571.41435561 -128.26683727 -575.65539147 -130.91682247 -575.50509323 -127.28352117 
-572.16877483 -128.46816731 -576.41009522 -131.11769707 -576.25940683 -127.48441193 
-572.80104992 -128.63538257 -577.04281237 -131.28420456 -576.89151771 -127.65094461 
-573.31631423 -128.71643911 -577.55820388 -131.3650574 -577.40673474 -127.73180473 
-574.17235196 -128.79913345 -578.40706697 -131.45920777 -578.26541897 -127.82555895 
-574.84978935 -128.97512897 -579.08435187 -131.63544604 -578.94291216 -128.00178911 
-575.38455423 -129.11483032 -579.61911791 -131.77514553 -579.47767661 -128.14148866 
-576.01272329 -129.27762334 -580.24731224 -131.93789835 -580.10583643 -128.30424282 
-576.66347347 -129.44812797 -580.89812821 -132.10829824 -580.75656254 -128.47464621 
-577.04427519 -129.54823274 -581.27898487 -132.20831555 -581.13734415 -128.57466645 
-577.84590891 -129.7583386 -582.08061181 -132.4184322 -581.93898034 -128.78478273 
-578.31703543 -129.88264728 -582.55155958 -132.54302543 -582.41017228 -128.90936646 
-579.079665 -130.08285465 -583.31405288 -132.74344968 -583.17285169 -129.10978347 
-579.66882959 -130.23907019 -583.90445299 -132.89769785 -583.7615638 -129.26409763 
-580.37090019 -130.42498704 -584.60770941 -133.08172457 -584.46319898 -129.44818846 
-580.92619285 -130.57018836 -585.16317169 -133.22665537 -585.01842926 -129.5931285 
-581.57796878 -130.74179737 -585.81494944 -133.39826149 -585.67020453 -129.76473471 
-581.96698147 -130.84410192 -586.20414172 -133.50027955 -586.05915114 -129.86676257 
-582.6474981 -130.97137666 -586.884927 -133.6271257 -586.73956889 -129.9936234 
-583.39678684 -131.01549966 -587.62935838 -133.67898325 -587.49063652 -130.04522154 
-584.17891765 -131.2167799 -588.41209737 -133.87929676 -588.27254563 -130.24556683 
-584.7547383 -131.36416003 -588.98829565 -134.02607641 -588.84822847 -130.39236631 
-584.96002193 -131.41695455 -589.19351081 -134.07897982 -589.0535371 -130.44526612 
-585.86019057 -131.64792693 -590.09425031 -134.30904414 -589.95349724 -130.67536054 
-586.6536116 -131.85140169 -590.88814297 -134.51176834 -590.74674581 -130.87810975 
-587.31873029 -132.02187978 -591.55332989 -134.68213783 -591.41183954 -131.04848287 
-588.02079995 -132.20115214 -592.25540503 -134.86140146 -592.11390718 -131.22774679 
-588.43957827 -132.30894109 -592.67462128 -134.96849318 -592.53252519 -131.33486186 
-589.06877211 -132.47062267 -593.30399515 -135.12988806 -593.16165308 -131.49626636 
-589.63022234 -132.61470489 -593.86588678 -135.27326717 -593.7229415 -131.63966915 
-590.11469123 -132.7389892 -594.35088311 -135.39671096 -594.20721684 -131.76314138 
-590.86602848 -132.93146296 -595.10293359 -135.58804756 -594.95829201 -131.95451667 
-591.42850493 -133.07554313 -595.66587351 -135.73138841 -595.52059793 -132.09788282 
-591.93863477 -133.17210526 -596.17668423 -135.82686391 -596.03047695 -132.19339568 
-592.70742363 -133.23501425 -596.94433022 -135.89159649 -596.79968661 -132.25806568 
-593.14775636 -133.34498026 -597.38449314 -136.00183332 -597.24008179 -132.36829327 
-593.76668554 -133.4989284 -598.00343609 -136.15575949 -597.8590059 -132.52222019 
-594.52007516 -133.68696928 -598.75720313 -136.34319843 -598.61225672 -132.70967969 
-595.15542682 -133.8453178 -599.39357154 -136.49992436 -599.24723387 -132.86646138 
-595.61115557 -133.95968587 -599.84947838 -136.61400808 -599.70289694 -132.98055493 
-596.12846925 -134.08834202 -600.36705812 -136.74223936 -600.22011245 -133.10880092 
-596.93728498 -134.28957381 -601.17712743 -136.94146797 -601.02846485 -133.30809938 
-597.56750424 -134.44682343 -601.80793795 -137.09777206 -601.65846515 -133.46443671 
-598.0909762 -134.57768308 -602.33152273 -137.22845122 -602.18189529 -133.59512223 
-598.89055386 -134.7767158 -603.13135226 -137.42708098 -602.98137957 -133.79376623 
-598.99730107 -134.80310563 -603.23811076 -137.45345274 -603.08812259 -133.82013863 
-600.01037295 -135.05491772 -604.251524 -137.70471856 -604.10106783 -134.07142379 
-600.55950502 -135.19237615 -604.80124932 -137.84122722 -604.64997956 -134.20796623 
