-235.95082253 -37.137370085 -242.43642049 -40.70321494 -240.72895544 -36.306178333 
-236.35320878 -37.235268784 -242.84067045 -40.797721794 -241.1309064 -36.401578632 
-236.71864119 -37.32326166 -243.20787715 -40.88248166 -241.49592281 -36.487190984 
-237.05225227 -37.402447743 -243.54316264 -40.958613217 -241.82913986 -36.564128751 
-237.35814794 -37.475034816 -243.85062242 -41.028343909 -242.13466621 -36.634614048 
-237.64248721 -37.542120283 -244.13640507 -41.092790813 -242.41866357 -36.699758608 
-237.90937609 -37.603697657 -244.4046062 -41.151967117 -242.6852407 -36.759570268 
-238.16394699 -37.663080221 -244.66034782 -41.209205786 -242.93953274 -36.81737664 
-238.41133242 -37.720259862 -244.90875205 -41.264518383 -243.18667494 -36.873183936 
-238.65666487 -37.776335598 -245.15494096 -41.319023597 -243.43180252 -36.928105502 
-238.90405028 -37.833515198 -245.40301004 -41.374948857 -243.67902411 -36.984363438 
-239.16067417 -37.891787295 -245.66013437 -41.432302439 -243.93552795 -37.04196071 
-239.42961593 -37.954468417 -245.92938282 -41.494420494 -244.20439607 -37.104228186 
-239.71600807 -38.021550437 -246.21587736 -41.561314491 -244.49076361 -37.171172084 
-240.02498307 -38.094132362 -246.52473985 -41.634102999 -244.79976564 -37.243905765 
-240.36167341 -38.1733132 -246.8610921 -41.713904548 -245.13653715 -37.323542599 
-240.55670737 -38.220611303 -247.0559192 -41.76158235 -245.33162075 -37.371119657 
-241.25267077 -38.385579877 -247.75578884 -41.919371866 -246.02664317 -37.530815945 
-241.78028895 -38.510957963 -248.28640858 -42.039220681 -246.55353303 -37.652136211 
-242.2093637 -38.611027888 -248.7174555 -42.135651471 -246.98212673 -37.749536807 
-242.67333923 -38.718792429 -249.18481895 -42.237153155 -247.44527124 -37.852710025 
-243.25536156 -38.85404832 -249.77173262 -42.363341494 -248.02608333 -37.981324106 
-243.58999869 -38.932124907 -250.11248386 -42.43004107 -248.35919022 -38.051076673 
-244.02420534 -39.042150643 -250.58613967 -42.465489386 -248.78304389 -38.106795384 
-244.40298157 -39.132335705 -250.9725577 -42.540986438 -249.15971577 -38.186336976 
-245.01887798 -39.275287533 -251.59926531 -42.663020242 -249.77257846 -38.314160283 
-245.41407815 -39.366553584 -252.00377183 -42.736148146 -250.16511322 -38.392336188 
-245.86060301 -39.468809602 -252.46203311 -42.815352743 -250.6082042 -38.477993388 
-246.19216057 -39.543569375 -252.80341546 -42.870661061 -250.93682386 -38.538778835 
-246.70027516 -39.655691886 -253.32815625 -42.949538058 -251.43983228 -38.627085005 
-247.13140271 -39.749115044 -251.86588814 -38.69741093 
-247.56971575 -39.842526752 -252.29852781 -38.765600428 
-247.98749896 -39.929328135 -252.71040655 -38.826795728 
-248.3601165 -40.004022584 -253.07711622 -38.87648215 
-248.80048271 -40.090788057 -253.5093692 -38.929830765 
-249.16591485 -40.161065262 -253.86717633 -38.969606367 
-249.62886415 -40.24558054 -254.31904203 -39.011212197 
-249.78283828 -40.276336138 -254.46797199 -39.022958309 
-250.2180713 -40.375288004 -254.87710971 -39.028144758 
-250.81549007 -40.512732262 
-251.1768165 -40.571944398 
-251.65516355 -40.646470737 
-251.7578132 -40.660700643 
-252.28337954 -40.729616311 
-252.72579993 -40.779842539 
-253.06454443 -40.809197671 
-253.41047452 -40.836327096 
-253.79335881 -40.860076435 
-254.17726979 -40.878288429 
-254.54783645 -40.890985886 
-254.91224426 -40.89926454 
-255.35671955 -40.898558977 
-255.69854491 -40.891373516 
-255.84738827 -40.876744475 
-256.37706422 -40.849332288 
-256.73634058 -40.828833397 
-257.09048455 -40.805021212 
-257.44257576 -40.774569446 
-257.75360689 -40.744182853 
-258.14983825 -40.698161028 
-258.51014212 -40.649981955 
-258.79037857 -40.609679973 
-259.23177688 -40.539229314 
-259.5428089 -40.484485597 
-259.87745079 -40.420847265 
-260.19977473 -40.355014204 
-260.58163637 -40.272479486 
-260.88753649 -40.201136785 
-261.10721216 -40.092288564 
-261.55579809 -39.965362334 
-261.80524052 -39.896323546 
-262.21276594 -39.779426689 
-262.51969316 -39.690368052 
-262.89231717 -39.581276524 
-263.19103252 -39.487802342 
-263.53594112 -39.375433404 
-263.7935961 -39.289774391 
-264.18880408 -39.154075584 
-264.42182294 -39.070669964 
-264.79034187 -38.935013527 
-265.08084576 -38.824945216 
-265.28922853 -38.742685854 
-265.74397538 -38.557071122 
-266.11865456 -38.388190718 
-266.45329927 -38.242623772 
-266.83824363 -38.067084145 
-267.16878273 -37.910452318 
-267.43567769 -37.782707217 
-267.84012628 -37.586100884 
-268.16861252 -37.423936549 
-268.49093978 -37.260674848 
-268.70034989 -37.152949544 
-269.15099287 -36.905341359 
-269.53388563 -36.688840717 
-269.82952418 -36.516764299 
-270.09744666 -36.359124724 
-270.42593414 -36.161531872 
-270.75544827 -35.959508814 
-271.14552612 -35.747425057 
-271.62901821 -35.462121643 
-271.86717207 -35.305636462 
-272.25622537 -35.043733192 
-272.5857404 -34.815138733 
-272.90499035 -34.58877486 
-273.26632804 -34.328022755 
-273.58660496 -34.088371573 
-273.90790856 -33.843183056 
-274.21894708 -33.600225131 
-274.51766738 -33.362822476 
-274.84615732 -33.094372604 
-275.08841879 -32.892488156 
-275.38816627 -32.636262511 
-275.81212464 -32.261375537 
-276.0389872 -32.092729563 
-276.48039613 -31.712279005 
-276.78732989 -31.432791963 
-277.16714778 -31.081224991 
-277.51309021 -30.755176065 
-277.84568789 -30.435791185 
-278.14235691 -30.147463312 
-278.45955676 -29.835852861 
-278.79215468 -29.507610812 
-279.09908923 -29.202659471 
-279.31466196 -28.9886388 
-279.77249742 -28.531769359 
-278.68744776 -29.615169785 
-280.86370585 -27.44171592 
-280.74154811 -27.56148128 
-281.04950823 -27.273135106 
-281.50118396 -26.827346571 
-281.8768961 -26.453642899 
-282.16535262 -26.167542013 
-282.52053393 -25.814906572 
-282.89213981 -25.444530733 
-283.24013524 -25.099656615 
-283.59223687 -24.748133101 
-283.83963179 -24.50306156 
-284.24921922 -24.0960895 
-284.52433052 -23.823295305 
-284.93186477 -23.4185407 
-285.25317017 -23.096958786 
-285.57139591 -22.778703158 
-285.97790346 -22.375057186 
-286.31152781 -22.024670015 
-286.74267286 -21.576699245 
-286.87714877 -21.44362836 
-287.32882356 -20.995624699 
-287.77331248 -20.556489524 
-288.15312971 -20.181671388 
-288.49599166 -19.844554811 
-288.81011063 -19.53626961 
-289.20532567 -19.147033995 
-289.56563847 -18.794389531 
-289.91568598 -18.449511373 
-290.14665567 -18.223286853 
-290.62809903 -17.753092437 
-291.07566671 -17.317273258 
-291.36104237 -17.040033498 
-291.65668915 -16.608885773 
-291.93795991 -16.303974198 
-292.37834184 -15.870380591 
-292.49331328 -15.758376195 
-293.05071934 -15.217203339 
-293.4921273 -14.790250727 
-293.81240464 -14.480848026 
-294.15629206 -14.150371972 
-294.46835705 -13.849839412 
-294.87999523 -13.456148245 
-295.18795395 -13.16115785 
-295.5421063 -12.825129542 
-295.89215243 -12.494643434 
-296.10361722 -12.295020889 
-296.53886403 -11.910148762 
-296.93613814 -11.340446156 
-297.21125018 -11.015615566 
-297.57874714 -10.666280055 
-297.87849301 -10.386802407 
-298.21622024 -10.074049895 
-298.57447778 -9.7468717261 
-298.85266617 -9.4951068452 
-299.22529467 -9.1623699106 
-299.54864984 -8.8762114728 
-299.82478475 -8.6344139907 
-300.10707874 -8.3881780817 
-300.46020274 -8.0820434475 
-300.70451521 -7.8712966107 
-301.12025668 -7.5196690853 
-301.35122382 -7.3321933816 
-301.3358305 -7.2325760801 
-302.05542577 -6.5372501086 
-302.19913879 -6.4163422058 
-302.46090168 -6.1978173214 
-302.44345087 -6.211130897 
-303.0080372 -5.7452297648 
-303.28827722 -5.5156038501 
-303.65269171 -5.2205220708 
-303.90726853 -5.015294183 
-304.1813491 -4.7967493962 
-304.42360751 -4.6048268182 
-304.6822902 -4.3995922799 
-304.93584018 -4.2010087501 
-305.18220446 -4.0090795266 
-305.43370125 -3.8149277815 
-305.58973547 -3.6043221778 
-305.86176272 -3.3902090653 
-306.07425171 -3.2282267115 
-306.31753617 -3.0429451345 
-306.57108573 -2.851004268 
-306.80513134 -2.6768088075 
-306.9067564 -2.6013606777 
-307.25577142 -2.3494813684 
-307.46928635 -2.1985686007 
-307.64584673 -2.074286323 
-307.87065332 -1.9144983385 
-308.12522866 -1.7369484259 
-308.30486846 -1.6126611666 
-308.39006904 -1.5538463481 
-308.69699621 -1.3474268885 
-308.92077592 -1.1953904061 
-309.14763485 -1.0488846293 
-309.34472479 -0.92567642545 
-309.53873526 -0.80247315299 
-309.73171923 -0.67927151639 
-309.8815897 -0.58492455538 
-310.1207665 -0.43507752661 
-310.33941303 -0.29965617694 
-310.53239677 -0.18088302249 
-310.70279724 -0.077645986807 
-310.91425803 0.050013931934 
-311.01177635 0.1088486095 
-311.25711187 0.25649135327 
-311.51271253 0.41190053849 
-311.71596121 0.53511879081 
-311.94897827 0.66724194121 
-312.23537334 0.82159352442 
-312.4304098 0.93704869924 
-312.65008242 1.0669361991 
-312.85538395 1.1890506917 
-313.06581797 1.3133877125 
-313.27830512 1.4421565784 
-313.47642127 1.5653667012 
-313.72586292 1.7229804411 
-313.95990704 1.8739266586 
-314.17855371 2.0204196144 
-314.39001491 2.1646867716 
-314.5881315 2.301182563 
-314.84578592 2.4842736549 
-314.96794087 2.5730406493 
-315.35699057 2.8969488889 
-315.6331236 3.1309978697 
-315.86614281 3.3262279038 
-316.11353358 3.5425165901 
-316.35989802 3.7632321776 
-316.61755443 4.0016800701 
-316.92037834 4.2988786646 
-317.10720565 4.4918202455 
-317.348439 4.749063049 
-317.44082633 4.8499607318 
-317.83603965 5.3045208864 
-318.09472525 5.6160413311 
-318.32466828 5.9009443731 
-318.56795659 6.2124400893 
-318.55460863 6.1172051844 
-318.52894408 6.0529501885 
-319.10278896 7.1233637757 
-319.42101512 7.5578718772 
-319.64685343 7.8770895312 
-319.83573654 8.148641021 
-320.1344594 8.5820106785 
-320.31307732 8.8446886134 
-320.5799777 9.2392574511 
-320.84893128 9.640472413 
-321.09016829 10.001786003 
-321.21335316 10.186875468 
-321.53260717 10.664563618 
-321.8631531 11.159984104 
-322.07256722 11.472532693 
-322.42261732 11.996770091 
-322.4503358 12.087599613 
-322.8896965 12.790229243 
-323.24795895 13.331086947 
-323.50356744 13.718995048 
-323.79202522 14.157884182 
-324.06713801 14.577930593 
-324.37510012 15.050065177 
-324.62865556 15.439077195 
-324.93456467 15.91231566 
-325.24047374 16.385554153 
-325.56075454 16.88649415 
-325.82252249 17.296555016 
-325.94160126 17.483852312 
-326.38609369 18.187597821 
-326.72074626 18.720667941 
-327.05847494 19.168493827 
-327.41160474 19.720415054 
-327.75241632 20.261245138 
-328.02650272 20.696790092 
-328.37039406 21.248696532 
-328.66603807 21.72745447 
-328.9401247 22.171856565 
-329.26964452 22.706025809 
-329.54167803 23.148210379 
-329.877357 23.69235381 
-330.18634595 24.195490325 
-330.62262595 24.905865971 
-330.78379281 25.166302084 
-331.09894087 25.679412813 
-331.42127472 26.205820757 
-331.63068751 26.507298642 
-332.08852352 27.225459186 
-332.44883897 27.807285141 
-332.75885394 28.308209291 
-333.14072659 28.924391216 
-333.41173296 29.362145924 
-333.78641978 29.968352137 
-334.06563838 30.419405744 
-334.41979439 30.994579182 
-334.59225283 31.271640697 
-335.10141611 32.098383516 
-335.41348381 32.603739765 
-335.56746457 32.853093189 
-336.12076869 33.749656784 
-336.45234044 34.286044338 
-336.70486976 34.721555223 
-337.12369764 35.41308231 
-337.4829856 35.990478635 
-337.80942431 36.51467958 
-337.96135178 36.75960127 
-338.4848854 37.599653421 
-338.7928463 38.093932036 
-339.1582932 38.681302689 
-339.41800681 39.098004138 
-339.84196611 39.778468541 
-340.18380244 40.325944388 
-340.54514288 40.904451502 
-340.87363408 41.428656072 
-341.21239062 41.970591387 
-341.49776726 42.426084119 
-341.56038992 42.634326261 
-342.16091484 43.653858927 
-342.59719198 44.353164857 
-342.93697489 44.899530542 
-343.28804956 45.462521508 
-343.66068142 46.060975612 
-344.00559672 46.612885371 
-344.30637107 47.09497443 
-344.70671902 47.73443738 
-345.0557403 48.292996688 
-345.48072496 48.973463489 
-345.796897 49.477720244 
-346.12436088 50.000816552 
-346.37688785 50.404221339 
-346.9024724 51.245385302 
-347.07390956 51.689622838 
-347.50916107 52.43874873 
-347.90334948 53.07488071 
-348.14355801 53.462765844 
-348.6445056 54.270676239 
-348.78411391 54.495650112 
-349.39592682 55.484202674 
-349.73673528 56.034999262 
-350.1340029 56.67667216 
-350.43375008 57.163188654 
-350.8145931 57.779370994 
-351.23341768 58.456507174 
-351.51571363 58.91310293 
-352.00536878 59.707709964 
-352.37184023 60.303940826 
-352.59768495 60.889979722 
-353.0904199 61.702306026 
-353.40248514 62.21209253 
-353.75971776 62.798344386 
-354.08718095 63.335834214 
-354.48958078 63.996337213 
-354.90635198 64.681220463 
-355.2943803 65.31955762 
-355.611578 65.84153111 
-355.90721858 66.329148583 
-356.41432412 67.163641334 
-356.74999925 67.717751728 
-357.20475168 68.468017662 
-357.53734708 69.016587484 
-357.96951574 69.730281536 
-358.16353345 70.154627866 
-358.65524373 71.052202537 
-358.88621273 71.43675208 
-359.40974224 72.304485904 
-359.5965704 72.614786028 
-360.23096467 73.664269534 
-360.59538201 74.267140779 
-360.99675423 74.929857175 
-361.40839162 75.609197263 
-361.76767603 76.200988987 
-362.1577561 76.841544553 
-362.34458395 77.14963057 
-362.92149159 78.094950857 
-363.26845736 78.664580103 
-363.75913664 79.469154755 
-364.05580413 80.001059921 
-364.46744198 80.709185833 
-364.7928503 81.238923474 
-365.27736984 82.026881367 
-365.71569568 82.739479311 
-366.07805864 83.327955112 
-366.45273977 83.935272212 
-366.86232268 84.600216933 
-367.27293193 85.264056238 
-367.79953821 86.116296556 
-368.00484273 86.447662695 
-368.37952342 87.051658619 
-368.79423843 87.721040452 
-369.24590816 88.450267541 
-369.60211119 89.02323387 
-369.88748453 89.492014673 
-370.35455176 90.243409588 
-370.82367185 90.995915041 
-371.17884812 91.567772743 
-371.56789951 92.193935044 
-371.95387124 92.814556721 
-372.36961207 93.48504781 
-372.77303461 94.136697667 
-373.2134118 94.848192822 
-373.46798882 95.260460104 
-373.80982 95.813475135 
-374.24506448 96.519426418 
-374.68030883 97.224270629 
-375.11555318 97.931329161 
-375.54053232 98.623978327 
-375.87415097 99.162587493 
-376.34737622 99.929493139 
-376.75079816 100.58557201 
-377.1028942 101.16074674 
-377.51760776 101.83677247 
-377.92308265 102.49949763 
-378.18997752 102.93724937 
-378.70836942 103.78837094 
-379.03890843 104.3336182 
-379.51418647 105.11713463 
-379.84164587 105.65905556 
-380.29639348 106.41153897 
-380.54891701 106.83155338 
-380.87842932 107.37790629 
-380.50990926 106.76506191 
-381.71093548 108.76428486 
-382.28167963 109.72288411 
-382.5116195 110.10411225 
-383.01461291 110.93860242 
-383.48681062 111.71990014 
-383.85327702 112.32609871 
-384.21153132 112.92121262 
-384.63753558 113.62715022 
-385.01016087 114.24332315 
-385.39818384 114.88498526 
-385.82726739 115.59535657 
-386.23068786 116.26029367 
-386.65155909 116.95625897 
-386.87225981 117.32086536 
-387.32803226 118.07003002 
-387.49843411 118.36369796 
-388.25702932 119.64699435 
-388.38123753 119.85201641 
-388.68508568 120.35293582 
-389.28251657 121.33372247 
-389.83375421 122.23914886 
-390.21048454 122.85865048 
-390.607745 123.51029247 
-391.03066824 124.20515456 
-391.40329231 124.81800682 
-391.82005632 125.50289476 
-392.2152635 126.15231933 
-392.55401248 126.70975981 
-393.04057916 127.51211787 
-393.15452188 127.69719498 
-393.63801004 128.52833353 
-394.22825549 129.54232329 
-394.53518236 130.04878393 
-394.67170833 130.27375472 
-395.40566366 131.48504894 
-395.84398373 132.20872223 
-396.25561446 132.88917382 
-396.57999171 133.42444859 
-396.96185345 134.05392355 
-397.4566312 134.86958127 
-397.74610697 135.34833539 
-398.31376669 136.2836826 
-398.84549849 137.16140032 
-399.16371622 137.68448683 
-399.28484427 137.88396861 
-399.70468859 138.64304041 
-400.23334203 139.56061006 
-400.59980545 140.16348909 
-401.01246168 140.84283582 
-401.38303104 141.45347159 
-401.75462685 142.06632333 
-402.22374078 142.83876164 
-402.58301826 143.42834356 
-402.88378482 143.92261645 
-403.35392483 144.69173521 
-403.75118279 145.34116452 
-403.84048884 145.48745207 
-404.48000209 146.53252399 
-404.93885011 147.28058898 
-405.2621993 147.80700588 
-405.56810038 148.38100089 
-406.02387058 149.18220331 
-406.44576406 149.86931576 
-406.80298762 150.4489306 
-407.26080854 151.19256571 
-407.54412368 151.65248936 
-407.99783836 152.38726079 
-408.31194843 152.89484161 
-408.80159051 153.68613573 
-409.16189309 154.26797012 
-409.59713031 154.97060469 
-410.00465181 155.62669437 
-410.30233747 156.10546304 
-410.65442771 156.6717843 
-411.14098952 157.45089527 
-411.4263614 158.0436784 
-411.86365127 158.75295942 
-412.28862278 159.43454201 
-412.6489246 160.01084113 
-413.05644534 160.66139553 
-413.45370096 161.29421904 
-413.82016138 161.87384978 
-414.22152275 162.51000151 
-414.61672491 163.13175048 
-415.35991007 164.30099329 
-415.40097001 164.36527428 
-415.81772843 165.02137983 
-416.17597642 165.58660465 
-416.54962182 166.17621167 
-416.83088234 166.62063291 
-417.21787516 167.32540357 
-417.6336083 168.02800719 
-417.99390898 168.59655697 
-418.4404355 169.3047469 
-418.83974306 169.93868156 
-419.23905059 170.5737234 
-419.61577509 171.17219287 
-420.05203644 171.86818771 
-420.41131039 172.44005747 
-420.79522029 173.05403872 
-421.19042158 173.68575266 
-421.26946183 173.81209545 
-421.93052582 174.87492025 
-422.30314407 175.47338329 
-422.61622567 175.98207092 
-422.99808361 176.63701291 
-423.41279068 177.38611508 
-423.7566671 177.94799572 
-424.15392123 178.59521322 
-424.51319499 179.18258326 
-424.86630983 179.76330043 
-425.26151091 180.41162183 
-425.57459225 180.92584539 
-425.87227624 181.41900817 
-426.25413278 182.04848652 
-426.66575777 182.73115615 
-427.2056946 183.62439177 
-427.17900584 183.58449116 
-427.78053252 184.58743414 
-428.10079935 185.12602664 
-428.40053763 185.67454959 
-428.78547455 186.35163994 
-429.07084024 186.82706865 
-429.57484931 187.66599612 
-429.94644034 188.28106529 
-430.29647485 188.85845658 
-430.63111186 189.40925141 
-430.99859666 190.0154569 
-431.33939249 190.57511899 
-431.70482404 191.17357126 
-432.00250697 191.66009181 
-432.39873314 192.30730861 
-432.76519086 192.90244129 
-433.1357544 193.50200929 
-433.50323843 194.09714374 
-433.43959713 194.03171822 
-434.13658527 195.17431805 
-434.5451286 195.83041244 
-434.89721494 196.39784341 
-435.25956623 196.98521969 
-435.54595718 197.45068646 
-435.99966611 198.18878313 
-436.34354053 198.75066507 
-436.76337519 199.43667088 
-437.11546148 200.01406626 
-437.45522983 200.57151303 
-437.86890552 201.2530803 
-438.02698508 201.51462373 
-438.60387283 202.47324283 
-438.8974492 202.96418575 
-439.25774812 203.58920153 
-439.72172252 204.38820784 
-440.01119288 204.87582269 
-440.43513357 205.59394253 
-440.74513384 206.12255515 
-441.15162432 206.81961081 
-441.49755185 207.41581773 
-441.75725408 207.86352694 
-441.86092966 208.04194601 
-442.55689109 209.26425934 
-442.92129584 209.91253204 
-443.24053507 210.4865525 
-443.60801951 211.15143732 
-443.83795403 211.57252643 
-444.24239246 212.31607858 
-444.5934541 212.99200772 
-444.98146914 213.72667581 
-445.38488138 214.48572624 
-445.69488278 215.07523152 
-446.09316274 215.83538069 
-446.36107791 216.34953166 
-446.70905974 217.0210274 
-447.09502191 217.76897792 
-447.41734144 218.39725327 
-447.60724301 218.76624139 
-448.0393973 219.60505301 
-448.39969689 220.30424754 
-448.73022798 220.94250075 
-449.04022909 221.53975624 
-449.32046181 222.07828466 
-449.6848676 222.80073586 
-450.06364373 223.53428214 
-450.45986969 224.28557138 
-450.76884363 224.8673255 
-451.14351295 225.57207971 
-451.24821506 225.76932199 
-451.66394378 226.5461076 
-452.13510287 227.42594803 
-452.65758617 228.39555094 
-452.69967223 228.47311965 
-453.22112879 229.4371853 
-453.57732045 230.09430261 
-453.91914111 230.72150368 
-454.10904147 231.0705638 
-454.64589468 232.05236921 
-454.95076243 232.63965258 
-455.24228484 233.17045024 
