2 {
  1: 549
  2 {
    2: "LINESTRING (819.2322389698453 671, 803.9904097627133 681, 788.6865213682464 691, 773.3205737864446 701, 757.8925670173078 711, 742.4025010608362 721, 726.8503759170296 731, 711.2361915858882 741, 695.5599480674118 751, 679.8216453616005 761, 664.0212834684544 771, 648.1588623879732 781, 632.2343821201571 791, 616.2478426650064 801, 600.1992440225206 811, 584.0885861926997 821, 567.9158691755442 831, 551.6810929710537 841, 535.3842575792282 851, 519.025363000068 861, 502.6044092335728 871, 486.1213962797426 881, 469.5763241385775 891, 452.9691928100776 901, 436.3000022942426 911, 419.5687525910728 921, 402.7754437005681 931, 385.9200756227285 941, 369.0026483575541 951, 352.0231619050446 961, 334.9816162652003 971, 317.8780114380211 981, 300.712347423507 991, 283.4846242216579 1001, 266.1948418324741 1011, 248.8430002559553 1021, 231.4290994921016 1031, 213.9531395409128 1041, 196.4151204023892 1051, 178.815042076531 1061)"
    3: 1
    4: 1
    5: 1
  }
  2 {
    2: "LINESTRING (923.381959126145 696, 938.8652753939197 706, 954.4387076338294 716, 970.1022558458747 726, 985.855920030055 736, 1001.699700186371 746, 1017.633596314821 756, 1033.657608415408 766, 1049.771736488129 776, 1065.975980532986 786, 1082.270340549977 796, 1098.654816539105 806, 1115.129408500367 816, 1131.694116433765 826, 1148.348940339298 836, 1165.093880216966 846, 1181.928936066769 856, 1198.854107888708 866, 1215.869395682782 876, 1232.974799448991 886, 1250.170319187336 896)"
    3: 1
    4: 2
    5: 1
  }
  2 {
    2: "LINESTRING (1080.772271588061 721, 1123.68017771702 731, 1162.971770334929 741, 1198.647049441786 751, 1230.706015037595 761, 1259.14866712235 771, 1283.975005696057 781, 1305.185030758714 791, 1322.778742310318 801)"
    3: 1
    4: 1
    5: 1
  }
}
2 {
  1: 550
  2 {
    2: "LINESTRING (819.1831935223609 664, 803.9524528846317 674, 788.6980055417957 684, 773.419851493853 694, 758.1179907408036 704, 742.7924232826472 714, 727.4431491193843 724, 712.0701682510144 734, 696.6734806775378 744, 681.2530863989546 754, 665.8089854152643 764, 650.3411777264675 774, 634.8496633325638 784, 619.3344422335535 794, 603.7955144294363 804, 588.2328799202123 814, 572.6465387058815 824, 557.0364907864439 834, 541.4027361618998 844, 525.7452748322487 854, 510.0641067974909 864, 494.3592320576265 874, 478.630650612655 884, 462.8783624625769 894, 447.1023676073919 904, 431.3026660471003 914, 415.479257781702 924, 399.6321428111967 934, 383.7613211355849 944, 367.8667927548661 954, 351.9485576690406 964, 336.0066158781083 974, 320.0409673820693 984, 304.0516121809235 994, 288.0385502746708 1004, 272.0017816633115 1014, 255.9413063468453 1024, 239.8571243252725 1034, 223.749235598593 1044, 207.6176401668065 1054, 191.4623380299133 1064, 175.2833291879135 1074)"
    3: 1
    4: 1
    5: 1
  }
  2 {
    2: "LINESTRING (921.421019820423 690, 937.1395926473207 700, 952.9047666033788 710, 968.7165416885973 720, 984.5749179029765 730, 1000.479895246516 740, 1016.431473719216 750, 1032.429653321077 760, 1048.474434052098 770, 1064.56581591228 780, 1080.703798901623 790, 1096.888383020125 800, 1113.119568267789 810, 1129.397354644613 820, 1145.721742150597 830, 1162.092730785742 840, 1178.510320550047 850, 1194.974511443513 860, 1211.48530346614 870, 1228.042696617927 880, 1244.646690898874 890, 1261.297286308982 900, 1277.994482848251 910, 1294.73828051668 920, 1311.52867931427 930, 1328.36567924102 940, 1345.24928029693 950, 1362.179482482002 960)"
    3: 1
    4: 2
    5: 1
  }
  2 {
    2: "LINESTRING (1110.393188854489 728, 1143.443756449949 738, 1175.815273477812 748, 1207.50773993808 758, 1238.521155830754 768, 1268.855521155831 778, 1298.510835913312 788)"
    3: 1
    4: 1
    5: 1
  }
}
2 {
  1: 551
  2 {
    2: "LINESTRING (819.4067402094287 659, 803.9524746310565 669, 788.4868387127356 679, 773.0098324544663 689, 757.5214558562486 699, 742.0217089180826 709, 726.5105916399677 719, 710.9881040219045 729, 695.4542460638929 739, 679.9090177659327 749, 664.3524191280242 759, 648.784450150167 769, 633.2051108323612 779, 617.6144011746071 789, 602.0123211769046 799, 586.3988708392537 809, 570.774050161654 819, 555.137859144106 829, 539.4902977866095 839, 523.8313660891645 849, 508.1610640517711 859, 492.4793916744291 869, 476.7863489571384 879, 461.0819358998995 889, 445.3661525027121 899, 429.6389987655762 909, 413.9004746884918 919, 398.1505802714589 929, 382.3893155144774 939, 366.6166804175475 949, 350.8326749806693 959, 335.0372992038424 969, 319.2305530870672 979, 303.4124366303431 989, 287.5829498336709 999, 271.7420926970503 1009, 255.8898652204809 1019, 240.0262674039632 1029, 224.1512992474968 1039, 208.2649607510821 1049, 192.3672519147187 1059, 176.4581727384073 1069)"
    3: 1
    4: 1
    5: 1
  }
  2 {
    2: "LINESTRING (891.4211692228073 663, 906.7184303843658 673, 922.0713596629736 683, 937.4799570586306 693, 952.9442225713368 703, 968.4641562010921 713, 984.0397579478968 723, 999.6710278117505 733, 1015.357965792653 743, 1031.100571890605 753, 1046.898846105607 763, 1062.752788437657 773, 1078.662398886757 783, 1094.627677452906 793, 1110.648624136104 803, 1126.725238936351 813, 1142.857521853648 823, 1159.045472887994 833, 1175.289092039388 843, 1191.588379307833 853, 1207.943334693326 863, 1224.353958195868 873, 1240.82024981546 883, 1257.342209552101 893, 1273.919837405791 903, 1290.55313337653 913, 1307.242097464318 923, 1323.986729669156 933, 1340.787029991043 943, 1357.642998429979 953, 1374.554634985964 963, 1391.521939658998 973)"
    3: 1
    4: 2
    5: 1
  }
}
2 {
  1: 552
  2 {
    2: "LINESTRING (822.713500856039 651, 807.4637253454058 661, 792.1690186730633 671, 776.8293808390116 681, 761.4448118432507 691, 746.0153116857805 701, 730.5408803666011 711, 715.0215178857123 721, 699.4572242431146 731, 683.8479994388076 741, 668.1938434727913 751, 652.4947563450655 761, 636.7507380556308 771, 620.9617886044869 781, 605.1279079916335 791, 589.2490962170712 801, 573.3253532807994 811, 557.3566791828184 821, 541.3430739231283 831, 525.2845375017289 841, 509.1810699186201 851, 493.0326711738023 861, 476.8393412672754 871, 460.601080199039 881, 444.3178879690934 891, 427.9897645774386 901, 411.6167100240746 911, 395.1987243090011 921, 378.7358074322187 931, 362.2279593937271 941, 345.6751801935261 951, 329.0774698316159 961, 312.4348283079964 971, 295.7472556226678 981, 279.01475177563 991, 262.2373167668827 1001, 245.4149505964267 1011, 228.547653264261 1021, 211.6354247703862 1031, 194.6782651148021 1041)"
    3: 1
    4: 1
    5: 1
  }
  2 {
    2: "LINESTRING (911.3533844526704 672, 926.3961117768159 682, 941.5647107974929 692, 956.859181514702 702, 972.2795239284424 712, 987.8257380387147 722, 1003.497823845519 732, 1019.295781348854 742, 1035.219610548722 752, 1051.269311445121 762, 1067.444884038051 772, 1083.746328327514 782, 1100.173644313508 792, 1116.726831996034 802, 1133.405891375091 812, 1150.210822450681 822, 1167.141625222801 832, 1184.198299691454 842, 1201.380845856638 852, 1218.689263718355 862, 1236.123553276602 872, 1253.683714531381 882, 1271.369747482693 892, 1289.181652130535 902, 1307.11942847491 912, 1325.183076515816 922, 1343.372596253254 932, 1361.687987687223 942, 1380.129250817724 952, 1398.696385644757 962)"
    3: 1
    4: 2
    5: 1
  }
  2 {
    2: "LINESTRING (1066.769901037177 702, 1098.022907070046 712, 1128.8555737169 722, 1159.267900977739 732, 1189.259888852565 742, 1218.831537341375 752, 1247.982846444172 762, 1276.713816160954 772, 1305.024446491721 782)"
    3: 1
    4: 1
    5: 1
  }
}
2 {
  1: 553
  2 {
    2: "LINESTRING (299.7630040911747 2, 293.9297348426588 12, 288.3179734842658 22, 282.9277200159955 32, 277.7589744378479 42, 272.8117367498231 52, 268.086006951921 62, 263.5817850441416 72, 259.299071026485 82, 255.2378648989511 92, 251.3981666615399 102, 247.7799763142515 112, 244.3832938570858 122, 241.2081192900428 132, 238.2544526131226 142, 235.522293826325 152, 233.0116429296503 162, 230.7224999230983 172, 228.654864806669 182, 226.8087375803624 192, 225.1841182441786 202, 223.7810067981175 212, 222.5994032421791 222, 221.6393075763635 232, 220.9007198006706 242, 220.3836399151004 252, 220.088067919653 262, 220.0140038143283 272, 220.1614475991263 282)"
    3: 2
    4: 1
    5: 1
  }
  2 {
    2: "LINESTRING (827.0525158513809 647, 811.9503836927614 657, 796.789567956425 667, 781.5700686423722 677, 766.2918857506025 687, 750.9550192811164 697, 735.5594692339135 707, 720.1052356089941 717, 704.592318406358 727, 689.0207176260053 737, 673.3904332679358 747, 657.70146533215 757, 641.9538138186474 767, 626.1474787274281 777, 610.282460058492 787, 594.3587578118395 797, 578.3763719874705 807, 562.3353025853846 817, 546.2355496055823 827, 530.077113048063 837, 513.8599929128272 847, 497.5841891998748 857, 481.2497019092059 867, 464.8565310408203 877, 448.404676594718 887, 431.894138570899 897, 415.3249169693636 907, 398.6970117901112 917, 382.0104230331426 927, 365.2651506984573 937, 348.4611947860551 947, 331.5985552959362 957, 314.677232228101 967, 297.697225582549 977, 280.6585353592802 987, 263.561161558295 997, 246.4051041795931 1007, 229.1903632231747 1017, 211.9169386890394 1027, 194.5848305771876 1037)"
    3: 1
    4: 1
    5: 1
  }
  2 {
    2: "LINESTRING (948.6656169585707 694, 964.8321842383447 704, 981.046582624217 714, 997.3088121161881 724, 1013.618872714257 734, 1029.976764418426 744, 1046.382487228692 754, 1062.836041145057 764, 1079.337426167521 774, 1095.886642296083 784, 1112.483689530744 794, 1129.128567871503 804, 1145.82127731836 814, 1162.561817871316 824, 1179.350189530371 834, 1196.186392295524 844, 1213.070426166776 854, 1230.002291144126 864, 1246.981987227575 874, 1264.009514417122 884, 1281.084872712768 894, 1298.208062114512 904, 1315.379082622355 914, 1332.597934236297 924, 1349.864616956337 934, 1367.179130782475 944, 1384.541475714712 954, 1401.951651753047 964, 1419.409658897481 974, 1436.915497148014 984, 1454.469166504645 994, 1472.070666967374 1004, 1489.719998536202 1014, 1507.417161211129 1024)"
    3: 1
    4: 2
    5: 1
  }
  2 {
    2: "LINESTRING (1080.515995872009 705, 1124.566563467471 715, 1163.151702786357 725, 1196.271413828674 735, 1223.92569659441 745, 1246.114551083569 755, 1262.837977296154 765, 1274.095975232167 775)"
    3: 1
    4: 1
    5: 1
  }
}
2 {
  1: 554
  2 {
    2: "LINESTRING (259.1610523532523 1, 254.9957068627085 11, 250.9395160285842 21, 246.9924798508794 31, 243.1545983295941 41, 239.4258714647284 51, 235.8062992562821 61, 232.2958817042554 71, 228.8946188086482 81, 225.6025105694605 91, 222.4195569866924 101, 219.3457580603437 111, 216.3811137904146 121, 213.5256241769049 131, 210.7792892198148 141, 208.1421089191442 151, 205.6140832748931 161, 203.1952122870616 171, 200.8854959556495 181, 198.684934280657 191, 196.593527262084 201, 194.6112748999305 211, 192.7381771941965 221, 190.974234144882 231, 189.3194457519871 241, 187.7738120155117 251, 186.3373329354557 261, 185.0100085118193 271, 183.7918387446024 281, 182.6828236338051 291)"
    3: 2
    4: 1
    5: 1
  }
  2 {
    2: "LINESTRING (1628.080330712304 188, 1641.523500774038 198, 1654.985887736224 208, 1668.46749159886 218, 1681.968312361948 228, 1695.488350025487 238, 1709.027604589478 248, 1722.586076053919 258, 1736.163764418812 268, 1749.760669684156 278, 1763.376791849951 288, 1777.012130916197 298, 1790.666686882895 308, 1804.340459750043 318, 1818.033449517643 328, 1831.745656185694 338, 1845.477079754196 348, 1859.22772022315 358, 1872.997577592555 368, 1886.786651862411 378, 1900.594943032718 388, 1914.422451103476 398)"
    3: 1
    4: 2
    5: 1
  }
  2 {
    2: "LINESTRING (825.7517872725217 647, 811.145368794986 657, 796.4451973364526 667, 781.6512728969213 677, 766.7635954763922 687, 751.7821650748654 697, 736.7069816923407 707, 721.5380453288183 717, 706.275355984298 727, 690.91891365878 737, 675.4687183522641 747, 659.9247700647504 757, 644.2870687962389 767, 628.5556145467297 777, 612.7304073162227 787, 596.8114471047177 797, 580.798733912215 807, 564.6922677387145 817, 548.4920485842163 827, 532.1980764487203 837, 515.8103513322264 847, 499.3288732347346 857, 482.7536421562452 867, 466.0846580967579 877, 449.3219210562729 887, 432.4654310347901 897, 415.5151880323094 907, 398.471192048831 917, 381.3334430843547 927, 364.1019411388809 937, 346.776686212409 947, 329.3576783049393 957, 311.8449174164718 967, 294.2384035470066 977, 276.5381366965437 987, 258.7441168650828 997, 240.8563440526241 1007, 222.8748182591678 1017, 204.7995394847135 1027, 186.6305077292614 1037)"
    3: 1
    4: 1
    5: 1
  }
  2 {
    2: "LINESTRING (923.3160067650122 681, 939.5350878565224 691, 955.8048182467621 701, 972.1251979357314 711, 988.4962269234304 721, 1004.917905209859 731, 1021.390232795017 741, 1037.913209678904 751, 1054.486835861522 761, 1071.111111342868 771, 1087.786036122944 781, 1104.51161020175 791, 1121.287833579285 801, 1138.11470625555 811, 1154.992228230545 821, 1171.920399504269 831, 1188.899220076723 841, 1205.928689947906 851, 1223.008809117819 861, 1240.139577586461 871, 1257.320995353833 881, 1274.553062419934 891, 1291.835778784765 901, 1309.169144448326 911, 1326.553159410616 921, 1343.987823671635 931, 1361.473137231384 941, 1379.009100089863 951, 1396.595712247072 961, 1414.23297370301 971, 1431.920884457677 981, 1449.659444511074 991, 1467.4486538632 1001, 1485.288512514056 1011, 1503.179020463642 1021)"
    3: 1
    4: 2
    5: 1
  }
}
2 {
  1: 555
  2 {
    2: "LINESTRING (813.1753658070144 655, 798.5723894416225 665, 783.8740816926241 675, 769.0804425600195 685, 754.1914720438083 695, 739.2071701439907 705, 724.1275368605666 715, 708.9525721935361 725, 693.6822761428991 735, 678.3166487086559 745, 662.8556898908059 755, 647.2993996893498 765, 631.647778104287 775, 615.900825135618 785, 600.0585407833424 795, 584.1209250474604 805, 568.087977927972 815, 551.9596994248773 825, 535.736089538176 835, 519.4171482678682 845, 503.0028756139543 855, 486.4932715764335 865, 469.8883361553064 875, 453.1880693505732 885, 436.3924711622333 895, 419.5015415902869 905, 402.5152806347342 915, 385.4336882955749 925, 368.2567645728095 935, 350.9845094664374 945, 333.6169229764587 955, 316.154005102874 965, 298.5957558456828 975, 280.9421752048847 985, 263.1932631804807 995, 245.34901977247 1005, 227.4094449808529 1015, 209.3745388056293 1025, 191.2443012467995 1035)"
    3: 1
    4: 1
    5: 1
  }
  2 {
    2: "LINESTRING (1023.435893476852 740, 1040.182263213425 750, 1056.936177713825 760, 1073.697636978053 770, 1090.466641006108 780, 1107.243189797991 790, 1124.027283353702 800, 1140.81892167324 810, 1157.618104756606 820, 1174.4248326038 830, 1191.239105214821 840, 1208.06092258967 850, 1224.890284728346 860, 1241.727191630851 870, 1258.571643297182 880, 1275.423639727342 890, 1292.283180921329 900, 1309.150266879144 910, 1326.024897600786 920, 1342.907073086256 930, 1359.796793335554 940, 1376.694058348679 950, 1393.598868125632 960, 1410.511222666412 970, 1427.43112197102 980, 1444.358566039456 990, 1461.29355487172 1000)"
    3: 1
    4: 1
    5: 1
  }
}
2 {
  1: 556
  2 {
    2: "LINESTRING (834.0980841571163 638, 820.7150167024975 648, 807.1851009096911 658, 793.5083367786976 668, 779.6847243095167 678, 765.7142635021485 688, 751.596954356593 698, 737.3327968728502 708, 722.9217910509201 718, 708.3639368908026 728, 693.6592343924979 738, 678.8076835560058 748, 663.8092843813265 758, 648.6640368684598 768, 633.3719410174058 778, 617.9329968281645 788, 602.3472043007359 798, 586.61456343512 808, 570.7350742313167 818, 554.7087366893262 828, 538.5355508091484 838, 522.2155165907833 848, 505.7486340342307 858, 489.1349031394908 868, 472.3743239065639 878, 455.4668963354495 888, 438.4126204261477 898, 421.2114961786588 908, 403.8635235929825 918, 386.3687026691188 928, 368.7270334070677 938, 350.9385158068296 948, 333.0031498684041 958, 314.920935591791 968)"
    3: 1
    4: 1
    5: 1
  }
  2 {
    2: "LINESTRING (1111.641225478999 798, 1130.035513550542 808, 1148.294210232948 818, 1166.417315526218 828, 1184.404829430352 838, 1202.256751945349 848, 1219.973083071209 858, 1237.553822807934 868, 1254.998971155521 878, 1272.308528113972 888, 1289.482493683287 898, 1306.520867863465 908, 1323.423650654507 918, 1340.190842056412 928, 1356.822442069181 938, 1373.318450692813 948, 1389.678867927309 958, 1405.903693772668 968, 1421.992928228891 978, 1437.946571295977 988)"
    3: 1
    4: 2
    5: 1
  }
}
2 {
  1: 557
  2 {
    2: "LINESTRING (814.6065415927359 653, 801.1827001356854 663, 787.6080915353306 673, 773.8827157916712 683, 760.0065729047074 693, 745.9796628744392 703, 731.8019857008666 713, 717.4735413839893 723, 702.9943299238078 733, 688.3643513203217 743, 673.5836055735311 753, 658.6520926834362 763, 643.5698126500367 773, 628.3367654733329 783, 612.9529511533245 793, 597.4183696900118 803, 581.7330210833945 813, 565.8969053334728 823, 549.9100224402466 833, 533.7723724037161 843, 517.4839552238809 853, 501.0447709007414 863, 484.4548194342974 873, 467.714100824549 883, 450.8226150714959 893, 433.7803621751387 903, 416.5873421354768 913, 399.2435549525105 923, 381.7490006262399 933, 364.1036791566645 943, 346.3075905437851 953)"
    3: 1
    4: 1
    5: 1
  }
  2 {
    2: "LINESTRING (1045.164449282373 756, 1061.882414126753 766, 1078.646735820598 776, 1095.457414363907 786, 1112.31444975668 796, 1129.217841998918 806, 1146.167591090621 816, 1163.163697031788 826, 1180.206159822419 836, 1197.294979462515 846, 1214.430155952075 856, 1231.6116892911 866, 1248.83957947959 876, 1266.113826517544 886, 1283.434430404963 896, 1300.801391141846 906, 1318.214708728193 916, 1335.674383164005 926, 1353.180414449282 936, 1370.732802584023 946, 1388.331547568228 956, 1405.976649401899 966, 1423.668108085033 976, 1441.405923617632 986, 1459.190095999696 996, 1477.020625231224 1006)"
    3: 1
    4: 1
    5: 1
  }
}
2 {
  1: 558
  2 {
    2: "LINESTRING (849.4652878567972 635, 833.9158840604456 645, 818.3388756082985 655, 802.7342625003557 665, 787.1020447366174 675, 771.4422223170835 685, 755.754795241754 695, 740.0397635106292 705, 724.2971271237086 715, 708.5268860809927 725, 692.7290403824809 735, 676.9035900281738 745, 661.0505350180711 755, 645.1698753521728 765, 629.2616110304789 775, 613.3257420529894 785, 597.3622684197044 795, 581.371190130624 805, 565.352507185748 815, 549.3062195850762 825, 533.232327328609 835, 517.1308304163463 845, 501.0017288482882 855, 484.8450226244343 865, 468.6607117447847 875, 452.4487962093397 885)"
    3: 1
    4: 1
    5: 1
  }
}
2 {
  1: 559
  2 {
    2: "LINESTRING (818.3043569333896 653, 803.9330934719934 663, 789.4622218388827 673, 774.8917420340575 683, 760.2216540575181 693, 745.451957909264 703, 730.5826535892955 713, 715.6137410976128 723, 700.5452204342154 733, 685.3770915991036 743, 670.1093545922772 753, 654.7420094137365 763, 639.2750560634814 773, 623.7084945415118 783, 608.0423248478277 793)"
    3: 1
    4: 1
    5: 1
  }
  2 {
    2: "LINESTRING (1137.720202093154 805, 1153.446118340708 815, 1169.277287609592 825, 1185.213709899806 835, 1201.25538521135 845, 1217.402313544224 855, 1233.654494898427 865, 1250.011929273961 875, 1266.474616670824 885, 1283.042557089017 895, 1299.715750528541 905, 1316.494196989394 915, 1333.377896471577 925, 1350.366848975089 935, 1367.461054499932 945, 1384.660513046104 955, 1401.965224613607 965, 1419.375189202439 975, 1436.890406812601 985, 1454.510877444093 995, 1472.236601096915 1005)"
    3: 1
    4: 1
    5: 1
  }
}
2 {
  1: 560
  2 {
    2: "LINESTRING (813.6364640314899 657, 799.6438395529415 667, 785.4975505544871 677, 771.197597036127 687, 756.7439789978608 697, 742.1366964396886 707, 727.3757493616106 717, 712.4611377636265 727, 697.3928616457365 737, 682.1709210079406 747, 666.7953158502389 757, 651.2660461726311 767, 635.5831119751174 777, 619.7465132576976 787, 603.756250020372 797, 587.6123222631405 807, 571.3147299860032 817, 554.8634731889597 827, 538.2585518720103 837, 521.499966035155 847, 504.5877156783937 857)"
    3: 1
    4: 1
    5: 1
  }
}
2 {
  1: 561
  2 {
    2: "LINESTRING (816.5593291845372 653, 803.2537780674459 663, 789.7534437810108 673, 776.0583263252319 683, 762.1684257001093 693, 748.0837419056429 703, 733.8042749418328 713, 719.3300248086789 723, 704.6609915061812 733, 689.7971750343397 743, 674.7385753931546 753, 659.4851925826256 763, 644.0370266027529 773, 628.3940774535365 783, 612.5563451349761 793, 596.5238296470723 803, 580.2965309898245 813, 563.874449163233 823, 547.2575841672978 833, 530.4459360020187 843, 513.4395046673959 853, 496.2382901634294 863)"
    3: 1
    4: 1
    5: 1
  }
}
2 {
  1: 562
  2 {
    2: "LINESTRING (815.9951551389785 655, 802.1952858066301 665, 788.2889892880227 675, 774.2762655831561 685, 760.1571146920304 695, 745.9315366146457 705, 731.5995313510017 715, 717.1610989010986 725, 702.6162392649366 735, 687.9649524425151 745, 673.2072384338348 755, 658.3430972388951 765, 643.3725288576966 775, 628.2955332902388 785, 613.112110536522 795, 597.8222605965458 805, 582.4259834703107 815, 566.9232791578163 825, 551.3141476590629 835, 535.5985889740505 845, 519.7766031027786 855, 503.8481900452479 865, 487.8133498014579 875, 471.6720823714089 885)"
    3: 1
    4: 1
    5: 1
  }
}
2 {
  1: 563
  2 {
    2: "LINESTRING (826.0386724386728 647, 812.0489439281896 657, 798.0231089665056 667, 783.9611675536207 677, 769.8631196895351 687, 755.7289653742487 697, 741.5587046077615 707, 727.3523373900734 717, 713.1098637211846 727, 698.8312836010952 737, 684.5165970298048 747, 670.1658040073136 757, 655.7789045336217 767, 641.3558986087289 777, 626.8967862326353 787, 612.401567405341 797, 597.8702421268461 807, 583.3028103971501 817, 568.6992722162536 827, 554.0596275841558 837, 539.3838765008579 847, 524.6720189663586 857, 509.9240549806591 867, 495.1399845437581 877, 480.3198076556571 887, 465.4635243163548 897, 450.5711345258519 907)"
    3: 1
    4: 1
    5: 1
  }
}
2 {
  1: 564
  2 {
    2: "LINESTRING (1188.629587803501 60, 1231.048277809148 70, 1272.277809147375 80, 1312.318181818182 90, 1351.16939582157 100, 1388.831451157539 110, 1425.304347826087 120, 1460.588085827216 130, 1494.682665160926 140, 1527.588085827216 150)"
    3: 1
    4: 1
    5: 1
  }
  2 {
    2: "LINESTRING (822.8271420952874 652, 807.6060867550725 662, 792.4150422829523 672, 777.2540086789272 682, 762.1229859429973 692, 747.021974075162 702, 731.9509730754216 712, 716.9099829437762 722, 701.8990036802259 732, 686.9180352847702 742, 671.9670777574095 752, 657.0461310981436 762, 642.1551953069729 772, 627.2942703838969 782, 612.4633563289158 792, 597.6624531420296 802, 582.8915608232385 812, 568.1506793725421 822, 553.4398087899408 832, 538.7589490754342 842, 524.1081002290227 852, 509.487262250706 862, 494.8964351404843 872, 480.3356188983576 882, 465.8048135243255 892, 451.3040190183885 902, 436.8332353805463 912, 422.3924626107992 922, 407.9817007091469 932, 393.6009496755894 942, 379.250209510127 952, 364.9294802127595 962, 350.6387617834869 972, 336.3780542223092 982, 322.1473575292262 992, 307.9466717042385 1002, 293.7759967473453 1012, 279.6353326585472 1022, 265.524679437844 1032)"
    3: 1
    4: 1
    5: 1
  }
}
2 {
  1: 565
  2 {
    2: "LINESTRING (830.039415707512 647, 815.1254972750199 657, 800.2304022402386 667, 785.3541306031675 677, 770.4966823638072 687, 755.6580575221574 697, 740.8382560782179 707, 726.0372780319892 717, 711.2551233834711 727, 696.4917921326635 737, 681.7472842795662 747, 667.0215998241797 757, 652.3147387665035 767, 637.6267011065379 777, 622.957486844283 787, 608.3070959797385 797, 593.6755285129047 807, 579.0627844437813 817, 564.4688637723684 827, 549.8937664986661 837, 535.3374926226743 847, 520.800042144393 857, 506.2814150638226 867, 491.7816113809622 877, 477.3006310958128 887, 462.8384742083736 897, 448.3951407186451 907, 433.9706306266273 917, 419.5649439323197 927, 405.1780806357228 937, 390.8100407368363 947, 376.4608242356605 957, 362.1304311321953 967, 347.8188614264407 977, 333.5261151183963 987, 319.2521922080628 997, 304.9970926954395 1007, 290.760816580527 1017, 276.5433638633247 1027)"
    3: 1
    4: 1
    5: 1
  }
  2 {
    2: "LINESTRING (730.3094297007342 655, 690.3764822134392 665, 649.5598531902885 675, 607.8595426312826 685, 565.2755505364211 695, 521.8078769057038 705, 477.4565217391313 715, 432.2214850367033 725, 386.1027667984195 735, 339.1003670242803 745)"
    3: 2
    4: 2
    5: 1
  }
}
2 {
  1: 566
  2 {
    2: "LINESTRING (821.6255472907853 653, 806.6661168321725 663, 791.7317082719369 673, 776.8223216100782 683, 761.9379568465968 693, 747.0786139814927 703, 732.2442930147656 713, 717.4349939464157 723, 702.650716776443 733, 687.8914615048475 743, 673.1572281316292 753, 658.448016656788 763, 643.7638270803241 773, 629.1046594022373 783, 614.4705136225273 793, 599.8613897411949 803, 585.2772877582397 813, 570.7182076736615 823, 556.1841494874607 833, 541.6751131996366 843, 527.1910988101899 853, 512.7321063191207 863, 498.2981357264284 873, 483.8891870321133 883, 469.5052602361752 893, 455.1463553386145 903, 440.812472339431 913, 426.5036112386244 923, 412.2197720361953 933, 397.9609547321431 943, 383.7271593264682 953, 369.5183858191706 963, 355.33463421025 973, 341.1759044997066 983, 327.0421966875404 993, 312.9335107737513 1003, 298.8498467583395 1013, 284.7912046413048 1023, 270.7575844226474 1033, 256.7489861023669 1043, 242.7654096804636 1053)"
    3: 1
    4: 1
    5: 1
  }
  2 {
    2: "LINESTRING (1100.857773109245 685, 1134.498109243697 695, 1166.065616246497 705, 1195.560294117646 715, 1222.982142857141 725, 1248.331162464985 735, 1271.607352941176 745)"
    3: 1
    4: 1
    5: 1
  }
}
2 {
  1: 567
  2 {
    2: "LINESTRING (854.6510272336351 634, 839.5392116269978 644, 824.4427693459439 654, 809.3617003904735 664, 794.2960047605864 674, 779.2456824562826 684, 764.2107334775624 694, 749.1911578244253 704, 734.1869554968719 714, 719.1981264949015 724, 704.2246708185148 734, 689.2665884677115 744, 674.3238794424915 754, 659.3965437428549 764, 644.4845813688016 774, 629.5879923203318 784, 614.7067765974455 794, 599.8409342001423 804, 584.9904651284228 814, 570.1553693822864 824, 555.3356469617336 834, 540.5312978667641 844, 525.7423220973778 854, 510.9687196535751 864, 496.2104905353558 874, 481.4676347427198 884, 466.7401522756675 894, 452.0280431341982 904, 437.3313073183124 914, 422.6499448280101 924, 407.9839556632912 934, 393.3333398241555 944, 378.6980973106033 954, 364.0782281226345 964, 349.4737322602491 974, 334.8846097234471 984, 320.3108605122284 994, 305.7524846265931 1004, 291.2094820665411 1014, 276.6818528320728 1024, 262.1695969231878 1034, 247.6727143398859 1044, 233.1912050821677 1054)"
    3: 1
    4: 1
    5: 1
  }
  2 {
    1: 1
    2: "LINESTRING (886.8179903707094 645, 901.2268204110599 655, 915.799198335269 665, 930.5351241433368 675, 945.4345978352635 685, 960.4976194110486 695, 975.7241888706924 705, 991.1143062141948 715, 1006.667971441556 725, 1022.385184552776 735, 1038.265945547854 745, 1054.310254426791 755, 1070.518111189587 765, 1086.889515836241 775, 1103.424468366754 785, 1120.122968781126 795, 1136.985017079356 805, 1154.010613261445 815, 1171.199757327393 825, 1188.552449277199 835, 1206.068689110864 845, 1223.748476828388 855, 1241.59181242977 865, 1259.598695915011 875, 1277.76912728411 885)"
    3: 1
    4: 1
    5: 1
  }
  2 {
    2: "LINESTRING (1132.477472527474 696, 1164.557692307695 706, 1195.890659340663 716, 1226.476373626377 726, 1256.314835164838 736, 1285.406043956046 746)"
    3: 1
    4: 1
    5: 1
  }
}
2 {
  1: 568
  2 {
    2: "LINESTRING (886.8198136304245 649, 902.6009352265121 659, 918.4551180530585 669, 934.3823621100637 679, 950.3826673975276 689, 966.45603391545 699, 982.6024616638315 709, 998.8219506426716 719, 1015.114500851971 729, 1031.480112291728 739, 1047.918784961945 749, 1064.43051886262 759, 1081.015313993754 769, 1097.673170355346 779, 1114.404087947398 789, 1131.208066769908 799, 1148.085106822877 809, 1165.035208106304 819, 1182.058370620191 829, 1199.154594364536 839, 1216.32387933934 849, 1233.566225544603 859, 1250.881632980324 869, 1268.270101646504 879, 1285.731631543143 889, 1303.266222670241 899, 1320.873875027798 909, 1338.554588615813 919)"
    3: 1
    4: 1
    5: 1
  }
  2 {
    2: "LINESTRING (821.8711513591368 657, 806.9316592365604 667, 791.9703258484994 677, 776.9871511949535 687, 761.9821352759228 697, 746.9552780914072 707, 731.9065796414068 717, 716.8360399259216 727, 701.7436589449514 737, 686.6294366984966 747, 671.4933731865569 757, 656.3354684091323 767, 641.1557223662228 777, 625.9541350578288 787, 610.7307064839497 797, 595.4854366445859 807, 580.2183255397372 817, 564.9293731694036 827, 549.618579533585 837, 534.2859446322818 847, 518.9314684654937 857, 503.5551510332209 867, 488.1569923354632 877, 472.7369923722206 887, 457.2951511434933 897, 441.8314686492811 907, 426.345944889584 917, 410.8385798644019 927, 395.3093735737352 937, 379.7583260175836 947, 364.1854371959473 957, 348.5907071088261 967, 332.97413575622 977, 317.335723138129 987, 301.6754692545533 997, 285.9933741054926 1007, 270.2894376909471 1017, 254.5636600109171 1027, 238.816041065402 1037, 223.0465808544022 1047, 207.2552793779173 1057, 191.4421366359477 1067)"
    3: 1
    4: 1
    5: 1
  }
}
2 {
  1: 569
  2 {
    2: "LINESTRING (1579.001715265866 152, 1591.494112990228 162, 1604.082503512026 172, 1616.76688683126 182, 1629.547262947929 192, 1642.423631862033 202, 1655.395993573574 212, 1668.46434808255 222, 1681.628695388961 232, 1694.889035492808 242, 1708.245368394091 252, 1721.69769409281 262, 1735.246012588964 272, 1748.890323882554 282, 1762.630627973579 292, 1776.46692486204 302, 1790.399214547937 312, 1804.427497031269 322, 1818.551772312037 332, 1832.772040390241 342, 1847.08830126588 352, 1861.500554938955 362, 1876.008801409466 372, 1890.613040677412 382, 1905.313272742794 392)"
    3: 1
    4: 2
    5: 1
  }
  2 {
    2: "LINESTRING (852.5778820430507 639, 837.4976293369554 649, 822.4077607785474 659, 807.3082763678271 669, 792.1991761047943 679, 777.0804599894489 689, 761.9521280217909 699, 746.8141802018208 709, 731.666616529538 719, 716.5094370049428 729, 701.3426416280349 739, 686.1662303988148 749, 670.9802033172821 759, 655.7845603834369 769, 640.5793015972793 779, 625.364426958809 789, 610.1399364680265 799, 594.9058301249313 809, 579.6621079295237 819, 564.4087698818037 829, 549.1458159817712 839, 533.8732462294261 849, 518.5910606247687 859, 503.2992591677987 869, 487.997841858516 879, 472.6868086969212 889, 457.3661596830136 899, 442.0358948167936 909, 426.6960140982615 919, 411.3465175274164 929, 395.9874051042591 939, 380.6186768287894 949, 365.240332701007 959, 349.8523727209122 969, 334.4547968885047 979, 319.047605203785 989, 303.6307976667526 999, 288.2043742774081 1009, 272.7683350357509 1019, 257.3226799417812 1029, 241.8674089954989 1039, 226.4025221969043 1049, 210.9280195459971 1059, 195.4439010427773 1069)"
    3: 1
    4: 1
    5: 1
  }
  2 {
    1: 1
    2: "LINESTRING (882.6454971389452 648, 898.6342763250796 658, 914.703986213523 668, 930.8546268042755 678, 947.0861980973372 688, 963.3987000927079 698, 979.7921327903878 708, 996.2664961903768 718, 1012.821790292675 728, 1029.458015097282 738, 1046.175170604198 748, 1062.973256813424 758, 1079.852273724958 768, 1096.812221338802 778, 1113.853099654954 788, 1130.974908673416 798, 1148.177648394187 808, 1165.461318817267 818, 1182.825919942656 828, 1200.271451770354 838, 1217.797914300362 848, 1235.405307532678 858, 1253.093631467304 868, 1270.862886104238 878, 1288.713071443482 888, 1306.644187485035 898, 1324.656234228897 908, 1342.749211675068 918, 1360.923119823548 928, 1379.177958674337 938, 1397.513728227436 948, 1415.930428482843 958)"
    3: 1
    4: 1
    5: 1
  }
}
2 {
  1: 570
  2 {
    2: "LINESTRING (814.8040695735011 659, 800.7361901695109 669, 786.6278576846157 679, 772.4790721188156 689, 758.2898334721104 699, 744.0601417445004 709, 729.7899969359853 719, 715.4793990465654 729, 701.1283480762404 739, 686.7368440250106 749, 672.3048868928756 759, 657.8324766798358 769, 643.3196133858911 779, 628.7662970110414 789, 614.1725275552867 799, 599.5383050186269 809, 584.8636294010623 819, 570.1485007025929 829, 555.3929189232183 839, 540.5968840629391 849, 525.7603961217546 859, 510.8834550996653 869, 495.9660609966709 879, 481.0082138127716 889, 466.0099135479672 899, 450.971160202258 909, 435.8919537756437 919, 420.7722942681246 929, 405.6121816797006 939, 390.4116160103715 949, 375.1705972601376 959, 359.8891254289986 969, 344.5672005169547 979, 329.2048225240057 989, 313.8019914501517 999, 298.3587072953931 1009, 282.8749700597293 1019, 267.3507797431605 1029, 251.7861363456871 1039, 236.1810398673083 1049, 220.5354903080247 1059, 204.8494876678362 1069)"
    3: 1
    4: 1
    5: 1
  }
  2 {
    2: "LINESTRING (911.1964734089755 664, 926.6812286431691 674, 942.2910003964588 684, 958.0257886688445 694, 973.8855934603263 704, 989.8704147709042 714, 1005.980252600578 724, 1022.215106949348 734, 1038.574977817214 744, 1055.059865204176 754, 1071.669769110235 764, 1088.404689535389 774, 1105.264626479639 784, 1122.249579942986 794, 1139.359549925429 804, 1156.594536426967 814, 1173.954539447602 824, 1191.439558987333 834, 1209.04959504616 844, 1226.784647624082 854, 1244.644716721102 864, 1262.629802337217 874, 1280.739904472428 884)"
    3: 1
    4: 1
    5: 1
  }
}
2 {
  1: 571
  2 {
    2: "LINESTRING (297.615798319328 4, 294.2041776710687 14, 290.9145258103244 24, 287.7468427370951 34, 284.7011284513808 44, 281.7773829531815 54, 278.9756062424972 64, 276.295798319328 74, 273.7379591836737 84, 271.3020888355344 94, 268.9881872749102 104, 266.7962545018009 114, 264.7262905162067 124, 262.7782953181274 134, 260.9522689075632 144, 259.248211284514 154, 257.6661224489798 164, 256.2060024009605 174, 254.8678511404563 184, 253.6516686674671 194, 252.5574549819929 204, 251.5852100840337 214, 250.7349339735895 224, 250.0066266506603 234)"
    3: 2
    4: 1
    5: 1
  }
  2 {
    2: "LINESTRING (817.2035918349675 659, 803.2277902946151 669, 789.1853071537997 679, 775.0761424125213 689, 760.9002960707803 699, 746.6577681285763 709, 732.3485585859096 719, 717.9726674427798 729, 703.5300946991872 739, 689.0208403551317 749, 674.4449044106134 759, 659.8022868656321 769, 645.0929877201881 779, 630.3170069742811 789, 615.4743446279113 799, 600.5650006810785 809, 585.5889751337828 819, 570.5462679860244 829, 555.4368792378032 839, 540.2608088891188 849, 525.0180569399718 859, 509.7086233903617 869, 494.3325082402891 879, 478.8897114897532 889, 463.3802331387546 899, 447.8040731872932 909, 432.1612316353687 919, 416.4517084829818 929, 400.6755037301314 939, 384.8326173768187 949, 368.9230494230426 959, 352.946799868804 969, 336.9038687141024 979, 320.7942559589378 989, 304.6179616033105 999, 288.3749856472205 1009, 272.0653280906672 1019, 255.6889889336512 1029, 239.2459681761725 1039, 222.736265818231 1049, 206.1598818598261 1059, 189.5168163009587 1069)"
    3: 1
    4: 1
    5: 1
  }
  2 {
    2: "LINESTRING (918.1664373261149 666, 933.1936913892559 676, 948.4007307208922 686, 963.7875553210231 696, 979.3541651896492 706, 995.1005603267702 716, 1011.026740732386 726, 1027.132706406497 736, 1043.418457349102 746, 1059.883993560203 756, 1076.529315039799 766, 1093.35442178789 776, 1110.359313804475 786, 1127.543991089556 796, 1144.908453643131 806, 1162.452701465202 816, 1180.176734555767 826, 1198.080552914827 836, 1216.164156542382 846, 1234.427545438433 856, 1252.870719602978 866, 1271.493679036018 876, 1290.296423737553 886, 1309.278953707583 896, 1328.441268946108 906, 1347.783369453128 916, 1367.305255228642 926, 1387.006926272652 936, 1406.888382585157 946, 1426.949624166156 956, 1447.190651015651 966)"
    3: 1
    4: 1
    5: 1
  }
}
2 {
  1: 572
  2 {
    2: "LINESTRING (836.9013771969982 649, 822.6071126131416 659, 808.2853809908056 669, 793.9361823299903 679, 779.5595166306957 689, 765.1553838929218 699, 750.7237841166685 709, 736.2647173019361 719, 721.7781834487241 729, 707.2641825570329 739, 692.7227146268624 749, 678.1537796582124 759, 663.5573776510832 769, 648.9335086054748 779, 634.2821725213869 789, 619.60336939882 799, 604.8970992377733 809, 590.1633620382474 819, 575.4021578002423 829, 560.613486523758 839, 545.7973482087941 849, 530.953742855351 859, 516.0826704634287 869, 501.1841310330269 879, 486.2581245641459 889, 471.3046510567854 899, 456.3237105109456 909, 441.3153029266266 919, 426.2794283038281 929, 411.2160866425506 939, 396.1252779427937 949, 381.0070022045572 959, 365.8612594278416 969, 350.6880496126464 979, 335.487372758972 989, 320.2592288668184 999, 305.0036179361857 1009, 289.7205399670734 1019, 274.4099949594818 1029, 259.0719829134107 1039, 243.7065038288604 1049, 228.3135577058308 1059, 212.8931445443218 1069)"
    3: 1
    4: 1
    5: 1
  }
  2 {
    2: "LINESTRING (936.3097359652382 678, 952.8876127749969 688, 969.5221937294193 698, 986.2134788285055 708, 1002.961468072255 718, 1019.766161460669 728, 1036.627558993746 738, 1053.545660671488 748, 1070.520466493893 758, 1087.551976460961 768, 1104.640190572694 778, 1121.78510882909 788, 1138.98673123015 798, 1156.245057775874 808, 1173.560088466262 818, 1190.931823301313 828, 1208.360262281029 838, 1225.845405405407 848, 1243.38725267445 858, 1260.985804088157 868, 1278.641059646527 878, 1296.353019349561 888, 1314.121683197259 898, 1331.94705118962 908, 1349.829123326645 918, 1367.767899608335 928, 1385.763380034687 938, 1403.815564605704 948, 1421.924453321384 958, 1440.090046181729 968, 1458.312343186737 978, 1476.591344336408 988, 1494.927049630744 998, 1513.319459069743 1008, 1531.768572653406 1018)"
    3: 1
    4: 1
    5: 1
  }
}
2 {
  1: 573
  2 {
    2: "LINESTRING (819.5499486496104 661, 805.5735156621681 671, 791.5511177847308 681, 777.4827550172984 691, 763.3684273598708 701, 749.208134812448 711, 735.0018773750302 721, 720.7496550476172 731, 706.4514678302093 741, 692.1073157228061 751, 677.7171987254076 761, 663.2811168380142 771, 648.7990700606257 781, 634.271058393242 791, 619.6970818358631 801, 605.0771403884892 811, 590.4112340511201 821, 575.699362823756 831, 560.9415267063966 841, 546.137725699042 851, 531.2879598016925 861, 516.3922290143478 871, 501.4505333370082 881, 486.4628727696729 891, 471.429247312343 901, 456.3496569650179 911, 441.2241017276976 921, 426.0525816003822 931, 410.8350965830714 941, 395.5716466757658 951, 380.2622318784652 961, 364.9068521911693 971, 349.5055076138781 981, 334.0581981465918 991)"
    3: 1
    4: 1
    5: 1
  }
  2 {
    2: "LINESTRING (911.4973824347242 664, 928.1853765081613 674, 944.9166779540195 684, 961.6912867722993 694, 978.5092029630003 704, 995.3704265261227 714, 1012.274957461666 724, 1029.222795769631 734, 1046.213941450017 744, 1063.248394502825 754, 1080.326154928053 764, 1097.447222725704 774, 1114.611597895775 784, 1131.819280438268 794, 1149.070270353182 804, 1166.364567640517 814, 1183.702172300273 824, 1201.083084332451 834, 1218.50730373705 844, 1235.974830514071 854, 1253.485664663512 864, 1271.039806185375 874, 1288.63725507966 884, 1306.278011346365 894, 1323.962074985492 904, 1341.689445997041 914, 1359.46012438101 924, 1377.274110137401 934, 1395.131403266213 944, 1413.032003767446 954, 1430.975911641101 964, 1448.963126887177 974, 1466.993649505674 984, 1485.067479496593 994, 1503.184616859933 1004, 1521.345061595694 1014, 1539.548813703876 1024, 1557.79587318448 1034)"
    3: 1
    4: 1
    5: 1
  }
}
2 {
  1: 574
  2 {
    2: "LINESTRING (827.6443990913398 655, 814.1452378344636 665, 800.5869624151989 675, 786.9695728335455 685, 773.2930690895033 695, 759.5574511830727 705, 745.7627191142534 715, 731.9088728830454 725, 717.9959124894488 735, 704.0238379334635 745, 689.9926492150897 755, 675.902346334327 765, 661.752929291176 775, 647.5443980856362 785, 633.2767527177078 795, 618.9499931873906 805, 604.564119494685 815, 590.1191316395907 825, 575.6150296221075 835, 561.0518134422359 845, 546.4294830999759 855, 531.748038595327 865, 517.0074799282893 875, 502.2078070988632 885, 487.3490201070483 895, 472.4311189528448 905, 457.4541036362527 915, 442.4179741572721 925, 427.3227305159025 935, 412.1683727121447 945, 396.9549007459982 955, 381.6823146174629 965, 366.350614326539 975, 350.9597998732263 985, 335.5098712575252 995, 320.0008284794355 1005, 304.4326715389568 1015, 288.8054004360899 1025, 273.1190151708342 1035)"
    3: 1
    4: 1
    5: 1
  }
  2 {
    2: "LINESTRING (925.3904099159931 675, 942.0322780816699 685, 958.7563338565265 695, 975.5625772405625 705, 992.4510082337785 715, 1009.421626836174 725, 1026.474433047749 735, 1043.609426868504 745, 1060.826608298439 755, 1078.125977337553 765, 1095.507533985848 775, 1112.971278243321 785, 1130.517210109975 795, 1148.145329585808 805, 1165.855636670821 815, 1183.648131365013 825, 1201.522813668386 835, 1219.479683580938 845, 1237.518741102669 855, 1255.639986233581 865, 1273.843418973672 875, 1292.129039322942 885, 1310.496847281393 895, 1328.946842849023 905, 1347.479026025833 915, 1366.093396811822 925, 1384.789955206992 935, 1403.568701211341 945, 1422.429634824869 955, 1441.372756047577 965, 1460.398064879466 975, 1479.505561320533 985, 1498.695245370781 995, 1517.967117030208 1005, 1537.321176298815 1015)"
    3: 1
    4: 1
    5: 1
  }
}
2 {
  1: 575
  2 {
    2: "LINESTRING (849.9974083672707 644, 834.4529065048062 654, 818.9962246637911 664, 803.627362844225 674, 788.3463210461082 684, 773.1530992694406 694, 758.0476975142221 704, 743.0301157804527 714, 728.1003540681327 724, 713.2584123772617 734, 698.5042907078403 744, 683.8379890598676 754, 669.2595074333442 764, 654.7688458282701 774, 640.3660042446454 784, 626.0509826824696 794, 611.823781141743 804, 597.6843996224657 814, 583.6328381246374 824, 569.6690966482583 834, 555.7931751933288 844, 542.0050737598481 854, 528.3047923478168 864, 514.6923309572346 874, 501.1676895881014 884, 487.7308682404175 894, 474.3818669141831 904, 461.1206856093975 914, 447.9473243260613 924, 434.8617830641742 934, 421.8640618237364 944, 408.9541606047476 954, 396.1320794072083 964, 383.397818231118 974, 370.751377076477 984, 358.192755943285 994)"
    3: 1
    4: 1
    5: 1
  }
  2 {
    2: "LINESTRING (920.946307995089 670, 937.3569399247838 680, 953.8653524035927 690, 970.4715454315161 700, 987.1755190085539 710, 1003.977273134706 720, 1020.876807809972 730, 1037.874123034353 740, 1054.969218807848 750, 1072.162095130458 760, 1089.452752002182 770, 1106.84118942302 780, 1124.327407392973 790, 1141.91140591204 800, 1159.593184980221 810, 1177.372744597517 820, 1195.250084763927 830, 1213.225205479451 840, 1231.29810674409 850, 1249.468788557843 860, 1267.737250920711 870, 1286.103493832693 880, 1304.567517293789 890, 1323.129321304 900, 1341.788905863325 910, 1360.546270971764 920, 1379.401416629318 930, 1398.354342835986 940, 1417.405049591768 950, 1436.553536896665 960, 1455.799804750676 970, 1475.143853153802 980, 1494.585682106042 990, 1514.125291607396 1000, 1533.762681657864 1010, 1553.497852257447 1020)"
    3: 1
    4: 1
    5: 1
  }
  2 {
    2: "LINESTRING (1500.682352941167 839, 1535.312798965737 849, 1569.890239172594 859, 1604.414673561736 869, 1638.886102133165 879, 1673.30452488688 889, 1707.669941822881 899)"
    3: 1
    4: 2
    5: 1
  }
}
2 {
  1: 576
  2 {
    2: "LINESTRING (837.6318254045993 650, 822.1864531295914 660, 806.8002334541416 670, 791.4731663782497 680, 776.2052519019164 690, 760.9964900251409 700, 745.8468807479237 710, 730.7564240702648 720, 715.7251199921636 730, 700.7529685136205 740, 685.8399696346357 750, 670.9861233552092 760, 656.1914296753407 770, 641.4558885950303 780, 626.7795001142779 790, 612.162264233084 800, 597.6041809514479 810, 583.1052502693699 820, 568.6654721868501 830, 554.2848467038887 840, 539.963373820485 850, 525.7010535366396 860, 511.4978858523523 870, 497.3538707676232 880, 483.2690082824522 890, 469.2432983968392 900, 455.2767411107843 910, 441.3693364242879 920, 427.5210843373493 930, 413.7319848499687 940, 400.0020379621467 950, 386.3312436738825 960, 372.7196019851763 970, 359.1671128960284 980, 345.6737764064385 990, 332.2395925164071 1000, 318.8645612259334 1010, 305.5486825350181 1020, 292.2919564436609 1030, 279.0943829518617 1040)"
    3: 1
    4: 1
    5: 1
  }
  2 {
    2: "LINESTRING (931.904257257098 681, 949.2652163621118 691, 966.6767740286565 701, 984.1389302567326 711, 1001.65168504634 721, 1019.215038397478 731, 1036.828990310148 741, 1054.493540784348 751, 1072.20868982008 761, 1089.974437417343 771, 1107.790783576138 781, 1125.657728296463 791, 1143.575271578319 801, 1161.543413421707 811, 1179.562153826626 821, 1197.631492793076 831, 1215.751430321058 841, 1233.92196641057 851, 1252.143101061613 861, 1270.414834274188 871, 1288.737166048294 881, 1307.110096383931 891, 1325.533625281099 901, 1344.007752739798 911, 1362.532478760029 921, 1381.107803341791 931, 1399.733726485083 941, 1418.410248189908 951, 1437.137368456263 961, 1455.915087284149 971, 1474.743404673567 981, 1493.622320624515 991, 1512.551835136995 1001, 1531.531948211006 1011)"
    3: 1
    4: 1
    5: 1
  }
}
2 {
  1: 577
  2 {
    2: "LINESTRING (823.3881399584504 654, 810.2563633000366 664, 797.0260939886352 674, 783.6973320242462 684, 770.2700774068695 694, 756.744330136505 704, 743.120090213153 714, 729.3973576368134 724, 715.5761324074859 734, 701.656414525171 744, 687.6382039898684 754, 673.5215008015781 764, 659.3063049603002 774, 644.9926164660344 784, 630.5804353187813 794, 616.0697615185403 804, 601.4605950653116 814, 586.7529359590953 824, 571.9467841998916 834, 557.0421397877 844, 542.0390027225209 854, 526.9373730043538 864, 511.7372506331993 874, 496.4386356090572 884, 481.0415279319271 894)"
    3: 1
    4: 1
    5: 1
  }
  2 {
    2: "LINESTRING (959.970372225619 703, 983.5419554920413 713, 1006.562529926115 723, 1029.032095527842 733, 1050.950652297221 743, 1072.318200234254 753, 1093.134739338937 763, 1113.400269611274 773, 1133.114791051264 783, 1152.278303658905 793, 1170.890807434199 803, 1188.952302377147 813, 1206.462788487746 823, 1223.422265765998 833, 1239.830734211903 843, 1255.68819382546 853, 1270.994644606669 863, 1285.750086555531 873, 1299.954519672046 883, 1313.607943956213 893)"
    3: 1
    4: 1
    5: 1
  }
}
2 {
  1: 578
  2 {
    2: "LINESTRING (850.5465367965369 636, 837.0601138903027 646, 823.4807043061761 656, 809.8083080441571 666, 796.0429251042458 676, 782.1845554864423 686, 768.2331991907463 696, 754.188856217158 706, 740.0515265656774 716, 725.8212102363044 726, 711.497907229039 736, 697.0816175438814 746, 682.5723411808316 756, 667.9700781398892 766, 653.2748284210546 776, 638.4865920243277 786, 623.6053689497082 796, 608.6311591971967 806, 593.5639627667928 816, 578.4037796584963 826, 563.1506098723078 836, 547.8044534082268 846, 532.3653102662533 856, 516.8331804463878 866, 501.2080639486298 876, 485.4899607729794 886, 469.6788709194368 896)"
    3: 1
    4: 1
    5: 1
  }
  2 {
    2: "LINESTRING (922.2712935011069 677, 940.7088585676195 687, 959.5009356176555 697, 978.647524651215 707, 998.1486256682981 717, 1018.004238668905 727, 1038.214363653035 737, 1058.779000620689 747, 1079.698149571866 757, 1100.971810506567 767, 1122.599983424791 777, 1144.582668326539 787, 1166.91986521181 797, 1189.611574080605 807, 1212.657794932923 817, 1236.058527768765 827, 1259.813772588131 837, 1283.92352939102 847)"
    3: 1
    4: 1
    5: 1
  }
}
2 {
  1: 579
  2 {
    2: "LINESTRING (840.0411508580207 643, 826.3320764474148 653, 812.5838562769083 663, 798.7964903465013 673, 784.9699786561938 683, 771.1043212059858 693, 757.1995179958774 703, 743.2555690258685 713, 729.2724742959591 723, 715.2502338061493 733, 701.188847556439 743, 687.0883155468281 753, 672.9486377773167 763, 658.7698142479049 773, 644.5518449585927 783, 630.2947299093801 793, 615.9984691002667 803, 601.6630625312532 813, 587.2885102023388 823, 572.8748121135241 833, 558.421968264809 843, 543.9299786561935 853, 529.3988432876774 863, 514.8285621592609 873, 500.2191352709438 883)"
    3: 1
    4: 1
    5: 1
  }
  2 {
    2: "LINESTRING (730.1623168593412 658, 692.9175488127426 668, 653.9816755327047 678, 613.3546970192274 688, 571.0366132723109 698, 527.0274242919543 708, 481.327130078159 718, 433.9357306309245 728, 384.8532259502505 738)"
    3: 2
    4: 2
    5: 1
  }
  2 {
    2: "LINESTRING (913.6997885835085 668, 928.159608400674 678, 943.4922321014201 688, 959.6976596857475 698, 976.7758911536558 708, 994.7269265051451 718, 1013.550765740215 728, 1033.247408858866 738, 1053.816855861098 748, 1075.259106746912 758, 1097.574161516305 768, 1120.76202016928 778, 1144.822682705836 788, 1169.756149125973 798, 1195.562419429691 808, 1222.241493616989 818, 1249.793371687869 828, 1278.218053642329 838, 1307.515539480371 848, 1337.685829201993 858, 1368.728922807197 868)"
    3: 1
    4: 1
    5: 1
  }
}
2 {
  1: 580
  2 {
    2: "LINESTRING (874.8914142817464 636, 886.9482703654841 646, 899.7252700261078 656, 913.2224132636172 666, 927.4397000780127 676, 942.377130469294 686, 958.0347044374612 696, 974.412421982514 706, 991.510283104453 716, 1009.328287803278 726, 1027.866436078989 736, 1047.124727931586 746, 1067.103163361068 756, 1087.801742367437 766, 1109.220464950691 776, 1131.359331110831 786, 1154.218340847857 796, 1177.797494161769 806, 1202.096791052567 816, 1227.116231520251 826, 1252.855815564821 836, 1279.315543186277 846, 1306.495414384618 856, 1334.395429159846 866, 1363.015587511959 876, 1392.355889440958 886, 1422.416334946844 896, 1453.196924029615 906, 1484.697656689272 916)"
    3: 1
    4: 1
    5: 1
  }
  2 {
    1: 1
    2: "LINESTRING (874.1320002592696 635, 885.8045765537154 645, 898.2296165570674 655, 911.407120269326 665, 925.3370876904912 675, 940.0195188205631 685, 955.4544136595414 695, 971.6417722074261 705, 988.5815944642177 715, 1006.273880429916 725, 1024.71863010452 735, 1043.915843488031 745, 1063.865520580449 755, 1084.567661381773 765, 1106.022265892004 775, 1128.229334111141 785, 1151.188866039184 795, 1174.900861676135 805, 1199.365321021992 815, 1224.582244076755 825, 1250.551630840425 835, 1277.273481313001 845, 1304.747795494484 855, 1332.974573384874 865, 1361.95381498417 875, 1391.685520292373 885, 1422.169689309482 895, 1453.406322035498 905)"
    3: 1
    4: 1
    5: 1
  }
}
2 {
  1: 581
  2 {
    2: "LINESTRING (824.7843931486157 654, 810.2649894927783 664, 795.7808929738769 674, 781.3321035919121 684, 766.9186213468836 694, 752.5404462387914 704, 738.1975782676357 714, 723.8900174334162 724, 709.6177637361334 734, 695.3808171757867 744, 681.1791777523763 754, 667.0128454659023 764, 652.8818203163651 774, 638.7861023037638 784, 624.725691428099 794, 610.7005876893706 804, 596.7107910875786 814, 582.756301622723 824, 568.8371192948036 834, 554.9532441038207 844, 541.1046760497741 854, 527.291415132664 864, 513.5134613524901 874, 499.7708147092528 884, 486.0634752029516 894, 472.391442833587 904, 458.7547176011587 914, 445.1532995056668 924, 431.5871885471113 934, 418.0563847254921 944, 404.5608880408092 954, 391.1006984930627 964, 377.6758160822528 974, 364.286240808379 984, 350.9319726714416 994, 337.6130116714407 1004, 324.3293578083762 1014, 311.0810110822479 1024, 297.8679714930561 1034, 284.6902390408006 1044, 271.5478137254815 1054)"
    3: 1
    4: 1
    5: 1
  }
  2 {
    2: "LINESTRING (908.45865223055 666, 921.6634635352756 676, 935.5348420774419 686, 950.0727878570486 696, 965.2773008740966 706, 981.1483811285849 716, 997.6860286205142 726, 1014.890243349884 736, 1032.761025316695 746, 1051.298374520947 756, 1070.502290962639 766, 1090.372774641772 776, 1110.909825558346 786, 1132.113443712361 796, 1153.983629103816 806, 1176.520381732712 816, 1199.723701599049 826, 1223.593588702827 836, 1248.130043044045 846, 1273.333064622704 856, 1299.202653438805 866, 1325.738809492345 876, 1352.941532783327 886)"
    3: 1
    4: 1
    5: 1
  }
}
2 {
  1: 582
  2 {
    2: "LINESTRING (821.295109795686 654, 807.0662145840524 664, 792.8385527035406 674, 778.6121241541503 684, 764.3869289358819 694, 750.162967048735 704, 735.9402384927098 714, 721.7187432678065 724, 707.4984813740245 734, 693.2794528113648 744, 679.0616575798263 754, 664.8450956794097 764, 650.6297671101147 774, 636.4156718719414 784, 622.2028099648899 794, 607.9911813889598 804, 593.7807861441518 814, 579.5716242304652 824, 565.3636956479006 834, 551.1570003964573 844, 536.9515384761362 854, 522.7473098869364 864, 508.5443146288583 874, 494.3425527019019 884, 480.1420241060673 894, 465.9427288413544 904, 451.7446669077631 914, 437.5478383052937 924, 423.3522430339458 934, 409.1578810937197 944, 394.9647524846152 954, 380.7728572066324 964, 366.5821952597714 974, 352.392766644032 984, 338.2045713594143 994, 324.0176094059184 1004, 309.831880783544 1014, 295.6473854922915 1024, 281.4641235321606 1034, 267.2820949031513 1044, 253.1012996052639 1054, 238.9217376384981 1064, 224.7434090028539 1074)"
    3: 1
    4: 1
    5: 1
  }
  2 {
    2: "LINESTRING (908.1422998015673 668, 924.6393612553436 678, 941.2828748511324 688, 958.072840588934 698, 975.0092584687479 708, 992.0921284905749 718, 1009.321450654414 728, 1026.697224960266 738, 1044.219451408131 748, 1061.888129998008 758, 1079.703260729898 768, 1097.664843603801 778, 1115.772878619716 788, 1134.027365777644 798, 1152.428305077584 808, 1170.975696519537 818, 1189.669540103503 828, 1208.509835829481 838, 1227.496583697472 848, 1246.629783707476 858, 1265.909435859492 868, 1285.335540153521 878, 1304.908096589562 888, 1324.627105167616 898, 1344.492565887683 908)"
    3: 1
    4: 1
    5: 1
  }
}
2 {
  1: 583
  2 {
    2: "LINESTRING (811.6351507753674 659, 797.504055445982 669, 783.3651057557056 679, 769.2183017045384 689, 755.0636432924803 699, 740.9011305195311 709, 726.730763385691 719, 712.5525418909601 729, 698.3664660353381 739, 684.1725358188251 749, 669.9707512414213 759, 655.7611123031265 769, 641.5436190039409 779, 627.3182713438644 789, 613.0850693228967 799, 598.8440129410383 809, 584.5951021982887 819, 570.3383370946481 829, 556.0737176301168 839, 541.8012438046944 849, 527.5209156183812 859, 513.2327330711771 869, 498.9366961630819 879, 484.6328048940959 889, 470.3210592642188 899, 456.0014592734508 909, 441.6740049217919 919, 427.338696209242 929, 412.9955331358012 939, 398.6445157014696 949, 384.2856439062468 959, 369.9189177501332 969, 355.5443372331285 979, 341.161902355233 989, 326.7716131164466 999, 312.3734695167693 1009, 297.967471556201 1019, 283.5536192347417 1029, 269.1319125523914 1039, 254.7023515091503 1049, 240.264936105018 1059, 225.8196663399949 1069)"
    3: 1
    4: 1
    5: 1
  }
  2 {
    2: "LINESTRING (906.9961456664678 669, 924.0279948298585 679, 941.1739716043982 689, 958.4340759900869 699, 975.8083079869245 709, 993.2966675949111 719, 1010.899154814047 729, 1028.615769644331 739, 1046.446512085764 749, 1064.391382138347 759, 1082.450379802078 769, 1100.623505076958 779, 1118.910757962987 789, 1137.312138460165 799, 1155.827646568492 809, 1174.457282287968 819, 1193.201045618593 829, 1212.058936560367 839, 1231.03095511329 849, 1250.117101277361 859, 1269.317375052582 869, 1288.631776438951 879, 1308.06030543647 889, 1327.602962045137 899, 1347.259746264953 909, 1367.030658095919 919, 1386.915697538033 929, 1406.914864591296 939)"
    3: 1
    4: 1
    5: 1
  }
}
2 {
  1: 584
  2 {
    2: "LINESTRING (1087.016068376068 37, 1133.853065774804 47, 1179.534804905239 57, 1224.061285767372 67, 1267.432508361203 77, 1309.648472686733 87, 1350.709178743961 97, 1390.614626532887 107, 1429.364816053511 117, 1466.959747305833 127, 1503.399420289854 137, 1538.683835005573 147)"
    3: 1
    4: 1
    5: 1
  }
  2 {
    2: "LINESTRING (808.6213764443658 659, 794.6994696542861 669, 780.7551136968939 679, 766.7883085721894 689, 752.7990542801726 699, 738.7873508208434 709, 724.7531981942018 719, 710.6965964002478 729, 696.6175454389814 739, 682.5160453104027 749, 668.3920960145116 759, 654.2456975513082 769, 640.0768499207925 779, 625.8855531229642 789, 611.6718071578237 799, 597.4356120253706 809, 583.1769677256052 819, 568.8958742585276 829, 554.5923316241374 839, 540.2663398224352 849, 525.9178988534204 859, 511.5470087170931 869, 497.1536694134536 879, 482.7378809425015 889, 468.2996433042372 899, 453.8389564986605 909, 439.3558205257716 919, 424.8502353855702 929, 410.3222010780564 939, 395.7717176032302 949, 381.1987849610916 959, 366.6034031516408 969, 351.9855721748775 979, 337.3452920308018 989, 322.6825627194139 999, 307.9973842407135 1009, 293.2897565947007 1019, 278.5596797813755 1029, 263.807153800738 1039, 249.0321786527882 1049, 234.2347543375258 1059, 219.4148808549514 1069)"
    3: 1
    4: 1
    5: 1
  }
  2 {
    2: "LINESTRING (901.6621222228906 667, 919.5879633743626 677, 937.5198618493188 687, 955.457817647759 697, 973.4018307696837 707, 991.3519012150927 717, 1009.308028983986 727, 1027.270214076363 737, 1045.238456492224 747, 1063.21275623157 757, 1081.1931132944 767, 1099.179527680714 777, 1117.171999390512 787, 1135.170528423794 797, 1153.175114780561 807, 1171.185758460812 817, 1189.202459464547 827, 1207.225217791766 837, 1225.25403344247 847, 1243.288906416657 857, 1261.329836714329 867, 1279.376824335485 877, 1297.429869280125 887, 1315.48897154825 897, 1333.554131139859 907, 1351.625348054952 917, 1369.702622293529 927, 1387.78595385559 937)"
    3: 1
    4: 1
    5: 1
  }
}
2 {
  1: 585
  2 {
    2: "LINESTRING (1121.267441287366 46, 1171.246358954139 56, 1218.961963084354 66, 1264.414253678011 76, 1307.60323073511 86, 1348.52889425565 96, 1387.191244239632 106, 1423.590280687055 116, 1457.72600359792 126, 1489.598412972227 136, 1519.207508809975 146, 1546.553291111165 156, 1571.635759875797 166, 1594.45491510387 176, 1615.010756795385 186)"
    3: 1
    4: 1
    5: 1
  }
  2 {
    2: "LINESTRING (826.628702757917 644, 813.1580246114686 654, 799.647189618722 664, 786.0961977796769 674, 772.5050490943337 684, 758.873743562692 694, 745.202281184752 704, 731.4906619605138 714, 717.7388858899772 724, 703.9469529731421 734, 690.1148632100089 744, 676.2426166005773 754, 662.3302131448473 764, 648.3776528428191 774, 634.3849356944926 784, 620.3520616998677 794, 606.2790308589445 804, 592.1658431717228 814, 578.0124986382029 824, 563.8189972583848 834, 549.5853390322682 844, 535.3115239598533 854, 520.9975520411404 864, 506.6434232761289 874, 492.249137664819 884, 477.8146952072107 894, 463.3400959033042 904, 448.8253397530996 914, 434.2704267565964 924, 419.6753569137948 934, 405.0401302246951 944, 390.3647466892971 954, 375.6492063076007 964, 360.8935090796058 974, 346.0976550053128 984, 331.2616440847216 994, 316.3854763178317 1004, 301.4691517046435 1014, 286.5126702451573 1024, 271.5160319393729 1034, 256.4792367872897 1044, 241.4022847889082 1054, 226.2851759442285 1064, 211.1279102532508 1074)"
    3: 1
    4: 1
    5: 1
  }
  2 {
    2: "LINESTRING (911.0615496950868 670, 927.4102763992355 680, 943.932748065911 690, 960.6289646951132 700, 977.4989262868419 710, 994.5426328410972 720, 1011.760084357879 730, 1029.151280837188 740, 1046.716222279024 750, 1064.454908683386 760, 1082.367340050274 770, 1100.45351637969 780, 1118.713437671632 790, 1137.147103926101 800, 1155.754515143097 810, 1174.535671322619 820, 1193.490572464667 830, 1212.619218569243 840, 1231.921609636345 850, 1251.397745665974 860, 1271.047626658129 870, 1290.871252612811 880, 1310.86862353002 890, 1331.039739409756 900, 1351.384600252018 910, 1371.903206056807 920, 1392.595556824122 930, 1413.461652553964 940, 1434.501493246333 950)"
    3: 1
    4: 1
    5: 1
  }
}
3: "v0.1.2"

